0  0.1 0.194045 0.0677084
0  0.2 0.188793 0.091723
0  0.3 0.184074 0.107814
0  0.4 0.179707 0.119904
0  0.5 0.176276 0.129292
0  0.6 0.173039 0.13707
0  0.7 0.170353 0.143598
0  0.8 0.167233 0.149045
0  0.9 0.164815 0.153777
0  1 0.162672 0.15811
0  1.1 0.160193 0.161694
0  1.2 0.158349 0.165044
0  1.3 0.156508 0.167803
0  1.4 0.155159 0.170646
0  1.5 0.15325 0.172792
0  1.6 0.152759 0.175246
0  1.7 0.151372 0.177271
0  1.8 0.149963 0.179013
0  1.9 0.148525 0.180649
0  2 0.147428 0.182204
0  2.1 0.147114 0.184036
0  2.2 0.14593 0.185119
0  2.3 0.143806 0.185979
0  2.4 0.143128 0.187275
0  2.5 0.14222 0.188213
0  2.6 0.142075 0.189637
0  2.7 0.140918 0.190443
0  2.8 0.140125 0.191225
0  2.9 0.13952 0.192059
0  3 0.138695 0.192877
0  3.1 0.137886 0.193604
0  3.2 0.137383 0.194311
0  3.3 0.137202 0.195139
0  3.4 0.136188 0.195782
0  3.5 0.136545 0.196691
0  3.6 0.135128 0.196906
0  3.7 0.135437 0.197767
0  3.8 0.134777 0.198333
0  3.9 0.133608 0.198468
0  4 0.13374 0.19927
0  4.1 0.133398 0.199654
0  4.2 0.133211 0.200281
0  4.3 0.133016 0.200785
0  4.4 0.132313 0.201001
0  4.5 0.132254 0.201736
0  4.6 0.131194 0.201623
0  4.7 0.131894 0.202621
0  4.8 0.13105 0.202763
0  4.9 0.129663 0.202484
0  5 0.129895 0.203173

0.2  0.1 0.173095 0.061927
0.2  0.2 0.151782 0.0827272
0.2  0.3 0.136772 0.095291
0.2  0.4 0.126323 0.104326
0.2  0.5 0.119045 0.111111
0.2  0.6 0.113088 0.116572
0.2  0.7 0.108041 0.120804
0.2  0.8 0.104412 0.124357
0.2  0.9 0.101245 0.127671
0.2  1 0.0977867 0.130082
0.2  1.1 0.0945394 0.132
0.2  1.2 0.0930897 0.134426
0.2  1.3 0.0909073 0.135891
0.2  1.4 0.088902 0.137385
0.2  1.5 0.0878534 0.13911
0.2  1.6 0.0863701 0.14039
0.2  1.7 0.0848141 0.141472
0.2  1.8 0.083609 0.14219
0.2  1.9 0.0825385 0.143353
0.2  2 0.0820656 0.14451
0.2  2.1 0.0807868 0.145024
0.2  2.2 0.079562 0.145767
0.2  2.3 0.0788639 0.146512
0.2  2.4 0.0785203 0.147581
0.2  2.5 0.0769399 0.147282
0.2  2.6 0.07717 0.148707
0.2  2.7 0.0755585 0.148602
0.2  2.8 0.075602 0.149436
0.2  2.9 0.0744942 0.149492
0.2  3 0.0738245 0.149878
0.2  3.1 0.0736332 0.150493
0.2  3.2 0.0725816 0.150417
0.2  3.3 0.0724962 0.150905
0.2  3.4 0.0730149 0.152082
0.2  3.5 0.0719521 0.151951
0.2  3.6 0.0715418 0.152293
0.2  3.7 0.0711461 0.15255
0.2  3.8 0.0714435 0.153488
0.2  3.9 0.0707183 0.153422
0.2  4 0.0687166 0.152092
0.2  4.1 0.0700994 0.153836
0.2  4.2 0.0693005 0.15383
0.2  4.3 0.0687301 0.153768
0.2  4.4 0.0682655 0.153819
0.2  4.5 0.0691561 0.155068
0.2  4.6 0.0691103 0.155478
0.2  4.7 0.0676359 0.15451
0.2  4.8 0.0677216 0.155088
0.2  4.9 0.0672026 0.155049
0.2  5 0.0675375 0.155747

0.4  0.1 0.176558 0.0582602
0.4  0.2 0.152535 0.0780613
0.4  0.3 0.131979 0.0894296
0.4  0.4 0.115471 0.0965307
0.4  0.5 0.101527 0.100658
0.4  0.6 0.0908696 0.103244
0.4  0.7 0.0833122 0.105275
0.4  0.8 0.0754695 0.105942
0.4  0.9 0.0692028 0.105911
0.4  1 0.0646604 0.106473
0.4  1.1 0.0599803 0.105906
0.4  1.2 0.0567308 0.106118
0.4  1.3 0.0535446 0.105893
0.4  1.4 0.050419 0.105284
0.4  1.5 0.0483119 0.105225
0.4  1.6 0.0465011 0.104866
0.4  1.7 0.0443223 0.104369
0.4  1.8 0.0433431 0.105044
0.4  1.9 0.0405357 0.102864
0.4  2 0.0395075 0.102799
0.4  2.1 0.0377176 0.101874
0.4  2.2 0.036778 0.101516
0.4  2.3 0.0361546 0.101808
0.4  2.4 0.0349539 0.101034
0.4  2.5 0.0344685 0.10126
0.4  2.6 0.0322358 0.0991842
0.4  2.7 0.0323427 0.0997239
0.4  2.8 0.0313675 0.099075
0.4  2.9 0.0300023 0.0977885
0.4  3 0.0295496 0.0975664
0.4  3.1 0.0292418 0.0977301
0.4  3.2 0.0291901 0.0982503
0.4  3.3 0.0276727 0.0961999
0.4  3.4 0.0281474 0.0974947
0.4  3.5 0.0281158 0.0980365
0.4  3.6 0.0267176 0.0960702
0.4  3.7 0.0265977 0.0963297
0.4  3.8 0.0258636 0.0954813
0.4  3.9 0.0261894 0.0964753
0.4  4 0.0249402 0.0945957
0.4  4.1 0.0245023 0.0941383
0.4  4.2 0.0250274 0.0954396
0.4  4.3 0.0236166 0.0931586
0.4  4.4 0.023263 0.0927439
0.4  4.5 0.022893 0.0924224
0.4  4.6 0.0233749 0.0935734
0.4  4.7 0.0229505 0.0930703
0.4  4.8 0.0235873 0.0945277
0.4  4.9 0.0222929 0.0922049
0.4  5 0.0222566 0.0925529

0.6  0.1 0.179089 0.0551985
0.6  0.2 0.157282 0.0745683
0.6  0.3 0.136075 0.0859639
0.6  0.4 0.11729 0.0926076
0.6  0.5 0.100781 0.0961591
0.6  0.6 0.0869017 0.0971939
0.6  0.7 0.0752343 0.0972858
0.6  0.8 0.0651032 0.0959918
0.6  0.9 0.0567346 0.0942254
0.6  1 0.0495576 0.0920129
0.6  1.1 0.0434495 0.0893204
0.6  1.2 0.0379421 0.0860434
0.6  1.3 0.0334132 0.0832544
0.6  1.4 0.030202 0.0808642
0.6  1.5 0.0252268 0.0757677
0.6  1.6 0.022521 0.0730114
0.6  1.7 0.01981 0.0698075
0.6  1.8 0.0164483 0.0647266
0.6  1.9 0.0150675 0.062736
0.6  2 0.0131093 0.0595241
0.6  2.1 0.0110886 0.0554438
0.6  2.2 0.010388 0.0541723
0.6  2.3 0.00862799 0.0500083
0.6  2.4 0.00943996 0.052795
0.6  2.5 0.00760455 0.0477533
0.6  2.6 0.00706573 0.0465639
0.6  2.7 0.00666969 0.0457703
0.6  2.8 0.00588969 0.0429739
0.6  2.9 0.00636279 0.0450742
0.6  3 0.00513192 0.0406928
0.6  3.1 0.00481376 0.0398429
0.6  3.2 0.0051711 0.041484
0.6  3.3 0.00472642 0.0399261
0.6  3.4 0.00438907 0.0386367
0.6  3.5 0.00410794 0.0375787
0.6  3.6 0.00423132 0.0383405
0.6  3.7 0.00394916 0.0371648
0.6  3.8 0.00334903 0.0343288
0.6  3.9 0.0038399 0.037099
0.6  4 0.00351345 0.0354858
0.6  4.1 0.00347101 0.0355964
0.6  4.2 0.00281084 0.0321421
0.6  4.3 0.00280973 0.0322894
0.6  4.4 0.00303841 0.0336212
0.6  4.5 0.00265833 0.0312805
0.6  4.6 0.00292079 0.0331012
0.6  4.7 0.00299078 0.0335352
0.6  4.8 0.00285093 0.0327628
0.6  4.9 0.00256973 0.0313597
0.6  5 0.00315102 0.0349832

0.8  0.1 0.180979 0.0527552
0.8  0.2 0.161503 0.0717276
0.8  0.3 0.141552 0.0832626
0.8  0.4 0.122255 0.0900215
0.8  0.5 0.104864 0.0935853
0.8  0.6 0.0895985 0.0947518
0.8  0.7 0.075922 0.0944068
0.8  0.8 0.0639019 0.0922674
0.8  0.9 0.05339 0.0887711
0.8  1 0.0450247 0.0854848
0.8  1.1 0.0364589 0.0797403
0.8  1.2 0.0305719 0.0756438
0.8  1.3 0.0234313 0.0684032
0.8  1.4 0.0184101 0.0624292
0.8  1.5 0.0137545 0.0550503
0.8  1.6 0.0107838 0.0498776
0.8  1.7 0.0077923 0.0432363
0.8  1.8 0.00556003 0.0372492
0.8  1.9 0.00448972 0.0339162
0.8  2 0.00337696 0.0295327
0.8  2.1 0.00258711 0.0264671
0.8  2.2 0.00239593 0.0255749
0.8  2.3 0.00144482 0.0198527
0.8  2.4 0.00130668 0.019109
0.8  2.5 0.00118347 0.0186865
0.8  2.6 0.000930294 0.0166751
0.8  2.7 0.000820848 0.0156905
0.8  2.8 0.000647215 0.0140967
0.8  2.9 0.000598884 0.0134504
0.8  3 0.000536894 0.0129015
0.8  3.1 0.000429793 0.0116192
0.8  3.2 0.000336209 0.0101081
0.8  3.3 0.0004526 0.0118989
0.8  3.4 0.000364316 0.0107943
0.8  3.5 0.000300123 0.00996305
0.8  3.6 0.000303069 0.00982135
0.8  3.7 0.00035628 0.0109715
0.8  3.8 0.000197649 0.00803962
0.8  3.9 0.000297705 0.0101728
0.8  4 0.000286559 0.0100809
0.8  4.1 0.000227271 0.00885118
0.8  4.2 0.000169702 0.00773558
0.8  4.3 0.000267375 0.00994709
0.8  4.4 0.000202863 0.00848876
0.8  4.5 0.000212691 0.00848798
0.8  4.6 0.000249141 0.00951124
0.8  4.7 0.000199385 0.00854437
0.8  4.8 0.000134352 0.00693969
0.8  4.9 0.000212542 0.00886482
0.8  5 0.000187298 0.00830146

1  0.1 0.182727 0.0506734
1  0.2 0.164603 0.069164
1  0.3 0.146646 0.080785
1  0.4 0.128372 0.088101
1  0.5 0.110876 0.0924092
1  0.6 0.0952545 0.0939193
1  0.7 0.0802367 0.0934217
1  0.8 0.0680558 0.0916541
1  0.9 0.0568365 0.0884874
1  1 0.0454554 0.0829002
1  1.1 0.0362551 0.0774838
1  1.2 0.0284918 0.071174
1  1.3 0.0207027 0.0627139
1  1.4 0.0142357 0.0536474
1  1.5 0.00942477 0.0446556
1  1.6 0.00670469 0.0383739
1  1.7 0.00377121 0.0293539
1  1.8 0.00293477 0.0261649
1  1.9 0.00198976 0.0218278
1  2 0.00116387 0.0167931
1  2.1 0.000829326 0.0144676
1  2.2 0.000587901 0.0123574
1  2.3 0.000363502 0.00987767
1  2.4 0.000366505 0.00986515
1  2.5 0.000132368 0.00620349
1  2.6 0.000134507 0.00607405
1  2.7 0.000119362 0.00582498
1  2.8 5.48134e-05 0.00359749
1  2.9 4.70865e-05 0.00351921
1  3 8.12171e-05 0.00477365
1  3.1 4.58736e-05 0.00360217
1  3.2 6.57418e-05 0.00450106
1  3.3 8.4271e-05 0.00537918
1  3.4 2.90954e-05 0.00294887
1  3.5 1.40291e-05 0.00211917
1  3.6 4.23279e-05 0.00383967
1  3.7 3.94223e-05 0.00367682
1  3.8 2.47733e-05 0.00269532
1  3.9 4.71671e-05 0.00407484
1  4 3.39127e-05 0.00337831
1  4.1 1.23688e-05 0.00216922
1  4.2 6.52345e-08 3.22958e-05
1  4.3 3.82351e-05 0.00357048
1  4.4 2.73191e-05 0.00306062
1  4.5 3.10284e-05 0.00312463
1  4.6 1.96742e-05 0.00270669
1  4.7 2.91486e-05 0.00336588
1  4.8 2.58264e-05 0.00309548
1  4.9 3.08041e-05 0.00318659
1  5 3.05952e-05 0.00335899

1.2  0.1 0.183966 0.0489968
1.2  0.2 0.167204 0.0670051
1.2  0.3 0.150221 0.0786872
1.2  0.4 0.133823 0.0864878
1.2  0.5 0.11667 0.0908276
1.2  0.6 0.101584 0.0929918
1.2  0.7 0.0871937 0.0933936
1.2  0.8 0.0731936 0.091646
1.2  0.9 0.0618781 0.0890692
1.2  1 0.0498043 0.0843004
1.2  1.1 0.0395495 0.0782619
1.2  1.2 0.0306125 0.0715042
1.2  1.3 0.0226408 0.0638158
1.2  1.4 0.0152199 0.0538744
1.2  1.5 0.0094938 0.0434226
1.2  1.6 0.00580475 0.0348791
1.2  1.7 0.00338795 0.0269878
1.2  1.8 0.00183825 0.0200418
1.2  1.9 0.000997359 0.0148388
1.2  2 0.000937087 0.0148762
1.2  2.1 0.000362893 0.00945111
1.2  2.2 0.000188988 0.00662123
1.2  2.3 0.000112786 0.00534196
1.2  2.4 0.000103486 0.00520485
1.2  2.5 7.87774e-05 0.00452469
1.2  2.6 5.23505e-05 0.00382704
1.2  2.7 2.33075e-07 9.32155e-05
1.2  2.8 2.39987e-05 0.00229888
1.2  2.9 7.7133e-06 0.00119643
1.2  3 4.26819e-05 0.00332844
1.2  3.1 3.04306e-06 0.00103459
1.2  3.2 1.06068e-05 0.00195861
1.2  3.3 1.55408e-06 0.000510522
1.2  3.4 1.69037e-05 0.00237267
1.2  3.5 6.31667e-06 0.00156636
1.2  3.6 2.26519e-05 0.00254874
1.2  3.7 6.8195e-12 2.94991e-09
1.2  3.8 1.11386e-08 5.66308e-06
1.2  3.9 2.55176e-05 0.0028123
1.2  4 5.68052e-06 0.0012733
1.2  4.1 4.43628e-13 3.15944e-10
1.2  4.2 6.65265e-07 0.000280872
1.2  4.3 8.40167e-06 0.00172103
1.2  4.4 3.40557e-06 0.00120305
1.2  4.5 1.84084e-05 0.00266734
1.2  4.6 1.02127e-08 6.6074e-06
1.2  4.7 1.86538e-06 0.000635836
1.2  4.8 1.2358e-11 5.40297e-09
1.2  4.9 9.20616e-13 6.77654e-10
1.2  5 1.36221e-08 1.42984e-05

1.4  0.1 0.184879 0.0475999
1.4  0.2 0.169307 0.0651617
1.4  0.3 0.153714 0.076722
1.4  0.4 0.137863 0.0845984
1.4  0.5 0.122137 0.0895801
1.4  0.6 0.107257 0.0924207
1.4  0.7 0.0928514 0.0930839
1.4  0.8 0.0793879 0.0920854
1.4  0.9 0.0666058 0.0896559
1.4  1 0.0550909 0.0857682
1.4  1.1 0.044838 0.0810587
1.4  1.2 0.0343862 0.0737891
1.4  1.3 0.0251617 0.0654735
1.4  1.4 0.0178479 0.0569395
1.4  1.5 0.0118176 0.0475151
1.4  1.6 0.00659047 0.0361941
1.4  1.7 0.00350955 0.0270681
1.4  1.8 0.00220839 0.0219946
1.4  1.9 0.00120037 0.0162935
1.4  2 0.000581282 0.0113154
1.4  2.1 0.000466158 0.0104123
1.4  2.2 0.000187751 0.00671333
1.4  2.3 0.000100383 0.00509228
1.4  2.4 7.01271e-05 0.00406266
1.4  2.5 5.11021e-05 0.00340955
1.4  2.6 7.30172e-06 0.000931509
1.4  2.7 3.3184e-05 0.0029768
1.4  2.8 5.45152e-08 1.88245e-05
1.4  2.9 9.93655e-06 0.00159021
1.4  3 4.19768e-06 0.000810033
1.4  3.1 1.79379e-05 0.00218013
1.4  3.2 1.93333e-06 0.000713349
1.4  3.3 1.04312e-10 4.01576e-08
1.4  3.4 8.3097e-06 0.00154731
1.4  3.5 1.9392e-07 0.000136272
1.4  3.6 1.60782e-06 0.000441505
1.4  3.7 6.5676e-08 2.94482e-05
1.4  3.8 2.1689e-06 0.000627063
1.4  3.9 1.31877e-05 0.00196943
1.4  4 5.97418e-10 2.56748e-07
1.4  4.1 9.51508e-15 3.94332e-12
1.4  4.2 5.08719e-06 0.00124558
1.4  4.3 1.65761e-06 0.000714872
1.4  4.4 3.57287e-20 1.98349e-17
1.4  4.5 1.48348e-19 1.30184e-16
1.4  4.6 1.17184e-18 4.70566e-16
1.4  4.7 7.15626e-10 3.93057e-07
1.4  4.8 4.65382e-13 2.25665e-10
1.4  4.9 2.27065e-23 1.42784e-20
1.4  5 3.64867e-11 1.63812e-08

1.6  0.1 0.18534 0.0464446
1.6  0.2 0.170887 0.0636847
1.6  0.3 0.156144 0.0750383
1.6  0.4 0.141294 0.0828985
1.6  0.5 0.126687 0.0883612
1.6  0.6 0.112256 0.0914122
1.6  0.7 0.0983267 0.092798
1.6  0.8 0.0847823 0.092159
1.6  0.9 0.072635 0.0904788
1.6  1 0.0609719 0.0873524
1.6  1.1 0.0501588 0.0832298
1.6  1.2 0.0399058 0.0771162
1.6  1.3 0.0302725 0.0700046
1.6  1.4 0.0220719 0.061639
1.6  1.5 0.0148205 0.0523106
1.6  1.6 0.00931935 0.0422264
1.6  1.7 0.00530337 0.0325042
1.6  1.8 0.0029613 0.0246224
1.6  1.9 0.00144481 0.0173724
1.6  2 0.000805863 0.0130341
1.6  2.1 0.000388768 0.0090776
1.6  2.2 0.000206093 0.00679846
1.6  2.3 0.000157001 0.00640738
1.6  2.4 0.000101785 0.00484681
1.6  2.5 6.82956e-05 0.00408694
1.6  2.6 2.50457e-05 0.00236397
1.6  2.7 9.3566e-06 0.00145898
1.6  2.8 1.39138e-05 0.00203575
1.6  2.9 1.8722e-05 0.00189198
1.6  3 5.75367e-06 0.00120452
1.6  3.1 8.47618e-06 0.00142867
1.6  3.2 2.15819e-08 1.46377e-05
1.6  3.3 8.94605e-07 0.000242202
1.6  3.4 1.16788e-05 0.00172297
1.6  3.5 8.42057e-07 0.000454463
1.6  3.6 2.8224e-10 1.1207e-07
1.6  3.7 6.15772e-06 0.00147283
1.6  3.8 1.06487e-05 0.00190035
1.6  3.9 3.8717e-18 1.12608e-15
1.6  4 7.98329e-15 2.40025e-12
1.6  4.1 5.7436e-09 3.18453e-06
1.6  4.2 3.02536e-21 1.36206e-18
1.6  4.3 2.71329e-15 1.29697e-12
1.6  4.4 4.23188e-17 1.80884e-14
1.6  4.5 5.12098e-12 3.14706e-09
1.6  4.6 2.41941e-13 1.32886e-10
1.6  4.7 3.27993e-09 1.22198e-06
1.6  4.8 2.94317e-14 1.17019e-11
1.6  4.9 2.44844e-25 8.89098e-23
1.6  5 8.80302e-11 4.71425e-08

1.8  0.1 0.186194 0.0454757
1.8  0.2 0.172473 0.062234
1.8  0.3 0.158498 0.0736731
1.8  0.4 0.144965 0.0815242
1.8  0.5 0.130838 0.0872042
1.8  0.6 0.116782 0.0904958
1.8  0.7 0.10383 0.0923606
1.8  0.8 0.0903714 0.0924843
1.8  0.9 0.0786208 0.0914427
1.8  1 0.066892 0.0890137
1.8  1.1 0.0553973 0.0851667
1.8  1.2 0.0444149 0.0794045
1.8  1.3 0.0365402 0.0747825
1.8  1.4 0.0272032 0.0668063
1.8  1.5 0.0187392 0.0572808
1.8  1.6 0.0116825 0.0460805
1.8  1.7 0.00847542 0.0402948
1.8  1.8 0.00451577 0.0302929
1.8  1.9 0.00247178 0.0225213
1.8  2 0.00123821 0.0161074
1.8  2.1 0.000575206 0.0110091
1.8  2.2 0.000441955 0.0098427
1.8  2.3 0.000218405 0.00686991
1.8  2.4 4.30942e-05 0.00291375
1.8  2.5 3.2039e-05 0.00252196
1.8  2.6 3.90439e-05 0.00285521
1.8  2.7 2.24687e-05 0.00239452
1.8  2.8 2.69089e-05 0.00269702
1.8  2.9 9.46818e-06 0.00136231
1.8  3 1.66151e-05 0.0018961
1.8  3.1 1.24233e-05 0.00175879
1.8  3.2 9.04154e-08 3.79849e-05
1.8  3.3 8.60974e-06 0.00153992
1.8  3.4 1.609e-06 0.000492702
1.8  3.5 5.183e-06 0.00115972
1.8  3.6 5.26271e-08 2.82942e-05
1.8  3.7 3.67676e-17 1.86922e-14
1.8  3.8 9.36339e-15 3.89218e-12
1.8  3.9 1.46136e-14 6.47249e-12
1.8  4 1.90139e-08 1.24226e-05
1.8  4.1 2.75626e-13 1.4419e-10
1.8  4.2 7.86687e-09 5.10182e-06
1.8  4.3 1.16621e-13 4.07366e-11
1.8  4.4 1.62341e-07 6.32521e-05
1.8  4.5 2.43926e-13 1.62603e-10
1.8  4.6 8.49866e-10 6.88888e-07
1.8  4.7 2.75864e-24 7.37156e-22
1.8  4.8 2.15193e-23 1.12793e-20
1.8  4.9 1.07859e-21 4.5614e-19
1.8  5 7.86676e-22 3.98204e-19

2  0.1 0.186834 0.0446575
2  0.2 0.173641 0.061122
2  0.3 0.160475 0.0723515
2  0.4 0.147283 0.0804541
2  0.5 0.134254 0.0860607
2  0.6 0.121197 0.0896162
2  0.7 0.108441 0.0917383
2  0.8 0.0966427 0.0929789
2  0.9 0.0839551 0.0916791
2  1 0.072373 0.0900408
2  1.1 0.0617159 0.0869895
2  1.2 0.051936 0.0831773
2  1.3 0.042135 0.0778263
2  1.4 0.0331053 0.0716973
2  1.5 0.024363 0.0635543
2  1.6 0.0172394 0.054768
2  1.7 0.0106957 0.0441932
2  1.8 0.0067822 0.0360955
2  1.9 0.00365786 0.0268346
2  2 0.00208496 0.0206463
2  2.1 0.000986028 0.0141123
2  2.2 0.000544402 0.0109645
2  2.3 0.000300411 0.00800146
2  2.4 0.000115983 0.00498699
2  2.5 8.84535e-05 0.00421992
2  2.6 2.25181e-05 0.00232161
2  2.7 2.17975e-05 0.00245639
2  2.8 1.34633e-05 0.00179721
2  2.9 9.92439e-06 0.00148893
2  3 6.53369e-06 0.00120168
2  3.1 2.83604e-10 7.01248e-08
2  3.2 4.57186e-06 0.000951184
2  3.3 6.377e-06 0.00108822
2  3.4 2.70617e-08 9.63604e-06
2  3.5 7.053e-06 0.00145768
2  3.6 1.03007e-12 4.21012e-10
2  3.7 6.58779e-17 1.78646e-14
2  3.8 9.09395e-11 2.52647e-08
2  3.9 1.15558e-13 6.598e-11
2  4 1.8346e-14 8.39487e-12
2  4.1 5.37468e-17 1.65454e-14
2  4.2 1.90063e-15 6.79823e-13
2  4.3 5.03305e-18 2.32498e-15
2  4.4 9.01031e-08 4.16681e-05
2  4.5 3.05189e-17 1.46397e-14
2  4.6 4.77322e-16 1.55135e-13
2  4.7 5.46425e-23 1.70271e-20
2  4.8 2.15076e-20 1.16764e-17
2  4.9 6.89756e-22 4.50999e-19
2  5 1.61491e-23 4.83997e-21

2.2  0.1 0.187233 0.0438745
2.2  0.2 0.174549 0.0601525
2.2  0.3 0.161705 0.0711594
2.2  0.4 0.149603 0.0790301
2.2  0.5 0.136969 0.0848621
2.2  0.6 0.125186 0.0889593
2.2  0.7 0.112456 0.0913703
2.2  0.8 0.100605 0.0926015
2.2  0.9 0.0891212 0.0921722
2.2  1 0.0778349 0.0908911
2.2  1.1 0.0675498 0.088853
2.2  1.2 0.0569226 0.0849079
2.2  1.3 0.048675 0.0816523
2.2  1.4 0.0389039 0.0755162
2.2  1.5 0.03011 0.0688568
2.2  1.6 0.0237194 0.0629465
2.2  1.7 0.0147942 0.0511753
2.2  1.8 0.0104638 0.0438377
2.2  1.9 0.00625264 0.0345914
2.2  2 0.00328104 0.0252774
2.2  2.1 0.00142977 0.0166455
2.2  2.2 0.00108376 0.0148002
2.2  2.3 0.000538461 0.0106025
2.2  2.4 0.000274017 0.00761625
2.2  2.5 0.000165094 0.0058315
2.2  2.6 8.99178e-05 0.00452352
2.2  2.7 4.23641e-05 0.00311404
2.2  2.8 2.92159e-05 0.00255904
2.2  2.9 5.1006e-05 0.00351069
2.2  3 1.75931e-06 0.000465474
2.2  3.1 7.22465e-06 0.000988956
2.2  3.2 1.81125e-06 0.000437671
2.2  3.3 1.07373e-07 2.41879e-05
2.2  3.4 1.64231e-06 0.000576389
2.2  3.5 1.82791e-08 5.46956e-06
2.2  3.6 4.38985e-07 0.000182796
2.2  3.7 1.85311e-12 5.80749e-10
2.2  3.8 2.35597e-11 1.13398e-08
2.2  3.9 5.13062e-15 1.10527e-12
2.2  4 5.15921e-09 2.1669e-06
2.2  4.1 2.98919e-15 1.09278e-12
2.2  4.2 5.28838e-10 1.83034e-07
2.2  4.3 7.7892e-23 2.08396e-20
2.2  4.4 2.95919e-22 1.27617e-19
2.2  4.5 1.31255e-22 5.6826e-20
2.2  4.6 3.41099e-26 1.43339e-23
2.2  4.7 2.32537e-11 9.16846e-09
2.2  4.8 2.81178e-17 1.06382e-14
2.2  4.9 2.19018e-13 8.09205e-11
2.2  5 6.8052e-27 2.87516e-24

2.4  0.1 0.187852 0.043258
2.4  0.2 0.175402 0.0593158
2.4  0.3 0.163257 0.0701389
2.4  0.4 0.151314 0.0779918
2.4  0.5 0.139597 0.0837651
2.4  0.6 0.127511 0.0877887
2.4  0.7 0.116408 0.0906767
2.4  0.8 0.104755 0.092028
2.4  0.9 0.0939502 0.0924148
2.4  1 0.0834971 0.0916498
2.4  1.1 0.072984 0.0898569
2.4  1.2 0.062647 0.0874134
2.4  1.3 0.0537143 0.0835513
2.4  1.4 0.0438815 0.0784683
2.4  1.5 0.0362202 0.0734792
2.4  1.6 0.0278099 0.0665421
2.4  1.7 0.0217023 0.0602886
2.4  1.8 0.0139473 0.0494175
2.4  1.9 0.00949143 0.0417213
2.4  2 0.0054065 0.0318237
2.4  2.1 0.0034005 0.0253766
2.4  2.2 0.00161277 0.0179136
2.4  2.3 0.000971851 0.0138705
2.4  2.4 0.0005636 0.0109051
2.4  2.5 0.000315524 0.00793803
2.4  2.6 0.000119763 0.00487971
2.4  2.7 0.000113682 0.00494907
2.4  2.8 7.34141e-05 0.00387819
2.4  2.9 1.77555e-05 0.00181553
2.4  3 6.87204e-06 0.00119534
2.4  3.1 2.65247e-05 0.00262934
2.4  3.2 2.11829e-05 0.00241991
2.4  3.3 1.94541e-05 0.00199417
2.4  3.4 7.60983e-08 2.61284e-05
2.4  3.5 4.68194e-06 0.00106454
2.4  3.6 2.48379e-05 0.00259122
2.4  3.7 1.91045e-09 4.68463e-07
2.4  3.8 2.56759e-06 0.000790414
2.4  3.9 1.38601e-06 0.000413026
2.4  4 2.68066e-14 6.23918e-12
2.4  4.1 1.00759e-21 3.08625e-19
2.4  4.2 2.81068e-10 2.05689e-07
2.4  4.3 3.93385e-15 1.60633e-12
2.4  4.4 6.67101e-15 4.5823e-12
2.4  4.5 2.22898e-12 1.8389e-09
2.4  4.6 1.99605e-20 7.93495e-18
2.4  4.7 3.01935e-20 6.15429e-18
2.4  4.8 4.49695e-25 1.72673e-22
2.4  4.9 2.54073e-15 9.61616e-13
2.4  5 9.99731e-14 5.07379e-11

2.6  0.1 0.188145 0.0427063
2.6  0.2 0.176118 0.0584443
2.6  0.3 0.164347 0.0693683
2.6  0.4 0.15312 0.076962
2.6  0.5 0.141755 0.082843
2.6  0.6 0.13057 0.0873563
2.6  0.7 0.119183 0.0897416
2.6  0.8 0.108336 0.0913503
2.6  0.9 0.0979517 0.0922214
2.6  1 0.08815 0.0920706
2.6  1.1 0.0767899 0.0904394
2.6  1.2 0.0681919 0.0886907
2.6  1.3 0.0592286 0.0855884
2.6  1.4 0.0491165 0.0812166
2.6  1.5 0.041289 0.0768926
2.6  1.6 0.0322289 0.0700905
2.6  1.7 0.0264116 0.0652915
2.6  1.8 0.0187881 0.0563687
2.6  1.9 0.0125759 0.0472303
2.6  2 0.00858997 0.0395211
2.6  2.1 0.00554963 0.0326467
2.6  2.2 0.00286803 0.0234422
2.6  2.3 0.00194932 0.0196951
2.6  2.4 0.000896102 0.0136385
2.6  2.5 0.000466529 0.00954413
2.6  2.6 0.000315918 0.00819418
2.6  2.7 0.00012389 0.00490323
2.6  2.8 0.000124992 0.00501771
2.6  2.9 6.24659e-05 0.00362007
2.6  3 2.27226e-05 0.00197902
2.6  3.1 4.87623e-05 0.0032663
2.6  3.2 7.26481e-06 0.00106615
2.6  3.3 1.8379e-05 0.00203778
2.6  3.4 1.84403e-05 0.00221207
2.6  3.5 6.31076e-06 0.000908335
2.6  3.6 8.99699e-06 0.00140346
2.6  3.7 9.20138e-06 0.00133578
2.6  3.8 4.7084e-07 0.000229045
2.6  3.9 2.80082e-06 0.000842453
2.6  4 2.93328e-08 6.76095e-06
2.6  4.1 9.34345e-11 2.7742e-08
2.6  4.2 2.1539e-11 8.3644e-09
2.6  4.3 1.46256e-11 4.11515e-09
2.6  4.4 1.35397e-12 7.36912e-10
2.6  4.5 5.69338e-13 1.81493e-10
2.6  4.6 2.09447e-19 6.90421e-17
2.6  4.7 3.98718e-14 1.40295e-11
2.6  4.8 2.43339e-21 1.75435e-18
2.6  4.9 9.38151e-07 0.000383031
2.6  5 4.83929e-25 2.1042e-22

2.8  0.1 0.188273 0.042267
2.8  0.2 0.176773 0.0579421
2.8  0.3 0.165243 0.0684563
2.8  0.4 0.15442 0.0761376
2.8  0.5 0.143708 0.0819383
2.8  0.6 0.132663 0.0864753
2.8  0.7 0.121806 0.0894731
2.8  0.8 0.111554 0.0912907
2.8  0.9 0.101311 0.0921661
2.8  1 0.0912165 0.09181
2.8  1.1 0.0820251 0.0912997
2.8  1.2 0.0724514 0.0895846
2.8  1.3 0.0639333 0.0872029
2.8  1.4 0.0550483 0.0839678
2.8  1.5 0.0464573 0.07989
2.8  1.6 0.0383274 0.0747963
2.8  1.7 0.0302394 0.0684108
2.8  1.8 0.0236937 0.0619936
2.8  1.9 0.0166658 0.0531994
2.8  2 0.012201 0.0463645
2.8  2.1 0.00731958 0.0362614
2.8  2.2 0.00434933 0.0283587
2.8  2.3 0.00271611 0.0227909
2.8  2.4 0.00170727 0.0182269
2.8  2.5 0.00109063 0.014829
2.8  2.6 0.00067647 0.0116067
2.8  2.7 0.000318924 0.00815672
2.8  2.8 0.000220615 0.00678564
2.8  2.9 0.000125001 0.00550658
2.8  3 9.34366e-05 0.00448333
2.8  3.1 2.29235e-05 0.00238753
2.8  3.2 1.3924e-05 0.00161536
2.8  3.3 1.68439e-05 0.00161905
2.8  3.4 1.6368e-05 0.00176731
2.8  3.5 3.98538e-06 0.000625152
2.8  3.6 7.96621e-06 0.00139343
2.8  3.7 3.06084e-06 0.000779971
2.8  3.8 7.01778e-06 0.00112777
2.8  3.9 1.67687e-10 4.92706e-08
2.8  4 4.51279e-13 1.05103e-10
2.8  4.1 5.00928e-12 2.58567e-09
2.8  4.2 8.89631e-09 4.8066e-06
2.8  4.3 7.23153e-07 0.000272283
2.8  4.4 2.93165e-14 7.96924e-12
2.8  4.5 5.86116e-09 3.36715e-06
2.8  4.6 7.42373e-12 3.23361e-09
2.8  4.7 4.2874e-16 2.41815e-13
2.8  4.8 3.98151e-15 1.83892e-12
2.8  4.9 2.61063e-21 8.62076e-19
2.8  5 1.5251e-14 9.89518e-12

3  0.1 0.188473 0.0418898
3  0.2 0.177244 0.0573626
3  0.3 0.165952 0.0677373
3  0.4 0.155404 0.0756163
3  0.5 0.144785 0.0814217
3  0.6 0.134879 0.0856957
3  0.7 0.124538 0.0887879
3  0.8 0.114051 0.090691
3  0.9 0.10458 0.0919112
3  1 0.0950629 0.0920085
3  1.1 0.0863174 0.0917079
3  1.2 0.0765566 0.0902886
3  1.3 0.0676433 0.0882796
3  1.4 0.0597814 0.086007
3  1.5 0.0504983 0.0816391
3  1.6 0.0427953 0.0775324
3  1.7 0.0364047 0.0733988
3  1.8 0.0281933 0.0663594
3  1.9 0.0216046 0.0595263
3  2 0.0161701 0.0526568
3  2.1 0.0107453 0.0436161
3  2.2 0.00713676 0.035988
3  2.3 0.0048645 0.0300274
3  2.4 0.00254169 0.0220365
3  2.5 0.00154013 0.0170766
3  2.6 0.000814362 0.0124754
3  2.7 0.000720382 0.0120706
3  2.8 0.000397771 0.00898085
3  2.9 0.000163652 0.00571451
3  3 9.91141e-05 0.0044685
3  3.1 9.67069e-05 0.00442083
3  3.2 4.2708e-05 0.00322584
3  3.3 3.99627e-05 0.00246787
3  3.4 1.6543e-05 0.00172529
3  3.5 1.45602e-05 0.00208862
3  3.6 6.36565e-09 1.72884e-06
3  3.7 9.37308e-06 0.00126188
3  3.8 1.73231e-05 0.00197517
3  3.9 2.18375e-08 1.07249e-05
3  4 1.64382e-06 0.000342151
3  4.1 1.01104e-09 3.6874e-07
3  4.2 1.33889e-06 0.000450889
3  4.3 7.1379e-08 2.26891e-05
3  4.4 2.68119e-09 1.03254e-06
3  4.5 4.36573e-06 0.00115786
3  4.6 1.93001e-10 9.00077e-08
3  4.7 1.74074e-16 5.58105e-14
3  4.8 7.91112e-18 2.85453e-15
3  4.9 1.48891e-15 4.42102e-13
3  5 4.5605e-09 2.4145e-06

3.2  0.1 0.188606 0.0415444
3.2  0.2 0.177589 0.0569457
3.2  0.3 0.166788 0.0671655
3.2  0.4 0.156466 0.0748047
3.2  0.5 0.146186 0.0807833
3.2  0.6 0.136065 0.0850264
3.2  0.7 0.126311 0.0880699
3.2  0.8 0.117083 0.0905795
3.2  0.9 0.107261 0.0915403
3.2  1 0.0981459 0.0919469
3.2  1.1 0.0894447 0.0919349
3.2  1.2 0.0799125 0.0907679
3.2  1.3 0.0723771 0.0896657
3.2  1.4 0.0632289 0.0867599
3.2  1.5 0.0554952 0.0840126
3.2  1.6 0.0481502 0.0804741
3.2  1.7 0.0406391 0.0756961
3.2  1.8 0.0333774 0.0706456
3.2  1.9 0.0275945 0.0659233
3.2  2 0.021625 0.0596738
3.2  2.1 0.0150136 0.050806
3.2  2.2 0.0105577 0.0432053
3.2  2.3 0.00681018 0.0354133
3.2  2.4 0.00441684 0.0284124
3.2  2.5 0.00288668 0.0231644
3.2  2.6 0.00156448 0.0173152
3.2  2.7 0.0010045 0.0141557
3.2  2.8 0.000760892 0.0126687
3.2  2.9 0.000361814 0.00824926
3.2  3 0.000422274 0.00941234
3.2  3.1 0.000129313 0.00512176
3.2  3.2 8.85221e-05 0.00438159
3.2  3.3 0.000129493 0.00545666
3.2  3.4 4.21065e-05 0.00305303
3.2  3.5 2.38746e-05 0.00208078
3.2  3.6 1.24201e-05 0.00184831
3.2  3.7 4.27941e-05 0.00330803
3.2  3.8 8.56731e-06 0.0014614
3.2  3.9 1.61081e-09 3.9696e-07
3.2  4 4.92538e-06 0.00099926
3.2  4.1 1.10375e-07 2.70904e-05
3.2  4.2 8.34823e-06 0.00153791
3.2  4.3 4.8623e-06 0.00126469
3.2  4.4 4.27948e-10 1.9947e-07
3.2  4.5 1.0545e-08 3.61315e-06
3.2  4.6 8.77767e-06 0.00140511
3.2  4.7 1.67155e-12 5.54654e-10
3.2  4.8 1.91807e-10 7.24527e-08
3.2  4.9 3.93262e-12 1.5621e-09
3.2  5 9.31336e-12 2.69009e-09

3.4  0.1 0.188914 0.0413582
3.4  0.2 0.177892 0.0564703
3.4  0.3 0.16738 0.0667853
3.4  0.4 0.157647 0.0743518
3.4  0.5 0.147282 0.08012
3.4  0.6 0.137472 0.0843296
3.4  0.7 0.128307 0.0876617
3.4  0.8 0.119432 0.0900754
3.4  0.9 0.109784 0.0912656
3.4  1 0.100874 0.0918883
3.4  1.1 0.0923439 0.0919509
3.4  1.2 0.0833336 0.0913165
3.4  1.3 0.0760547 0.0904209
3.4  1.4 0.0671478 0.0879232
3.4  1.5 0.0605279 0.0858516
3.4  1.6 0.0522837 0.0823597
3.4  1.7 0.0446921 0.0781449
3.4  1.8 0.0377963 0.0742304
3.4  1.9 0.0310585 0.0686962
3.4  2 0.0256099 0.0634705
3.4  2.1 0.019419 0.056972
3.4  2.2 0.0135848 0.0482473
3.4  2.3 0.01019 0.0425255
3.4  2.4 0.00622045 0.0336374
3.4  2.5 0.00425115 0.0280048
3.4  2.6 0.00263098 0.0224128
3.4  2.7 0.00169595 0.018011
3.4  2.8 0.0010543 0.0142949
3.4  2.9 0.000532057 0.0101274
3.4  3 0.000426388 0.00960204
3.4  3.1 0.000183896 0.00588439
3.4  3.2 0.000145354 0.00556592
3.4  3.3 7.65895e-05 0.00403842
3.4  3.4 4.88539e-05 0.00298528
3.4  3.5 6.87364e-05 0.00371363
3.4  3.6 2.99268e-05 0.00247196
3.4  3.7 2.86643e-05 0.00221044
3.4  3.8 2.88096e-05 0.00263839
3.4  3.9 1.53271e-05 0.00201741
3.4  4 1.59675e-07 3.60089e-05
3.4  4.1 6.53727e-06 0.00111079
3.4  4.2 5.40715e-06 0.00114943
3.4  4.3 5.8662e-06 0.0015298
3.4  4.4 5.94017e-08 1.16485e-05
3.4  4.5 2.74174e-06 0.000716504
3.4  4.6 4.95466e-06 0.00123476
3.4  4.7 9.4504e-06 0.00141695
3.4  4.8 7.61784e-10 1.49367e-07
3.4  4.9 3.24696e-06 0.00085003
3.4  5 3.99459e-08 1.4508e-05

3.6  0.1 0.188972 0.0410397
3.6  0.2 0.178421 0.0562119
3.6  0.3 0.167888 0.0662847
3.6  0.4 0.157934 0.0737613
3.6  0.5 0.148835 0.0796603
3.6  0.6 0.138581 0.0836169
3.6  0.7 0.129563 0.0870604
3.6  0.8 0.120643 0.0893831
3.6  0.9 0.11163 0.0909566
3.6  1 0.103413 0.0917468
3.6  1.1 0.0948036 0.0917437
3.6  1.2 0.0868811 0.0916411
3.6  1.3 0.0789495 0.0903908
3.6  1.4 0.0710678 0.0888343
3.6  1.5 0.0629859 0.0866236
3.6  1.6 0.0556185 0.0836873
3.6  1.7 0.0495463 0.0813569
3.6  1.8 0.041604 0.076233
3.6  1.9 0.0356627 0.0723867
3.6  2 0.0293354 0.067107
3.6  2.1 0.0236348 0.0616354
3.6  2.2 0.0185312 0.0555529
3.6  2.3 0.0126498 0.0469024
3.6  2.4 0.00905402 0.0402407
3.6  2.5 0.00688781 0.0353692
3.6  2.6 0.00430824 0.0285355
3.6  2.7 0.00284997 0.0233261
3.6  2.8 0.00181506 0.0186916
3.6  2.9 0.00117715 0.0150802
3.6  3 0.000649235 0.0112487
3.6  3.1 0.00058131 0.0107225
3.6  3.2 0.000294846 0.00745116
3.6  3.3 0.000191356 0.00614735
3.6  3.4 0.000161242 0.00602196
3.6  3.5 8.10052e-05 0.00386908
3.6  3.6 5.71922e-05 0.00328098
3.6  3.7 1.11787e-05 0.00106497
3.6  3.8 2.83597e-05 0.00262802
3.6  3.9 2.44834e-05 0.0023684
3.6  4 2.1497e-05 0.00215198
3.6  4.1 3.64607e-06 0.000667815
3.6  4.2 7.17925e-06 0.0010688
3.6  4.3 2.93513e-05 0.00287208
3.6  4.4 2.38891e-09 4.17864e-07
3.6  4.5 7.20954e-06 0.00142927
3.6  4.6 1.15574e-06 0.000476062
3.6  4.7 9.27951e-07 0.000354921
3.6  4.8 4.10446e-06 0.000853112
3.6  4.9 2.83245e-10 1.48194e-07
3.6  5 1.21504e-08 2.26191e-06

3.8  0.1 0.189051 0.0408258
3.8  0.2 0.178521 0.0558702
3.8  0.3 0.168396 0.0658615
3.8  0.4 0.158607 0.0733716
3.8  0.5 0.148749 0.0791491
3.8  0.6 0.139415 0.0833082
3.8  0.7 0.131136 0.0866124
3.8  0.8 0.122235 0.0891405
3.8  0.9 0.113662 0.0905836
3.8  1 0.106033 0.0917908
3.8  1.1 0.0978568 0.0921579
3.8  1.2 0.0896577 0.0917646
3.8  1.3 0.0813041 0.0906215
3.8  1.4 0.0740203 0.0893856
3.8  1.5 0.0676958 0.0881538
3.8  1.6 0.0591784 0.0851532
3.8  1.7 0.0525244 0.082459
3.8  1.8 0.0462567 0.0793386
3.8  1.9 0.0391515 0.0747274
3.8  2 0.0332711 0.0703236
3.8  2.1 0.0276288 0.065476
3.8  2.2 0.0211921 0.0585967
3.8  2.3 0.0162113 0.0520956
3.8  2.4 0.0120608 0.0457871
3.8  2.5 0.00898329 0.0399191
3.8  2.6 0.00578742 0.0323442
3.8  2.7 0.00439889 0.0287521
3.8  2.8 0.00259 0.021578
3.8  2.9 0.00196013 0.0191535
3.8  3 0.00112889 0.0144979
3.8  3.1 0.00082447 0.0125088
3.8  3.2 0.000536256 0.0102577
3.8  3.3 0.00033647 0.00825328
3.8  3.4 0.000281717 0.00746155
3.8  3.5 0.000136547 0.0052466
3.8  3.6 0.000108492 0.00496842
3.8  3.7 5.77579e-05 0.00355851
3.8  3.8 1.92684e-05 0.00189244
3.8  3.9 3.76421e-05 0.00285955
3.8  4 1.39333e-05 0.00157142
3.8  4.1 3.53205e-05 0.00283807
3.8  4.2 2.26765e-05 0.00263534
3.8  4.3 9.71134e-11 1.15247e-08
3.8  4.4 4.42279e-06 0.000848181
3.8  4.5 4.20432e-07 0.000108869
3.8  4.6 5.31521e-06 0.0010621
3.8  4.7 1.01076e-06 0.000296941
3.8  4.8 1.05437e-06 0.000261894
3.8  4.9 9.53933e-06 0.00166916
3.8  5 1.0096e-06 0.00025818

4  0.1 0.18909 0.0407205
4  0.2 0.178637 0.0555389
4  0.3 0.168662 0.0656121
4  0.4 0.159381 0.073126
4  0.5 0.149787 0.0787189
4  0.6 0.140885 0.0831307
4  0.7 0.132309 0.0863126
4  0.8 0.123744 0.0886436
4  0.9 0.115454 0.0905385
4  1 0.10758 0.0915114
4  1.1 0.0994319 0.0919089
4  1.2 0.0914558 0.0918284
4  1.3 0.0842567 0.0910722
4  1.4 0.0769289 0.0897683
4  1.5 0.069392 0.0880695
4  1.6 0.0635494 0.0866779
4  1.7 0.0558948 0.0836232
4  1.8 0.049702 0.0808273
4  1.9 0.0423856 0.076901
4  2 0.0367451 0.0729623
4  2.1 0.0306735 0.0684243
4  2.2 0.0257846 0.0632521
4  2.3 0.0194456 0.0564005
4  2.4 0.0160987 0.0522209
4  2.5 0.0116323 0.0452643
4  2.6 0.0081313 0.0377586
4  2.7 0.00563845 0.0320002
4  2.8 0.00391756 0.0272097
4  2.9 0.00276522 0.0230677
4  3 0.00152316 0.0168327
4  3.1 0.00124516 0.0155103
4  3.2 0.000839236 0.0127961
4  3.3 0.000532658 0.0103928
4  3.4 0.000490842 0.010036
4  3.5 0.00029442 0.00800397
4  3.6 0.00013648 0.00508994
4  3.7 0.000100397 0.00438593
4  3.8 7.70416e-05 0.0042168
4  3.9 8.43428e-05 0.00423658
4  4 2.85445e-05 0.00244087
4  4.1 3.60859e-05 0.00271472
4  4.2 2.94246e-05 0.00272508
4  4.3 2.28355e-05 0.0023236
4  4.4 1.345e-05 0.00153739
4  4.5 1.48428e-05 0.00225305
4  4.6 4.9453e-07 0.000172435
4  4.7 5.49897e-06 0.00108056
4  4.8 2.08584e-08 4.10661e-06
4  4.9 3.51542e-08 9.3893e-06
4  5 3.3674e-07 8.69579e-05

4.2  0.1 0.189174 0.0404931
4.2  0.2 0.178843 0.0553386
4.2  0.3 0.169185 0.0653496
4.2  0.4 0.159458 0.0726639
4.2  0.5 0.150224 0.0782346
4.2  0.6 0.141026 0.0824955
4.2  0.7 0.132912 0.0857271
4.2  0.8 0.125017 0.0886147
4.2  0.9 0.117035 0.0900585
4.2  1 0.108851 0.0911829
4.2  1.1 0.10188 0.0921051
4.2  1.2 0.0940932 0.0919559
4.2  1.3 0.0870323 0.0915743
4.2  1.4 0.0798285 0.0904267
4.2  1.5 0.0728792 0.0893651
4.2  1.6 0.0661066 0.0875615
4.2  1.7 0.0591996 0.0849469
4.2  1.8 0.0527668 0.0823464
4.2  1.9 0.0471456 0.0798081
4.2  2 0.0409154 0.0756207
4.2  2.1 0.0340193 0.0707344
4.2  2.2 0.0284512 0.0659345
4.2  2.3 0.0231503 0.0607199
4.2  2.4 0.0190038 0.0560632
4.2  2.5 0.01433 0.0492708
4.2  2.6 0.0106379 0.0430173
4.2  2.7 0.00740305 0.0361785
4.2  2.8 0.00590448 0.0327678
4.2  2.9 0.00388747 0.0267118
4.2  3 0.00254224 0.0215033
4.2  3.1 0.00201848 0.0196826
4.2  3.2 0.00123807 0.0150277
4.2  3.3 0.000742012 0.0118018
4.2  3.4 0.000523099 0.00997752
4.2  3.5 0.000403885 0.00865723
4.2  3.6 0.00019428 0.00626789
4.2  3.7 0.000153107 0.00563601
4.2  3.8 0.000180508 0.00598
4.2  3.9 9.19763e-05 0.00415265
4.2  4 7.69099e-05 0.00426909
4.2  4.1 8.00286e-05 0.00425178
4.2  4.2 3.59618e-05 0.00259841
4.2  4.3 2.04622e-05 0.00197236
4.2  4.4 2.06114e-05 0.00230711
4.2  4.5 1.10944e-05 0.00140508
4.2  4.6 2.91018e-05 0.00213152
4.2  4.7 1.04045e-05 0.00126525
4.2  4.8 6.37864e-08 2.82516e-05
4.2  4.9 1.42634e-05 0.00181989
4.2  5 9.16332e-06 0.00172579

4.4  0.1 0.189303 0.040363
4.4  0.2 0.17914 0.0551367
4.4  0.3 0.168995 0.0650197
4.4  0.4 0.16003 0.0724491
4.4  0.5 0.151051 0.0780183
4.4  0.6 0.142291 0.0822994
4.4  0.7 0.133893 0.0854761
4.4  0.8 0.125898 0.0880581
4.4  0.9 0.118373 0.09001
4.4  1 0.110346 0.0908924
4.4  1.1 0.102895 0.0916867
4.4  1.2 0.0955719 0.0918421
4.4  1.3 0.0880906 0.0912334
4.4  1.4 0.0819066 0.0908039
4.4  1.5 0.075186 0.0893006
4.4  1.6 0.0686496 0.0879997
4.4  1.7 0.061761 0.0858393
4.4  1.8 0.0558559 0.0834716
4.4  1.9 0.050079 0.0809617
4.4  2 0.0436309 0.0773952
4.4  2.1 0.0384073 0.0740505
4.4  2.2 0.032238 0.0693604
4.4  2.3 0.0284234 0.0660945
4.4  2.4 0.0222449 0.0594899
4.4  2.5 0.0178981 0.0545469
4.4  2.6 0.0134573 0.0475791
4.4  2.7 0.0104464 0.042442
4.4  2.8 0.00708712 0.0355398
4.4  2.9 0.00538143 0.0310994
4.4  3 0.00377645 0.0262934
4.4  3.1 0.00295934 0.0231598
4.4  3.2 0.00176642 0.0178712
4.4  3.3 0.00116968 0.0146705
4.4  3.4 0.000773736 0.0120612
4.4  3.5 0.000647278 0.0114655
4.4  3.6 0.00044169 0.00903042
4.4  3.7 0.000236795 0.00651756
4.4  3.8 0.000206137 0.00617699
4.4  3.9 0.000140382 0.00515095
4.4  4 8.96783e-05 0.00415267
4.4  4.1 6.96804e-05 0.00331188
4.4  4.2 7.79226e-05 0.00403836
4.4  4.3 3.21519e-05 0.00227579
4.4  4.4 6.17615e-05 0.00377158
4.4  4.5 7.80331e-05 0.00435561
4.4  4.6 4.7518e-05 0.00345363
4.4  4.7 2.2239e-05 0.00220769
4.4  4.8 1.2922e-05 0.00161841
4.4  4.9 1.31535e-05 0.00169437
4.4  5 1.33823e-05 0.00180425

4.6  0.1 0.189399 0.0402479
4.6  0.2 0.179258 0.0549776
4.6  0.3 0.169245 0.064886
4.6  0.4 0.160309 0.0722044
4.6  0.5 0.151854 0.0779502
4.6  0.6 0.143047 0.0820906
4.6  0.7 0.135096 0.0854679
4.6  0.8 0.127006 0.0878733
4.6  0.9 0.118707 0.0893607
4.6  1 0.112111 0.0908848
4.6  1.1 0.104651 0.0916166
4.6  1.2 0.0974939 0.0918928
4.6  1.3 0.0905467 0.09158
4.6  1.4 0.0830437 0.0905953
4.6  1.5 0.0779367 0.0902231
4.6  1.6 0.070772 0.0885272
4.6  1.7 0.0640953 0.0862646
4.6  1.8 0.0586254 0.0845076
4.6  1.9 0.0531562 0.0823594
4.6  2 0.0463899 0.07883
4.6  2.1 0.0408454 0.0754222
4.6  2.2 0.0366524 0.0727473
4.6  2.3 0.0301159 0.0674295
4.6  2.4 0.0243091 0.0618235
4.6  2.5 0.019918 0.0565495
4.6  2.6 0.0168002 0.0527099
4.6  2.7 0.0120912 0.0450125
4.6  2.8 0.00993803 0.0418447
4.6  2.9 0.00656059 0.0342083
4.6  3 0.00498993 0.0298724
4.6  3.1 0.00387214 0.0268216
4.6  3.2 0.00263235 0.0219727
4.6  3.3 0.00192095 0.0186697
4.6  3.4 0.00153873 0.0173037
4.6  3.5 0.000880256 0.0129161
4.6  3.6 0.000763053 0.012492
4.6  3.7 0.000457383 0.00918608
4.6  3.8 0.000468492 0.00992739
4.6  3.9 0.000325158 0.00820295
4.6  4 0.000142846 0.00528439
4.6  4.1 0.000158319 0.00556498
4.6  4.2 4.48368e-05 0.00262869
4.6  4.3 7.04199e-05 0.00404123
4.6  4.4 6.78569e-05 0.00402948
4.6  4.5 3.17482e-05 0.00228795
4.6  4.6 9.39743e-06 0.00115148
4.6  4.7 7.46387e-06 0.00132638
4.6  4.8 2.29812e-05 0.00234999
4.6  4.9 3.12635e-05 0.0025069
4.6  5 3.78339e-07 0.000165408

4.8  0.1 0.189354 0.0401557
4.8  0.2 0.179296 0.0547644
4.8  0.3 0.169691 0.064767
4.8  0.4 0.160897 0.0720185
4.8  0.5 0.151735 0.077374
4.8  0.6 0.143592 0.081736
4.8  0.7 0.135919 0.08491
4.8  0.8 0.127666 0.0873785
4.8  0.9 0.120363 0.0895099
4.8  1 0.113356 0.0908363
4.8  1.1 0.105781 0.091274
4.8  1.2 0.0988131 0.0917247
4.8  1.3 0.0926801 0.0920758
4.8  1.4 0.0860691 0.0912204
4.8  1.5 0.0791627 0.0902409
4.8  1.6 0.0728879 0.0887264
4.8  1.7 0.0667472 0.0875351
4.8  1.8 0.0602731 0.0847829
4.8  1.9 0.0546216 0.0824507
4.8  2 0.0494243 0.0804445
4.8  2.1 0.0437902 0.0770711
4.8  2.2 0.0378183 0.0734199
4.8  2.3 0.0342177 0.0709359
4.8  2.4 0.028995 0.0663707
4.8  2.5 0.0236433 0.0609625
4.8  2.6 0.0190651 0.055406
4.8  2.7 0.016161 0.0517006
4.8  2.8 0.0115295 0.0438886
4.8  2.9 0.00890437 0.0395984
4.8  3 0.00664798 0.0342581
4.8  3.1 0.0057401 0.0320762
4.8  3.2 0.0033594 0.024816
4.8  3.3 0.00224926 0.0198986
4.8  3.4 0.00190981 0.0189176
4.8  3.5 0.00124612 0.0152128
4.8  3.6 0.00117613 0.01519
4.8  3.7 0.000759711 0.0120236
4.8  3.8 0.00053875 0.01009
4.8  3.9 0.000349272 0.00813823
4.8  4 0.000171274 0.00564298
4.8  4.1 0.000184446 0.00612335
4.8  4.2 0.000118025 0.00476167
4.8  4.3 6.98517e-05 0.00380889
4.8  4.4 6.50941e-05 0.00344994
4.8  4.5 7.45088e-05 0.00389507
4.8  4.6 2.42031e-05 0.00214828
4.8  4.7 7.51253e-05 0.0040431
4.8  4.8 2.0025e-05 0.00204452
4.8  4.9 9.64087e-06 0.0014033
4.8  5 3.54791e-05 0.00316291

5  0.1 0.189508 0.040083
5  0.2 0.179376 0.0547264
5  0.3 0.169936 0.0644881
5  0.4 0.161075 0.0717925
5  0.5 0.152398 0.0773446
5  0.6 0.143894 0.0813826
5  0.7 0.136302 0.0846957
5  0.8 0.128361 0.0871317
5  0.9 0.121001 0.0893086
5  1 0.114305 0.0905738
5  1.1 0.10712 0.091484
5  1.2 0.1004 0.0916059
5  1.3 0.0936476 0.0915491
5  1.4 0.0871864 0.0912089
5  1.5 0.0812444 0.0905643
5  1.6 0.0744915 0.0890426
5  1.7 0.0686538 0.0874471
5  1.8 0.0637906 0.0865017
5  1.9 0.0581057 0.0842519
5  2 0.0517625 0.0813244
5  2.1 0.045907 0.0780421
5  2.2 0.041083 0.0754809
5  2.3 0.0352147 0.0714833
5  2.4 0.0309386 0.0682957
5  2.5 0.0264136 0.0636388
5  2.6 0.0225112 0.0598139
5  2.7 0.0177898 0.0539369
5  2.8 0.0140489 0.048531
5  2.9 0.0113863 0.0442093
5  3 0.00897281 0.0395323
5  3.1 0.00692643 0.035135
5  3.2 0.00505529 0.0303566
5  3.3 0.0041124 0.0274056
5  3.4 0.00272525 0.0223537
5  3.5 0.0019582 0.0194404
5  3.6 0.00129863 0.0156358
5  3.7 0.000907416 0.0127029
5  3.8 0.000952398 0.0138695
5  3.9 0.000509262 0.00965709
5  4 0.000583312 0.0109536
5  4.1 0.000248176 0.0070501
5  4.2 0.000185521 0.0061241
5  4.3 9.82798e-05 0.00450163
5  4.4 9.11952e-05 0.00379129
5  4.5 0.000112518 0.00462519
5  4.6 4.98834e-05 0.00327007
5  4.7 9.6762e-05 0.00436921
5  4.8 2.84258e-05 0.00244229
5  4.9 1.06153e-05 0.00120143
5  5 1.39068e-05 0.00167831

5.2  0.1 0.189616 0.0399524
5.2  0.2 0.179376 0.0545138
5.2  0.3 0.169696 0.0642999
5.2  0.4 0.161031 0.0716395
5.2  0.5 0.152233 0.076979
5.2  0.6 0.144528 0.08128
5.2  0.7 0.136374 0.0846677
5.2  0.8 0.129263 0.0870353
5.2  0.9 0.122028 0.0890879
5.2  1 0.114398 0.0902415
5.2  1.1 0.10818 0.0911356
5.2  1.2 0.101889 0.0916362
5.2  1.3 0.0953288 0.0916384
5.2  1.4 0.0897191 0.0917369
5.2  1.5 0.0829847 0.0907789
5.2  1.6 0.0767545 0.0893071
5.2  1.7 0.0715905 0.0885956
5.2  1.8 0.0656651 0.086916
5.2  1.9 0.0597154 0.0846235
5.2  2 0.0546977 0.0828207
5.2  2.1 0.0493794 0.0802203
5.2  2.2 0.0441175 0.0772246
5.2  2.3 0.0381772 0.0733729
5.2  2.4 0.0356831 0.0718682
5.2  2.5 0.0294535 0.0666105
5.2  2.6 0.0242411 0.0612173
5.2  2.7 0.0206152 0.0573959
5.2  2.8 0.0179808 0.0544828
5.2  2.9 0.013684 0.0480451
5.2  3 0.0112383 0.0440121
5.2  3.1 0.00845757 0.0381944
5.2  3.2 0.00639939 0.03374
5.2  3.3 0.00488854 0.0293413
5.2  3.4 0.00352394 0.025316
5.2  3.5 0.00259832 0.0214873
5.2  3.6 0.001961 0.0189369
5.2  3.7 0.00149668 0.0167163
5.2  3.8 0.00108805 0.0142763
5.2  3.9 0.000681238 0.0113094
5.2  4 0.000517855 0.0100749
5.2  4.1 0.000261205 0.00696443
5.2  4.2 0.000322818 0.00801469
5.2  4.3 0.00030611 0.00796111
5.2  4.4 0.000190497 0.00652069
5.2  4.5 0.000209253 0.00680308
5.2  4.6 0.000114398 0.00510594
5.2  4.7 7.63553e-05 0.00372476
5.2  4.8 7.81425e-05 0.00406949
5.2  4.9 7.32399e-05 0.00410856
5.2  5 2.84575e-05 0.00231323

5.4  0.1 0.189594 0.0398977
5.4  0.2 0.179618 0.0544969
5.4  0.3 0.170205 0.0642968
5.4  0.4 0.161465 0.0714365
5.4  0.5 0.152897 0.0770097
5.4  0.6 0.144701 0.0810765
5.4  0.7 0.137223 0.0843193
5.4  0.8 0.130024 0.0870317
5.4  0.9 0.12229 0.0887361
5.4  1 0.115848 0.0901373
5.4  1.1 0.10947 0.0912074
5.4  1.2 0.102986 0.0916581
5.4  1.3 0.0958977 0.0914259
5.4  1.4 0.09046 0.0913322
5.4  1.5 0.083891 0.0908309
5.4  1.6 0.078305 0.0896935
5.4  1.7 0.0730557 0.0888495
5.4  1.8 0.0675356 0.0874835
5.4  1.9 0.0613689 0.0853841
5.4  2 0.0572015 0.0841289
5.4  2.1 0.0524544 0.0815925
5.4  2.2 0.0460524 0.0783243
5.4  2.3 0.0419756 0.0760637
5.4  2.4 0.0372451 0.0730786
5.4  2.5 0.0323066 0.0691821
5.4  2.6 0.0269936 0.0641801
5.4  2.7 0.0239935 0.0613998
5.4  2.8 0.0195382 0.0559545
5.4  2.9 0.0158471 0.0512358
5.4  3 0.0126131 0.0460565
5.4  3.1 0.0105763 0.0424927
5.4  3.2 0.0072746 0.0358654
5.4  3.3 0.00637445 0.0337976
5.4  3.4 0.00458758 0.0286958
5.4  3.5 0.00331901 0.0244506
5.4  3.6 0.00301507 0.0233772
5.4  3.7 0.00224635 0.0204953
5.4  3.8 0.00157123 0.0170634
5.4  3.9 0.000855594 0.0124051
5.4  4 0.000890689 0.0129416
5.4  4.1 0.000542534 0.0101626
5.4  4.2 0.000686598 0.0113291
5.4  4.3 0.000393838 0.00865838
5.4  4.4 0.00025757 0.00708345
5.4  4.5 0.000233729 0.00703567
5.4  4.6 0.000206277 0.00653722
5.4  4.7 0.000127013 0.00482871
5.4  4.8 6.63426e-05 0.00390174
5.4  4.9 0.000128206 0.00504222
5.4  5 9.16452e-05 0.00418048

5.6  0.1 0.189606 0.0398785
5.6  0.2 0.179454 0.0543374
5.6  0.3 0.170385 0.0641059
5.6  0.4 0.161607 0.0713194
5.6  0.5 0.153096 0.0767117
5.6  0.6 0.145523 0.0811733
5.6  0.7 0.137322 0.0842737
5.6  0.8 0.130319 0.0868597
5.6  0.9 0.123119 0.0886939
5.6  1 0.116222 0.0899149
5.6  1.1 0.109688 0.0907188
5.6  1.2 0.103857 0.09148
5.6  1.3 0.0977966 0.0915352
5.6  1.4 0.0917907 0.0917622
5.6  1.5 0.0860731 0.0911132
5.6  1.6 0.0799107 0.0896908
5.6  1.7 0.0748908 0.0892453
5.6  1.8 0.0699175 0.0881724
5.6  1.9 0.0639055 0.0863751
5.6  2 0.0595293 0.0846761
5.6  2.1 0.0539347 0.0822861
5.6  2.2 0.0482775 0.079746
5.6  2.3 0.0435502 0.0766064
5.6  2.4 0.0394981 0.074322
5.6  2.5 0.0341516 0.0699439
5.6  2.6 0.0300824 0.0666482
5.6  2.7 0.0265926 0.0639044
5.6  2.8 0.0219198 0.059105
5.6  2.9 0.0190223 0.0552859
5.6  3 0.0146739 0.0491897
5.6  3.1 0.0122127 0.0449913
5.6  3.2 0.00997543 0.0413746
5.6  3.3 0.00686199 0.0345557
5.6  3.4 0.00579449 0.0319381
5.6  3.5 0.00462241 0.0286072
5.6  3.6 0.00369461 0.0259887
5.6  3.7 0.00300082 0.0238348
5.6  3.8 0.00182877 0.0186786
5.6  3.9 0.00112127 0.0143091
5.6  4 0.000910607 0.0130542
5.6  4.1 0.000951273 0.0136224
5.6  4.2 0.000683732 0.0115499
5.6  4.3 0.000610603 0.0107211
5.6  4.4 0.000377252 0.00865006
5.6  4.5 0.000223024 0.00630175
5.6  4.6 0.000287866 0.00742138
5.6  4.7 0.000239698 0.00696583
5.6  4.8 0.000129381 0.0047534
5.6  4.9 0.000123945 0.0048369
5.6  5 0.000120804 0.00470573

5.8  0.1 0.189649 0.0398062
5.8  0.2 0.17972 0.0543664
5.8  0.3 0.170299 0.0640649
5.8  0.4 0.161355 0.071142
5.8  0.5 0.153324 0.076533
5.8  0.6 0.145715 0.080788
5.8  0.7 0.137437 0.083887
5.8  0.8 0.130999 0.0867928
5.8  0.9 0.124192 0.0886073
5.8  1 0.117317 0.0899529
5.8  1.1 0.111081 0.0909017
5.8  1.2 0.104765 0.0914737
5.8  1.3 0.0985995 0.091652
5.8  1.4 0.0926996 0.0914016
5.8  1.5 0.086984 0.0911303
5.8  1.6 0.0814105 0.0901108
5.8  1.7 0.0750821 0.089051
5.8  1.8 0.0705625 0.0878566
5.8  1.9 0.0665632 0.087394
5.8  2 0.0615075 0.0856494
5.8  2.1 0.0548131 0.0823912
5.8  2.2 0.0501891 0.0804433
5.8  2.3 0.0459522 0.07819
5.8  2.4 0.0408633 0.0751629
5.8  2.5 0.0369028 0.0725745
5.8  2.6 0.0324754 0.0688743
5.8  2.7 0.0281875 0.0652365
5.8  2.8 0.0245773 0.0619319
5.8  2.9 0.0213238 0.0579549
5.8  3 0.0175143 0.0532352
5.8  3.1 0.0139455 0.0483836
5.8  3.2 0.0117925 0.0449118
5.8  3.3 0.00914414 0.0398224
5.8  3.4 0.00726771 0.0357993
5.8  3.5 0.00481897 0.0289541
5.8  3.6 0.00433907 0.0279142
5.8  3.7 0.0038851 0.0270226
5.8  3.8 0.00218872 0.0200802
5.8  3.9 0.00162721 0.0170777
5.8  4 0.00149007 0.0165703
5.8  4.1 0.000771104 0.0119269
5.8  4.2 0.000796665 0.0123862
5.8  4.3 0.000700603 0.0116031
5.8  4.4 0.00055628 0.0102768
5.8  4.5 0.000257821 0.00636908
5.8  4.6 0.000443039 0.009649
5.8  4.7 0.000236028 0.00687865
5.8  4.8 0.00020994 0.00621912
5.8  4.9 9.90582e-05 0.00428495
5.8  5 8.50883e-05 0.00417205

6  0.1 0.189621 0.0397244
6  0.2 0.179665 0.0542802
6  0.3 0.170681 0.0639595
6  0.4 0.162003 0.0711887
6  0.5 0.153705 0.07644
6  0.6 0.145459 0.0807014
6  0.7 0.138543 0.0839686
6  0.8 0.131153 0.0864959
6  0.9 0.124386 0.0883105
6  1 0.117484 0.0895727
6  1.1 0.110923 0.0905451
6  1.2 0.105247 0.0911184
6  1.3 0.0997988 0.0917487
6  1.4 0.0943026 0.0915231
6  1.5 0.088341 0.0912585
6  1.6 0.0826993 0.090531
6  1.7 0.0771922 0.0893772
6  1.8 0.0718101 0.0883066
6  1.9 0.0675683 0.0873903
6  2 0.0613829 0.0849355
6  2.1 0.0574234 0.0839518
6  2.2 0.0519849 0.0808244
6  2.3 0.0478243 0.0787578
6  2.4 0.0450466 0.0779659
6  2.5 0.0396537 0.0745089
6  2.6 0.0351011 0.0711143
6  2.7 0.0304547 0.0670268
6  2.8 0.0267051 0.0637534
6  2.9 0.0221726 0.0591577
6  3 0.0196366 0.055945
6  3.1 0.0164721 0.0518621
6  3.2 0.0138623 0.0482794
6  3.3 0.0103354 0.041694
6  3.4 0.00813929 0.0373933
6  3.5 0.00642899 0.0333568
6  3.6 0.00562717 0.0316932
6  3.7 0.00425156 0.0277563
6  3.8 0.00337205 0.0247282
6  3.9 0.00241504 0.0212089
6  4 0.00179106 0.0180627
6  4.1 0.00178039 0.0184502
6  4.2 0.00133053 0.015906
6  4.3 0.000930202 0.0134696
6  4.4 0.000688561 0.0114209
6  4.5 0.000513512 0.010092
6  4.6 0.00044678 0.00937135
6  4.7 0.000367595 0.00860018
6  4.8 0.000196913 0.00614541
6  4.9 0.000191757 0.00601878
6  5 0.000125887 0.00518099

6.2  0.1 0.189569 0.0398031
6.2  0.2 0.179661 0.0542756
6.2  0.3 0.170587 0.0638886
6.2  0.4 0.161988 0.0710528
6.2  0.5 0.153636 0.0762954
6.2  0.6 0.145724 0.0805388
6.2  0.7 0.138567 0.0836662
6.2  0.8 0.13136 0.0862687
6.2  0.9 0.124856 0.0881
6.2  1 0.118756 0.0898361
6.2  1.1 0.11187 0.0905234
6.2  1.2 0.106617 0.0914732
6.2  1.3 0.0998739 0.0914483
6.2  1.4 0.0944814 0.0910805
6.2  1.5 0.0889348 0.0910091
6.2  1.6 0.0837551 0.0904223
6.2  1.7 0.079008 0.0900247
6.2  1.8 0.0734595 0.0885415
6.2  1.9 0.0694399 0.0876597
6.2  2 0.0633813 0.0858408
6.2  2.1 0.0587149 0.0840575
6.2  2.2 0.0550408 0.082723
6.2  2.3 0.0497618 0.0799452
6.2  2.4 0.0452381 0.0775366
6.2  2.5 0.0413256 0.0750409
6.2  2.6 0.037195 0.072359
6.2  2.7 0.0327153 0.0687449
6.2  2.8 0.0292088 0.0662538
6.2  2.9 0.0259124 0.0629813
6.2  3 0.0217166 0.0587053
6.2  3.1 0.0176109 0.0533455
6.2  3.2 0.0156639 0.0506043
6.2  3.3 0.0128541 0.0463374
6.2  3.4 0.0104074 0.0422088
6.2  3.5 0.00802827 0.0372145
6.2  3.6 0.00610677 0.0323824
6.2  3.7 0.00528776 0.0305243
6.2  3.8 0.00444139 0.0279993
6.2  3.9 0.00338865 0.0249133
6.2  4 0.00247721 0.0212565
6.2  4.1 0.00214307 0.0197897
6.2  4.2 0.00160295 0.0175657
6.2  4.3 0.00124404 0.0151629
6.2  4.4 0.00100412 0.0133624
6.2  4.5 0.000648039 0.0109115
6.2  4.6 0.000668991 0.0110696
6.2  4.7 0.000311716 0.00776279
6.2  4.8 0.00026502 0.00699705
6.2  4.9 0.000352365 0.008109
6.2  5 0.000199344 0.00619693

6.4  0.1 0.189721 0.039724
6.4  0.2 0.180014 0.0542463
6.4  0.3 0.170923 0.0638914
6.4  0.4 0.161821 0.0708638
6.4  0.5 0.154226 0.0763146
6.4  0.6 0.146229 0.0804701
6.4  0.7 0.138714 0.0837994
6.4  0.8 0.131694 0.0861029
6.4  0.9 0.125233 0.0881739
6.4  1 0.11866 0.089439
6.4  1.1 0.112298 0.0904778
6.4  1.2 0.106376 0.0909369
6.4  1.3 0.101124 0.0916653
6.4  1.4 0.0954501 0.0915205
6.4  1.5 0.0903191 0.0912637
6.4  1.6 0.0852776 0.0908278
6.4  1.7 0.0800418 0.0900806
6.4  1.8 0.0755124 0.0892019
6.4  1.9 0.0707177 0.0884084
6.4  2 0.0654124 0.0864621
6.4  2.1 0.0601061 0.0842799
6.4  2.2 0.0564098 0.0832022
6.4  2.3 0.053052 0.081934
6.4  2.4 0.0468532 0.0785288
6.4  2.5 0.042338 0.0756867
6.4  2.6 0.0395486 0.0741555
6.4  2.7 0.0358143 0.0716961
6.4  2.8 0.0312972 0.0680916
6.4  2.9 0.0277072 0.0648849
6.4  3 0.0234088 0.0602447
6.4  3.1 0.0206772 0.0570368
6.4  3.2 0.017235 0.0530642
6.4  3.3 0.0146645 0.0494187
6.4  3.4 0.0122594 0.0454375
6.4  3.5 0.0106287 0.0425747
6.4  3.6 0.00761915 0.0364204
6.4  3.7 0.00658639 0.0339713
6.4  3.8 0.00517382 0.0302227
6.4  3.9 0.00399358 0.0267803
6.4  4 0.00310308 0.024053
6.4  4.1 0.00276386 0.0221507
6.4  4.2 0.00216967 0.0199481
6.4  4.3 0.00164441 0.0176146
6.4  4.4 0.00128274 0.0155228
6.4  4.5 0.00091499 0.0128938
6.4  4.6 0.000787639 0.0122337
6.4  4.7 0.000616042 0.0111106
6.4  4.8 0.000304079 0.00787029
6.4  4.9 0.000482794 0.0098281
6.4  5 0.000199446 0.00617203

6.6  0.1 0.189606 0.0397922
6.6  0.2 0.180008 0.0541056
6.6  0.3 0.170735 0.0637752
6.6  0.4 0.162279 0.0707397
6.6  0.5 0.15391 0.0761236
6.6  0.6 0.146589 0.0804255
6.6  0.7 0.13871 0.0834665
6.6  0.8 0.132008 0.0859203
6.6  0.9 0.125001 0.0878401
6.6  1 0.119271 0.0894962
6.6  1.1 0.11344 0.0903084
6.6  1.2 0.107426 0.0912818
6.6  1.3 0.101942 0.0915229
6.6  1.4 0.0963004 0.0914771
6.6  1.5 0.0911434 0.0911503
6.6  1.6 0.0859217 0.0907019
6.6  1.7 0.0811944 0.0904369
6.6  1.8 0.0758374 0.0890592
6.6  1.9 0.0716915 0.0886197
6.6  2 0.0663438 0.0866688
6.6  2.1 0.0612745 0.0849444
6.6  2.2 0.0576991 0.0837872
6.6  2.3 0.053826 0.0820777
6.6  2.4 0.0490109 0.0795913
6.6  2.5 0.0441939 0.0767479
6.6  2.6 0.0410314 0.074985
6.6  2.7 0.0366178 0.0720037
6.6  2.8 0.0327676 0.0688075
6.6  2.9 0.0300275 0.0670672
6.6  3 0.0255428 0.0623576
6.6  3.1 0.0224026 0.0592327
6.6  3.2 0.0190098 0.0551151
6.6  3.3 0.0162413 0.0516863
6.6  3.4 0.0132848 0.0465492
6.6  3.5 0.0115629 0.0442071
6.6  3.6 0.00967487 0.0405506
6.6  3.7 0.00722775 0.0353547
6.6  3.8 0.00613901 0.0328952
6.6  3.9 0.00437686 0.0275048
6.6  4 0.00391321 0.0265502
6.6  4.1 0.00349927 0.025299
6.6  4.2 0.00240257 0.0209781
6.6  4.3 0.00201205 0.0191644
6.6  4.4 0.00155073 0.0167653
6.6  4.5 0.00135873 0.0156096
6.6  4.6 0.00110067 0.0145599
6.6  4.7 0.000682523 0.0112696
6.6  4.8 0.000566377 0.0104481
6.6  4.9 0.000592208 0.0108014
6.6  5 0.000480247 0.0095707

6.8  0.1 0.189807 0.0396645
6.8  0.2 0.179926 0.0541341
6.8  0.3 0.171039 0.0637612
6.8  0.4 0.161893 0.0707317
6.8  0.5 0.154067 0.0759759
6.8  0.6 0.146233 0.0803077
6.8  0.7 0.138836 0.0834686
6.8  0.8 0.131941 0.0858208
6.8  0.9 0.126123 0.0878107
6.8  1 0.119494 0.0894123
6.8  1.1 0.113446 0.0903863
6.8  1.2 0.108543 0.0912538
6.8  1.3 0.102266 0.0914503
6.8  1.4 0.0962671 0.091287
6.8  1.5 0.0909402 0.0909282
6.8  1.6 0.0864472 0.0909551
6.8  1.7 0.0823079 0.0906086
6.8  1.8 0.0767258 0.0892579
6.8  1.9 0.0722747 0.0882675
6.8  2 0.0677531 0.0869147
6.8  2.1 0.0629758 0.0855357
6.8  2.2 0.0587927 0.0840559
6.8  2.3 0.0557856 0.0828606
6.8  2.4 0.0506981 0.0804705
6.8  2.5 0.0467498 0.0786635
6.8  2.6 0.0422846 0.0756486
6.8  2.7 0.0381577 0.0726621
6.8  2.8 0.0344562 0.070487
6.8  2.9 0.0300165 0.066408
6.8  3 0.0277545 0.0643722
6.8  3.1 0.0238501 0.060744
6.8  3.2 0.0207757 0.0570109
6.8  3.3 0.0177526 0.053408
6.8  3.4 0.0156062 0.0507177
6.8  3.5 0.0135177 0.048073
6.8  3.6 0.010777 0.0426586
6.8  3.7 0.00907138 0.0395734
6.8  3.8 0.00686194 0.0343263
6.8  3.9 0.00635943 0.0334744
6.8  4 0.00494526 0.0295948
6.8  4.1 0.00354205 0.0250708
6.8  4.2 0.00304335 0.0235502
6.8  4.3 0.00275635 0.0222958
6.8  4.4 0.0017901 0.0177571
6.8  4.5 0.00171262 0.0178784
6.8  4.6 0.00130025 0.0154925
6.8  4.7 0.00119388 0.015511
6.8  4.8 0.000874554 0.0127296
6.8  4.9 0.000680052 0.0111878
6.8  5 0.000449348 0.00897355

7  0.1 0.189696 0.0396243
7  0.2 0.180168 0.0541251
7  0.3 0.170689 0.0636983
7  0.4 0.161564 0.0706117
7  0.5 0.154014 0.0761891
7  0.6 0.146768 0.0801126
7  0.7 0.139326 0.083346
7  0.8 0.13232 0.0857145
7  0.9 0.126084 0.0879817
7  1 0.119877 0.0892248
7  1.1 0.114037 0.0902902
7  1.2 0.108382 0.0910281
7  1.3 0.102861 0.0912638
7  1.4 0.0975555 0.0916945
7  1.5 0.0924308 0.0913845
7  1.6 0.0876455 0.0909743
7  1.7 0.082645 0.0903637
7  1.8 0.0782568 0.0899615
7  1.9 0.0731052 0.0881871
7  2 0.0686034 0.0872797
7  2.1 0.0648044 0.0861718
7  2.2 0.0596386 0.084137
7  2.3 0.0567346 0.0834792
7  2.4 0.0522256 0.0812688
7  2.5 0.0481916 0.0791394
7  2.6 0.0441747 0.0767215
7  2.7 0.040235 0.0745819
7  2.8 0.0366295 0.0720757
7  2.9 0.0336094 0.0693831
7  3 0.0302732 0.0669573
7  3.1 0.0268991 0.0642071
7  3.2 0.022293 0.0587165
7  3.3 0.0202988 0.0562494
7  3.4 0.0161782 0.0510042
7  3.5 0.0148982 0.0495958
7  3.6 0.0117021 0.0442471
7  3.7 0.0104186 0.0417723
7  3.8 0.00875319 0.0387628
7  3.9 0.00702849 0.0346886
7  4 0.00602183 0.0328706
7  4.1 0.004469 0.0280878
7  4.2 0.0039548 0.0262759
7  4.3 0.00292993 0.0229431
7  4.4 0.00250345 0.021419
7  4.5 0.0018752 0.0182755
7  4.6 0.00169089 0.0173535
7  4.7 0.00131551 0.0154334
7  4.8 0.00111226 0.014139
7  4.9 0.000809965 0.0123511
7  5 0.000924149 0.0134727

7.2  0.1 0.189678 0.0396306
7.2  0.2 0.179996 0.0539352
7.2  0.3 0.17082 0.0636036
7.2  0.4 0.162028 0.0706879
7.2  0.5 0.1544 0.076087
7.2  0.6 0.147101 0.0801051
7.2  0.7 0.139626 0.0835636
7.2  0.8 0.132958 0.0859623
7.2  0.9 0.125961 0.0876359
7.2  1 0.120578 0.0892904
7.2  1.1 0.114371 0.0901887
7.2  1.2 0.108389 0.0908304
7.2  1.3 0.103537 0.0912996
7.2  1.4 0.0979691 0.0912104
7.2  1.5 0.0931664 0.0912103
7.2  1.6 0.0886163 0.0909363
7.2  1.7 0.0841378 0.0906169
7.2  1.8 0.0782391 0.0893241
7.2  1.9 0.0741238 0.0885234
7.2  2 0.0699072 0.0876387
7.2  2.1 0.0652452 0.0862568
7.2  2.2 0.0610534 0.0845322
7.2  2.3 0.0574294 0.0837165
7.2  2.4 0.0532125 0.0816305
7.2  2.5 0.0498654 0.0800488
7.2  2.6 0.0450806 0.0770445
7.2  2.7 0.0418234 0.0752139
7.2  2.8 0.0385176 0.0735266
7.2  2.9 0.0346734 0.07032
7.2  3 0.0305337 0.0671655
7.2  3.1 0.0278957 0.0650638
7.2  3.2 0.0239652 0.0612178
7.2  3.3 0.0216795 0.0581215
7.2  3.4 0.0188243 0.0548398
7.2  3.5 0.0161495 0.0511687
7.2  3.6 0.0140678 0.0481088
7.2  3.7 0.0112208 0.0433627
7.2  3.8 0.00946307 0.0401938
7.2  3.9 0.00823144 0.037929
7.2  4 0.00617412 0.0329122
7.2  4.1 0.0051585 0.0302664
7.2  4.2 0.00489909 0.0294506
7.2  4.3 0.00348151 0.0247689
7.2  4.4 0.00301981 0.0231891
7.2  4.5 0.00252221 0.0213903
7.2  4.6 0.00193739 0.018833
7.2  4.7 0.00160429 0.0170431
7.2  4.8 0.00130077 0.0153256
7.2  4.9 0.00131939 0.0156589
7.2  5 0.000830585 0.0123515

7.4  0.1 0.1898 0.0395985
7.4  0.2 0.179931 0.0539825
7.4  0.3 0.170808 0.0636436
7.4  0.4 0.162254 0.0706171
7.4  0.5 0.154379 0.0761634
7.4  0.6 0.146856 0.0801099
7.4  0.7 0.140052 0.0833269
7.4  0.8 0.133194 0.08587
7.4  0.9 0.126973 0.0878129
7.4  1 0.120441 0.0890267
7.4  1.1 0.114677 0.0904049
7.4  1.2 0.109483 0.0908847
7.4  1.3 0.104065 0.0914311
7.4  1.4 0.0986014 0.0913425
7.4  1.5 0.0933817 0.0911152
7.4  1.6 0.0891494 0.0910865
7.4  1.7 0.0838739 0.0902626
7.4  1.8 0.0791385 0.0896048
7.4  1.9 0.0755718 0.0892023
7.4  2 0.0713092 0.0882221
7.4  2.1 0.0674022 0.0868799
7.4  2.2 0.063485 0.0860825
7.4  2.3 0.0581024 0.0835925
7.4  2.4 0.0553701 0.082934
7.4  2.5 0.0510618 0.0807561
7.4  2.6 0.0462355 0.0779715
7.4  2.7 0.0433294 0.0765896
7.4  2.8 0.0398908 0.0739958
7.4  2.9 0.0363409 0.0718312
7.4  3 0.0323715 0.068664
7.4  3.1 0.0297652 0.0663329
7.4  3.2 0.0260601 0.0628564
7.4  3.3 0.022208 0.0587716
7.4  3.4 0.0197408 0.0558239
7.4  3.5 0.017749 0.0534187
7.4  3.6 0.015989 0.0510191
7.4  3.7 0.0132278 0.0468869
7.4  3.8 0.0106257 0.0423739
7.4  3.9 0.00933929 0.039616
7.4  4 0.00772541 0.0364761
7.4  4.1 0.00600545 0.0321551
7.4  4.2 0.00531576 0.0304092
7.4  4.3 0.00452404 0.0282625
7.4  4.4 0.00320849 0.0239815
7.4  4.5 0.00254818 0.021261
7.4  4.6 0.00219748 0.0199478
7.4  4.7 0.00197524 0.0190763
7.4  4.8 0.00186152 0.0186204
7.4  4.9 0.00140703 0.0164216
7.4  5 0.00111835 0.0139363

7.6  0.1 0.189732 0.0395951
7.6  0.2 0.18013 0.0539904
7.6  0.3 0.171052 0.0635981
7.6  0.4 0.162067 0.0706591
7.6  0.5 0.154147 0.0758435
7.6  0.6 0.147379 0.0801069
7.6  0.7 0.139718 0.0832401
7.6  0.8 0.132736 0.085547
7.6  0.9 0.126789 0.0876486
7.6  1 0.120922 0.0890429
7.6  1.1 0.114912 0.0899821
7.6  1.2 0.109368 0.0907566
7.6  1.3 0.104085 0.0911489
7.6  1.4 0.0988286 0.0913146
7.6  1.5 0.0941142 0.0912261
7.6  1.6 0.0890368 0.0909048
7.6  1.7 0.0846762 0.0904189
7.6  1.8 0.0802256 0.0898139
7.6  1.9 0.0756349 0.0889931
7.6  2 0.0712932 0.0877002
7.6  2.1 0.0677673 0.0870551
7.6  2.2 0.0634595 0.0857041
7.6  2.3 0.0589588 0.0838341
7.6  2.4 0.0564695 0.0833423
7.6  2.5 0.0515037 0.0804792
7.6  2.6 0.047951 0.0790612
7.6  2.7 0.0449005 0.0772166
7.6  2.8 0.041092 0.0746209
7.6  2.9 0.0375558 0.072175
7.6  3 0.0340921 0.0697954
7.6  3.1 0.0314051 0.0680759
7.6  3.2 0.0282132 0.065007
7.6  3.3 0.0246221 0.0614205
7.6  3.4 0.0219437 0.0583018
7.6  3.5 0.0201436 0.0567836
7.6  3.6 0.0157173 0.04996
7.6  3.7 0.0137687 0.0472329
7.6  3.8 0.0120662 0.0447374
7.6  3.9 0.0104288 0.0418598
7.6  4 0.00881537 0.0388532
7.6  4.1 0.00738014 0.0356086
7.6  4.2 0.005937 0.031994
7.6  4.3 0.00479925 0.0287959
7.6  4.4 0.00406383 0.0268676
7.6  4.5 0.00380294 0.0260436
7.6  4.6 0.00291295 0.02282
7.6  4.7 0.00238922 0.0209537
7.6  4.8 0.00179868 0.0178546
7.6  4.9 0.00147841 0.0161269
7.6  5 0.00141789 0.0164017

7.8  0.1 0.189726 0.0396397
7.8  0.2 0.180081 0.0539612
7.8  0.3 0.171053 0.0635856
7.8  0.4 0.162953 0.0706252
7.8  0.5 0.154417 0.0757818
7.8  0.6 0.14722 0.0802355
7.8  0.7 0.140081 0.0832406
7.8  0.8 0.133277 0.0858551
7.8  0.9 0.127268 0.0876042
7.8  1 0.120975 0.0891467
7.8  1.1 0.11552 0.09023
7.8  1.2 0.109763 0.0908845
7.8  1.3 0.104131 0.0910807
7.8  1.4 0.099496 0.091321
7.8  1.5 0.0940732 0.0912462
7.8  1.6 0.0898262 0.0910391
7.8  1.7 0.0860103 0.0907051
7.8  1.8 0.0814686 0.0902232
7.8  1.9 0.0769866 0.0894787
7.8  2 0.0730537 0.0887441
7.8  2.1 0.0680864 0.0870275
7.8  2.2 0.0646601 0.0857627
7.8  2.3 0.0598992 0.0840341
7.8  2.4 0.0575647 0.0836151
7.8  2.5 0.0529967 0.081391
7.8  2.6 0.0492145 0.0793225
7.8  2.7 0.0459058 0.0773264
7.8  2.8 0.0415091 0.075092
7.8  2.9 0.0382911 0.0727841
7.8  3 0.0358829 0.0713263
7.8  3.1 0.0333564 0.069332
7.8  3.2 0.0298478 0.0666736
7.8  3.3 0.0262673 0.0628895
7.8  3.4 0.0242896 0.0612907
7.8  3.5 0.0208139 0.0570661
7.8  3.6 0.0179061 0.0531461
7.8  3.7 0.0159336 0.0506048
7.8  3.8 0.0136338 0.0474257
7.8  3.9 0.011654 0.0442918
7.8  4 0.00976613 0.0407791
7.8  4.1 0.00865033 0.0387527
7.8  4.2 0.00658978 0.0336339
7.8  4.3 0.00595042 0.0322899
7.8  4.4 0.00470066 0.0286837
7.8  4.5 0.00368748 0.0255119
7.8  4.6 0.00328567 0.0243355
7.8  4.7 0.00273284 0.0218214
7.8  4.8 0.00258429 0.0215689
7.8  4.9 0.00200318 0.0193347
7.8  5 0.00175289 0.0179928

8  0.1 0.189739 0.0395995
8  0.2 0.18001 0.0539326
8  0.3 0.170911 0.0634731
8  0.4 0.162659 0.070616
8  0.5 0.154828 0.0759874
8  0.6 0.146903 0.0799604
8  0.7 0.140095 0.0832811
8  0.8 0.13309 0.0854113
8  0.9 0.127258 0.0876892
8  1 0.121443 0.0891302
8  1.1 0.115516 0.0899891
8  1.2 0.110575 0.0909891
8  1.3 0.105439 0.0913231
8  1.4 0.100045 0.0912726
8  1.5 0.0949491 0.0913163
8  1.6 0.0910339 0.0914329
8  1.7 0.0859125 0.090648
8  1.8 0.0820981 0.0900287
8  1.9 0.0775799 0.0894383
8  2 0.0739762 0.0889714
8  2.1 0.0692153 0.0873852
8  2.2 0.064807 0.0859251
8  2.3 0.0622545 0.0852162
8  2.4 0.0579594 0.0836102
8  2.5 0.0537114 0.0815314
8  2.6 0.0508825 0.0806542
8  2.7 0.0464593 0.0780756
8  2.8 0.0434649 0.0764894
8  2.9 0.0409908 0.0747261
8  3 0.0369024 0.0719513
8  3.1 0.0344769 0.0704669
8  3.2 0.0302154 0.0664921
8  3.3 0.0279982 0.0647255
8  3.4 0.0246924 0.0611289
8  3.5 0.0216759 0.0580142
8  3.6 0.0193681 0.0550881
8  3.7 0.017679 0.0532286
8  3.8 0.0143184 0.0482385
8  3.9 0.0132525 0.0469615
8  4 0.0102739 0.0413075
8  4.1 0.00912394 0.0392807
8  4.2 0.00846834 0.0381843
8  4.3 0.00670697 0.0338534
8  4.4 0.0061173 0.0327848
8  4.5 0.00480466 0.0286803
8  4.6 0.00389704 0.0265874
8  4.7 0.00322746 0.0237404
8  4.8 0.00285471 0.0227088
8  4.9 0.00227271 0.0201603
8  5 0.0019424 0.0193695

8.2  0.1 0.189642 0.0395477
8.2  0.2 0.18007 0.0539646
8.2  0.3 0.170782 0.0634811
8.2  0.4 0.162451 0.070545
8.2  0.5 0.154438 0.0757779
8.2  0.6 0.14694 0.0798631
8.2  0.7 0.140445 0.0831725
8.2  0.8 0.133698 0.0856079
8.2  0.9 0.127334 0.0874629
8.2  1 0.121381 0.0889148
8.2  1.1 0.116288 0.0901504
8.2  1.2 0.109993 0.090478
8.2  1.3 0.105405 0.091238
8.2  1.4 0.100524 0.0912422
8.2  1.5 0.0953299 0.0912504
8.2  1.6 0.0912309 0.0913343
8.2  1.7 0.086718 0.0906566
8.2  1.8 0.0824077 0.0902475
8.2  1.9 0.0774138 0.0889029
8.2  2 0.0747501 0.0887228
8.2  2.1 0.0703578 0.0877756
8.2  2.2 0.0660963 0.0864071
8.2  2.3 0.0629877 0.0856063
8.2  2.4 0.0590714 0.0840882
8.2  2.5 0.0553212 0.0827382
8.2  2.6 0.0529405 0.0817399
8.2  2.7 0.049071 0.0798315
8.2  2.8 0.0446287 0.0767798
8.2  2.9 0.041424 0.0746593
8.2  3 0.038083 0.0730939
8.2  3.1 0.0354207 0.0709332
8.2  3.2 0.0321815 0.0682443
8.2  3.3 0.0285815 0.065147
8.2  3.4 0.0259329 0.0623989
8.2  3.5 0.0238418 0.0605703
8.2  3.6 0.0201393 0.0558658
8.2  3.7 0.0185228 0.054271
8.2  3.8 0.0159388 0.050618
8.2  3.9 0.0144227 0.0485788
8.2  4 0.0117178 0.0442794
8.2  4.1 0.0102157 0.0413888
8.2  4.2 0.00857891 0.0382727
8.2  4.3 0.00776479 0.0371202
8.2  4.4 0.00633224 0.033174
8.2  4.5 0.0052194 0.0304597
8.2  4.6 0.00431757 0.0276793
8.2  4.7 0.00404008 0.0267628
8.2  4.8 0.00322952 0.0242477
8.2  4.9 0.00290007 0.0227575
8.2  5 0.00244923 0.0207609

8.4  0.1 0.189822 0.0395653
8.4  0.2 0.180097 0.0539052
8.4  0.3 0.171198 0.0635406
8.4  0.4 0.162406 0.0704789
8.4  0.5 0.154272 0.0757213
8.4  0.6 0.147522 0.0799972
8.4  0.7 0.139922 0.082983
8.4  0.8 0.133961 0.0855632
8.4  0.9 0.127336 0.0873857
8.4  1 0.121743 0.0888984
8.4  1.1 0.116018 0.0899202
8.4  1.2 0.110592 0.0905178
8.4  1.3 0.104929 0.0907122
8.4  1.4 0.100796 0.0912944
8.4  1.5 0.0955332 0.0911737
8.4  1.6 0.0909284 0.0908308
8.4  1.7 0.08656 0.0905172
8.4  1.8 0.0824945 0.0900064
8.4  1.9 0.0789052 0.0897524
8.4  2 0.075002 0.088988
8.4  2.1 0.0710108 0.0877694
8.4  2.2 0.0669936 0.0866227
8.4  2.3 0.063511 0.0857117
8.4  2.4 0.0604235 0.0850913
8.4  2.5 0.0559895 0.082382
8.4  2.6 0.052834 0.081195
8.4  2.7 0.0493998 0.0794807
8.4  2.8 0.0447892 0.0773753
8.4  2.9 0.0424067 0.0755497
8.4  3 0.0392548 0.0735266
8.4  3.1 0.0365453 0.0717404
8.4  3.2 0.0330065 0.0684667
8.4  3.3 0.0300454 0.066434
8.4  3.4 0.0279263 0.0645333
8.4  3.5 0.0247259 0.0614827
8.4  3.6 0.022271 0.058751
8.4  3.7 0.0204194 0.0566825
8.4  3.8 0.0180753 0.0539801
8.4  3.9 0.0148586 0.0493691
8.4  4 0.0141546 0.0483898
8.4  4.1 0.0114907 0.0433346
8.4  4.2 0.0104784 0.0421333
8.4  4.3 0.00873172 0.0383682
8.4  4.4 0.00700756 0.034682
8.4  4.5 0.00691653 0.0347765
8.4  4.6 0.00505933 0.0296719
8.4  4.7 0.00464934 0.0283551
8.4  4.8 0.00389536 0.0265683
8.4  4.9 0.0028388 0.0223805
8.4  5 0.00276041 0.0223874

8.6  0.1 0.189855 0.0395469
8.6  0.2 0.180009 0.0538858
8.6  0.3 0.170813 0.063508
8.6  0.4 0.162744 0.0703876
8.6  0.5 0.154458 0.0757102
8.6  0.6 0.147083 0.0797411
8.6  0.7 0.140228 0.0830437
8.6  0.8 0.133658 0.0855919
8.6  0.9 0.127257 0.0874567
8.6  1 0.121926 0.0888675
8.6  1.1 0.116457 0.0899453
8.6  1.2 0.110912 0.090738
8.6  1.3 0.105652 0.0911449
8.6  1.4 0.101604 0.0917379
8.6  1.5 0.0961417 0.0913716
8.6  1.6 0.0915848 0.0908803
8.6  1.7 0.0872197 0.0906052
8.6  1.8 0.0829736 0.0902084
8.6  1.9 0.078667 0.089432
8.6  2 0.0749074 0.0887408
8.6  2.1 0.0704082 0.0874808
8.6  2.2 0.06795 0.0870972
8.6  2.3 0.0631256 0.0852968
8.6  2.4 0.0608455 0.084772
8.6  2.5 0.0569145 0.0831018
8.6  2.6 0.0523885 0.0806245
8.6  2.7 0.0504055 0.0801514
8.6  2.8 0.0472885 0.0781228
8.6  2.9 0.0438697 0.0764064
8.6  3 0.0409448 0.0749274
8.6  3.1 0.0384015 0.0732099
8.6  3.2 0.0345893 0.0698501
8.6  3.3 0.0316259 0.0675408
8.6  3.4 0.0290679 0.0655897
8.6  3.5 0.026484 0.0629738
8.6  3.6 0.0237901 0.0607012
8.6  3.7 0.0208726 0.0568283
8.6  3.8 0.0185654 0.0539593
8.6  3.9 0.0161075 0.0505875
8.6  4 0.0142925 0.048093
8.6  4.1 0.01175 0.0437547
8.6  4.2 0.0107963 0.0424079
8.6  4.3 0.00970554 0.0401432
8.6  4.4 0.00799226 0.0367222
8.6  4.5 0.0075922 0.0365716
8.6  4.6 0.00579016 0.0316823
8.6  4.7 0.00546918 0.0313498
8.6  4.8 0.00429816 0.0274198
8.6  4.9 0.00439786 0.0279983
8.6  5 0.00342981 0.0243806

8.8  0.1 0.189683 0.0395734
8.8  0.2 0.179938 0.0538869
8.8  0.3 0.171218 0.0634537
8.8  0.4 0.162533 0.0703281
8.8  0.5 0.154956 0.0758919
8.8  0.6 0.147171 0.0797601
8.8  0.7 0.140241 0.0830782
8.8  0.8 0.134034 0.0855322
8.8  0.9 0.127892 0.0875417
8.8  1 0.121257 0.0887217
8.8  1.1 0.116441 0.0899461
8.8  1.2 0.110873 0.0905803
8.8  1.3 0.105881 0.0910519
8.8  1.4 0.101457 0.091226
8.8  1.5 0.0965294 0.09139
8.8  1.6 0.0916581 0.0910538
8.8  1.7 0.0879365 0.0910167
8.8  1.8 0.0837127 0.0903137
8.8  1.9 0.0800952 0.0899827
8.8  2 0.0760496 0.0889895
8.8  2.1 0.0716761 0.0879286
8.8  2.2 0.0673521 0.0864944
8.8  2.3 0.06373 0.0853684
8.8  2.4 0.0611793 0.0846309
8.8  2.5 0.0571415 0.0827312
8.8  2.6 0.0546228 0.0823473
8.8  2.7 0.0506978 0.079988
8.8  2.8 0.0469619 0.0781485
8.8  2.9 0.0438514 0.0759945
8.8  3 0.0419131 0.0752435
8.8  3.1 0.0387243 0.0730244
8.8  3.2 0.035202 0.0702684
8.8  3.3 0.0325461 0.0683096
8.8  3.4 0.029809 0.0659453
8.8  3.5 0.0273951 0.0639609
8.8  3.6 0.0248452 0.0615264
8.8  3.7 0.0223681 0.058873
8.8  3.8 0.0194843 0.0556491
8.8  3.9 0.0174217 0.0524678
8.8  4 0.0152542 0.0494821
8.8  4.1 0.0124961 0.044924
8.8  4.2 0.0109711 0.0424575
8.8  4.3 0.00982657 0.0399261
8.8  4.4 0.00886605 0.0387859
8.8  4.5 0.00836899 0.0378761
8.8  4.6 0.00642062 0.0330313
8.8  4.7 0.00560583 0.0306167
8.8  4.8 0.00492775 0.0291278
8.8  4.9 0.00414055 0.0267084
8.8  5 0.00319332 0.0238754

9  0.1 0.189798 0.0396045
9  0.2 0.180267 0.0538908
9  0.3 0.171032 0.0634352
9  0.4 0.162588 0.0704447
9  0.5 0.154725 0.0757509
9  0.6 0.147456 0.0799143
9  0.7 0.140404 0.0829703
9  0.8 0.13417 0.0855093
9  0.9 0.127662 0.0871885
9  1 0.121584 0.0886249
9  1.1 0.116285 0.08975
9  1.2 0.111485 0.0907243
9  1.3 0.106616 0.0911573
9  1.4 0.101758 0.0915932
9  1.5 0.096331 0.0910826
9  1.6 0.0926585 0.0910897
9  1.7 0.0878628 0.0907703
9  1.8 0.0837688 0.0901116
9  1.9 0.0803951 0.0900777
9  2 0.0760112 0.0889874
9  2.1 0.0721062 0.0878146
9  2.2 0.0691529 0.0872275
9  2.3 0.0653654 0.0860508
9  2.4 0.0613003 0.0844025
9  2.5 0.0584384 0.08394
9  2.6 0.0555537 0.0827961
9  2.7 0.051781 0.0807084
9  2.8 0.0495222 0.079833
9  2.9 0.0446232 0.0765781
9  3 0.0431104 0.0759677
9  3.1 0.0389792 0.0734674
9  3.2 0.0366134 0.0713802
9  3.3 0.0335674 0.0690783
9  3.4 0.0312218 0.0674631
9  3.5 0.0294186 0.0661428
9  3.6 0.0255287 0.0617762
9  3.7 0.0234974 0.0599344
9  3.8 0.0212123 0.0575224
9  3.9 0.0190922 0.0546514
9  4 0.0170169 0.0523151
9  4.1 0.0151304 0.0494567
9  4.2 0.0126419 0.0457603
9  4.3 0.0118923 0.0446843
9  4.4 0.0102989 0.0415671
9  4.5 0.00894689 0.0387386
9  4.6 0.00758975 0.0363575
9  4.7 0.00649313 0.0337984
9  4.8 0.00591116 0.0318777
9  4.9 0.00471974 0.0288777
9  5 0.00381794 0.025427

9.2  0.1 0.189787 0.0395709
9.2  0.2 0.179952 0.0538799
9.2  0.3 0.171171 0.0634795
9.2  0.4 0.162816 0.0705697
9.2  0.5 0.155045 0.0758458
9.2  0.6 0.147157 0.0797121
9.2  0.7 0.140157 0.083017
9.2  0.8 0.134163 0.085352
9.2  0.9 0.128065 0.087466
9.2  1 0.121787 0.0885215
9.2  1.1 0.116375 0.0898935
9.2  1.2 0.111092 0.0903574
9.2  1.3 0.106572 0.0912088
9.2  1.4 0.10146 0.091395
9.2  1.5 0.0970516 0.0913416
9.2  1.6 0.0917345 0.0907123
9.2  1.7 0.08808 0.0907073
9.2  1.8 0.0843908 0.0904844
9.2  1.9 0.0798479 0.0894486
9.2  2 0.0772541 0.0892378
9.2  2.1 0.0728285 0.088283
9.2  2.2 0.0694277 0.0874988
9.2  2.3 0.0648346 0.085691
9.2  2.4 0.0622993 0.0847282
9.2  2.5 0.0591173 0.0841521
9.2  2.6 0.0559475 0.0827114
9.2  2.7 0.0528308 0.0810621
9.2  2.8 0.0477271 0.0779155
9.2  2.9 0.0460204 0.077459
9.2  3 0.0429313 0.0755409
9.2  3.1 0.0396802 0.0730616
9.2  3.2 0.0387664 0.073099
9.2  3.3 0.0349921 0.0702355
9.2  3.4 0.0314132 0.0673471
9.2  3.5 0.0297691 0.0662495
9.2  3.6 0.0274946 0.06425
9.2  3.7 0.0245281 0.0608368
9.2  3.8 0.0214898 0.0573271
9.2  3.9 0.0190043 0.0548136
9.2  4 0.0172586 0.051838
9.2  4.1 0.0159315 0.0511287
9.2  4.2 0.0132854 0.046207
9.2  4.3 0.0120232 0.0444399
9.2  4.4 0.0108424 0.0429117
9.2  4.5 0.00887742 0.0382466
9.2  4.6 0.00805515 0.0369148
9.2  4.7 0.00676232 0.0339751
9.2  4.8 0.0059803 0.0323605
9.2  4.9 0.00509909 0.0293443
9.2  5 0.00442578 0.0275114

9.4  0.1 0.189755 0.0395782
9.4  0.2 0.180236 0.053917
9.4  0.3 0.171052 0.0634921
9.4  0.4 0.162572 0.0704369
9.4  0.5 0.154457 0.0757551
9.4  0.6 0.147878 0.0798698
9.4  0.7 0.140676 0.0829752
9.4  0.8 0.134164 0.0854779
9.4  0.9 0.127696 0.0873103
9.4  1 0.121466 0.0885372
9.4  1.1 0.116805 0.0898196
9.4  1.2 0.110703 0.090281
9.4  1.3 0.106278 0.0907422
9.4  1.4 0.10156 0.0913201
9.4  1.5 0.0974995 0.0913502
9.4  1.6 0.0920403 0.0906598
9.4  1.7 0.0888856 0.0908413
9.4  1.8 0.083678 0.089842
9.4  1.9 0.0805075 0.0896174
9.4  2 0.0761948 0.0884932
9.4  2.1 0.07329 0.0883694
9.4  2.2 0.0696532 0.0872636
9.4  2.3 0.0663825 0.0864629
9.4  2.4 0.0637392 0.0854967
9.4  2.5 0.0601518 0.0846667
9.4  2.6 0.056509 0.0829804
9.4  2.7 0.0528072 0.0811317
9.4  2.8 0.0506216 0.0799928
9.4  2.9 0.0466957 0.0778168
9.4  3 0.0439659 0.0762701
9.4  3.1 0.0404369 0.0739426
9.4  3.2 0.0387388 0.0727622
9.4  3.3 0.0358554 0.070933
9.4  3.4 0.0332039 0.0692917
9.4  3.5 0.0302945 0.0663447
9.4  3.6 0.028226 0.0647123
9.4  3.7 0.0257458 0.0624207
9.4  3.8 0.0236568 0.0600785
9.4  3.9 0.0206572 0.0566409
9.4  4 0.0191915 0.0549572
9.4  4.1 0.0163639 0.0514784
9.4  4.2 0.0150538 0.0493256
9.4  4.3 0.0130155 0.0462913
9.4  4.4 0.0125384 0.0457475
9.4  4.5 0.010324 0.0416236
9.4  4.6 0.00887751 0.0386054
9.4  4.7 0.00746813 0.0352313
9.4  4.8 0.00659534 0.0336677
9.4  4.9 0.00621199 0.0329782
9.4  5 0.00511368 0.0296829

9.6  0.1 0.18971 0.0395419
9.6  0.2 0.179925 0.0537915
9.6  0.3 0.170998 0.0634201
9.6  0.4 0.162485 0.0704134
9.6  0.5 0.154901 0.0758194
9.6  0.6 0.147496 0.0797588
9.6  0.7 0.140307 0.0828062
9.6  0.8 0.134174 0.0852715
9.6  0.9 0.12852 0.0873721
9.6  1 0.122198 0.0887367
9.6  1.1 0.116718 0.0898529
9.6  1.2 0.111498 0.0902942
9.6  1.3 0.106394 0.0907893
9.6  1.4 0.101878 0.0912512
9.6  1.5 0.0977211 0.0916871
9.6  1.6 0.0932671 0.0912064
9.6  1.7 0.0886893 0.0907195
9.6  1.8 0.0853288 0.0906277
9.6  1.9 0.0807436 0.0893982
9.6  2 0.0771841 0.0891105
9.6  2.1 0.0738218 0.0883426
9.6  2.2 0.0706009 0.0877053
9.6  2.3 0.0663957 0.0865498
9.6  2.4 0.0634613 0.0855337
9.6  2.5 0.0602189 0.0841879
9.6  2.6 0.0565998 0.0826658
9.6  2.7 0.0546557 0.0823048
9.6  2.8 0.0509908 0.0796509
9.6  2.9 0.0484299 0.0790921
9.6  3 0.0449701 0.0769546
9.6  3.1 0.0419031 0.0751268
9.6  3.2 0.0392895 0.0733251
9.6  3.3 0.0362788 0.0709775
9.6  3.4 0.0337469 0.0689179
9.6  3.5 0.0308298 0.0666918
9.6  3.6 0.0279573 0.0642654
9.6  3.7 0.0257884 0.0618319
9.6  3.8 0.0249049 0.0614256
9.6  3.9 0.0216775 0.0580615
9.6  4 0.0203652 0.0566253
9.6  4.1 0.018007 0.0528665
9.6  4.2 0.0153824 0.0493616
9.6  4.3 0.0140039 0.0473609
9.6  4.4 0.0125952 0.045305
9.6  4.5 0.0110051 0.0426257
9.6  4.6 0.00982196 0.0409584
9.6  4.7 0.0079435 0.0361435
9.6  4.8 0.00774566 0.0361459
9.6  4.9 0.00652354 0.0335261
9.6  5 0.0058363 0.0320919

9.8  0.1 0.189777 0.0395093
9.8  0.2 0.180062 0.0538445
9.8  0.3 0.171197 0.0633934
9.8  0.4 0.162514 0.0704326
9.8  0.5 0.154728 0.0756419
9.8  0.6 0.147623 0.0797857
9.8  0.7 0.140551 0.0829775
9.8  0.8 0.133761 0.0851523
9.8  0.9 0.127782 0.0871313
9.8  1 0.122119 0.0886501
9.8  1.1 0.116473 0.0896675
9.8  1.2 0.11184 0.0905712
9.8  1.3 0.106537 0.0910074
9.8  1.4 0.101987 0.0911789
9.8  1.5 0.0972176 0.0911752
9.8  1.6 0.0936444 0.0912291
9.8  1.7 0.089252 0.0906413
9.8  1.8 0.0843732 0.0901117
9.8  1.9 0.0808976 0.0896234
9.8  2 0.0782768 0.0895408
9.8  2.1 0.0745796 0.0884708
9.8  2.2 0.070633 0.087641
9.8  2.3 0.0682752 0.0871114
9.8  2.4 0.0640229 0.0854709
9.8  2.5 0.0607845 0.0846281
9.8  2.6 0.0582189 0.0836136
9.8  2.7 0.0548645 0.0820433
9.8  2.8 0.0516872 0.0802125
9.8  2.9 0.049054 0.0793048
9.8  3 0.0460801 0.0776251
9.8  3.1 0.0430574 0.075728
9.8  3.2 0.0397836 0.0734625
9.8  3.3 0.0375458 0.0718415
9.8  3.4 0.0354557 0.0706952
9.8  3.5 0.0329414 0.0686301
9.8  3.6 0.0296881 0.0660497
9.8  3.7 0.0272436 0.0638177
9.8  3.8 0.0255908 0.0618963
9.8  3.9 0.0217508 0.0576429
9.8  4 0.0206533 0.0564881
9.8  4.1 0.0188062 0.0547743
9.8  4.2 0.0156458 0.0496476
9.8  4.3 0.0147505 0.0484997
9.8  4.4 0.0137556 0.046811
9.8  4.5 0.0114659 0.0433067
9.8  4.6 0.0104525 0.0415527
9.8  4.7 0.00863089 0.0378935
9.8  4.8 0.00794344 0.0365408
9.8  4.9 0.00659623 0.0334351
9.8  5 0.00593612 0.0319458

10  0.1 0.18987 0.039503
10  0.2 0.179987 0.0538461
10  0.3 0.171075 0.0634515
10  0.4 0.162473 0.0703163
10  0.5 0.154853 0.0756179
10  0.6 0.147528 0.0796867
10  0.7 0.140601 0.0829343
10  0.8 0.134068 0.0852924
10  0.9 0.12813 0.0873006
10  1 0.122581 0.0887052
10  1.1 0.117271 0.0898059
10  1.2 0.111543 0.0903764
10  1.3 0.107147 0.0910492
10  1.4 0.102234 0.0913223
10  1.5 0.0977399 0.0912726
10  1.6 0.0940191 0.0911775
10  1.7 0.089014 0.0906407
10  1.8 0.0848499 0.0899241
10  1.9 0.0815351 0.0896092
10  2 0.0784477 0.0894733
10  2.1 0.0750948 0.0888302
10  2.2 0.0709942 0.0875664
10  2.3 0.0678936 0.0865279
10  2.4 0.0641452 0.0855364
10  2.5 0.0605407 0.084249
10  2.6 0.0583859 0.0835197
10  2.7 0.0549518 0.0817317
10  2.8 0.0515328 0.0801595
10  2.9 0.0505904 0.0802921
10  3 0.0465715 0.0776707
10  3.1 0.0435475 0.0760995
10  3.2 0.0416955 0.0754193
10  3.3 0.0382138 0.072373
10  3.4 0.0353917 0.0703698
10  3.5 0.032194 0.0677018
10  3.6 0.0305838 0.0666345
10  3.7 0.0278515 0.0641708
10  3.8 0.0256257 0.0622018
10  3.9 0.0241215 0.0603498
10  4 0.0209292 0.0564471
10  4.1 0.0194636 0.0551082
10  4.2 0.0187222 0.0542653
10  4.3 0.0157806 0.0504684
10  4.4 0.0136322 0.046873
10  4.5 0.0128567 0.0455509
10  4.6 0.0110562 0.0426823
10  4.7 0.0101142 0.040792
10  4.8 0.00880202 0.0386699
10  4.9 0.00779474 0.0366168
10  5 0.00683924 0.0343944

