0  0 0.2 2.84615e-06
0  0.025 0.199956 0.00533462
0  0.05 0.199852 0.0106544
0  0.075 0.199699 0.0159646
0  0.1 0.19942 0.0212429
0  0.125 0.199141 0.0264983
0  0.15 0.198728 0.0317401
0  0.175 0.198302 0.0369308
0  0.2 0.197772 0.0420341
0  0.225 0.197204 0.0471051
0  0.25 0.19645 0.0520876
0  0.275 0.195868 0.057072
0  0.3 0.195198 0.0618937
0  0.325 0.19416 0.0667094
0  0.35 0.193431 0.0714008
0  0.375 0.192595 0.0760402
0  0.4 0.191624 0.0806059
0  0.425 0.190861 0.084923
0  0.45 0.189778 0.0893182
0  0.475 0.188382 0.093508
0  0.5 0.18763 0.0975033
0  0.525 0.186456 0.101523
0  0.55 0.18493 0.10543
0  0.575 0.184023 0.109154
0  0.6 0.183058 0.112813
0  0.625 0.181646 0.116338
0  0.65 0.180589 0.120033
0  0.675 0.179085 0.12321
0  0.7 0.177885 0.126462
0  0.725 0.176465 0.12953
0  0.75 0.175345 0.132743
0  0.775 0.173967 0.135608
0  0.8 0.17311 0.138552
0  0.825 0.171446 0.14126
0  0.85 0.170132 0.143739
0  0.875 0.168997 0.146285
0  0.9 0.167832 0.148922
0  0.925 0.166175 0.151237
0  0.95 0.164955 0.153454
0  0.975 0.163702 0.155947
0  1 0.162621 0.157987
0  1.025 0.16145 0.16008
0  1.05 0.159947 0.162005
0  1.075 0.158622 0.164108
0  1.1 0.157184 0.165735
0  1.125 0.156241 0.16766
0  1.15 0.154494 0.169165
0  1.175 0.153624 0.171015
0  1.2 0.152064 0.172565
0  1.225 0.151283 0.174171
0  1.25 0.150009 0.175634

0.2  0 0.2 2.84615e-06
0.2  0.025 0.19994 0.00490539
0.2  0.05 0.19973 0.00981065
0.2  0.075 0.199372 0.0146991
0.2  0.1 0.198909 0.0195727
0.2  0.125 0.198329 0.0244098
0.2  0.15 0.19752 0.0292411
0.2  0.175 0.196735 0.0340323
0.2  0.2 0.195691 0.0387733
0.2  0.225 0.194519 0.0434561
0.2  0.25 0.193346 0.0480984
0.2  0.275 0.191892 0.0527137
0.2  0.3 0.190288 0.0572599
0.2  0.325 0.188598 0.0616816
0.2  0.35 0.187077 0.0661503
0.2  0.375 0.185 0.0703282
0.2  0.4 0.182908 0.0744802
0.2  0.425 0.180949 0.0785685
0.2  0.45 0.178531 0.0827677
0.2  0.475 0.17601 0.0864161
0.2  0.5 0.173325 0.0902862
0.2  0.525 0.171019 0.0939327
0.2  0.55 0.167974 0.0972506
0.2  0.575 0.164618 0.100671
0.2  0.6 0.16231 0.104068
0.2  0.625 0.158586 0.107091
0.2  0.65 0.155505 0.110001
0.2  0.675 0.152367 0.112817
0.2  0.7 0.148691 0.115352
0.2  0.725 0.145053 0.117747
0.2  0.75 0.141473 0.120126
0.2  0.775 0.137753 0.122076
0.2  0.8 0.133248 0.123835
0.2  0.825 0.129917 0.125591
0.2  0.85 0.125138 0.126975
0.2  0.875 0.121302 0.128231
0.2  0.9 0.116571 0.129032
0.2  0.925 0.111947 0.129748
0.2  0.95 0.107106 0.129962
0.2  0.975 0.103011 0.130354
0.2  1 0.0978753 0.130055
0.2  1.025 0.092155 0.129213
0.2  1.05 0.0874542 0.128672
0.2  1.075 0.0817674 0.12702
0.2  1.1 0.0768021 0.125456
0.2  1.125 0.0717644 0.123652
0.2  1.15 0.0658015 0.120975
0.2  1.175 0.0597293 0.117581
0.2  1.2 0.0539154 0.113771
0.2  1.225 0.0488364 0.110074
0.2  1.25 0.0425856 0.104841

0.4  0 0.2 2.84615e-06
0.4  0.025 0.19992 0.00457293
0.4  0.05 0.199691 0.00913439
0.4  0.075 0.199299 0.0136742
0.4  0.1 0.198754 0.0182107
0.4  0.125 0.197998 0.0227434
0.4  0.15 0.197181 0.0272261
0.4  0.175 0.196106 0.0317259
0.4  0.2 0.194917 0.0360889
0.4  0.225 0.193618 0.0405867
0.4  0.25 0.19214 0.044889
0.4  0.275 0.190338 0.0491314
0.4  0.3 0.188595 0.0533486
0.4  0.325 0.186545 0.0575635
0.4  0.35 0.184436 0.0616334
0.4  0.375 0.181977 0.0656992
0.4  0.4 0.179596 0.0695941
0.4  0.425 0.176869 0.0735071
0.4  0.45 0.173967 0.0771639
0.4  0.475 0.170953 0.0808072
0.4  0.5 0.167869 0.0844887
0.4  0.525 0.164568 0.0878519
0.4  0.55 0.161284 0.0911827
0.4  0.575 0.157746 0.0941419
0.4  0.6 0.153587 0.0969849
0.4  0.625 0.149396 0.0998016
0.4  0.65 0.145274 0.102447
0.4  0.675 0.140885 0.104791
0.4  0.7 0.135935 0.106955
0.4  0.725 0.131238 0.109018
0.4  0.75 0.126254 0.110527
0.4  0.775 0.121458 0.112148
0.4  0.8 0.115833 0.113084
0.4  0.825 0.110187 0.113833
0.4  0.85 0.103777 0.11417
0.4  0.875 0.0981412 0.114358
0.4  0.9 0.0920938 0.114005
0.4  0.925 0.0860664 0.113085
0.4  0.95 0.0790055 0.111496
0.4  0.975 0.0724546 0.10984
0.4  1 0.0645663 0.106522
0.4  1.025 0.0568268 0.102392
0.4  1.05 0.0494752 0.0981565
0.4  1.075 0.040517 0.0911672
0.4  1.1 0.0333384 0.0843075
0.4  1.125 0.0241609 0.0738191
0.4  1.15 0.0154722 0.0603401
0.4  1.175 0.00837458 0.0454534
0.4  1.2 0.00276966 0.0264713
0.4  1.225 0.000690198 0.0131983
0.4  1.25 9.76971e-05 0.00483372

0.6  0 0.2 2.84615e-06
0.6  0.025 0.199912 0.00429105
0.6  0.05 0.199654 0.00856799
0.6  0.075 0.199274 0.0128491
0.6  0.1 0.198655 0.0171096
0.6  0.125 0.197934 0.0213915
0.6  0.15 0.19712 0.0256104
0.6  0.175 0.195914 0.0297678
0.6  0.2 0.194573 0.0339909
0.6  0.225 0.193338 0.0381572
0.6  0.25 0.191594 0.0422296
0.6  0.275 0.189931 0.0462934
0.6  0.3 0.187961 0.0503101
0.6  0.325 0.186056 0.0542384
0.6  0.35 0.183665 0.0581829
0.6  0.375 0.181113 0.0619582
0.6  0.4 0.178544 0.0656584
0.6  0.425 0.175841 0.0694122
0.6  0.45 0.172446 0.072955
0.6  0.475 0.169527 0.0764503
0.6  0.5 0.166038 0.0797249
0.6  0.525 0.162423 0.0830149
0.6  0.55 0.158517 0.0861315
0.6  0.575 0.154992 0.0890303
0.6  0.6 0.150621 0.0918457
0.6  0.625 0.146201 0.0944068
0.6  0.65 0.141604 0.0967611
0.6  0.675 0.136757 0.099132
0.6  0.7 0.131409 0.100961
0.6  0.725 0.126276 0.102732
0.6  0.75 0.120796 0.104205
0.6  0.775 0.115021 0.105329
0.6  0.8 0.108625 0.106051
0.6  0.825 0.102589 0.106555
0.6  0.85 0.0957361 0.106515
0.6  0.875 0.0892271 0.10582
0.6  0.9 0.0811972 0.104447
0.6  0.925 0.0746828 0.103112
0.6  0.95 0.0662202 0.100085
0.6  0.975 0.05771 0.0962877
0.6  1 0.0497405 0.0919763
0.6  1.025 0.0405208 0.0854201
0.6  1.05 0.0308347 0.076638
0.6  1.075 0.0214939 0.0657298
0.6  1.1 0.0113561 0.0490825
0.6  1.125 0.00453741 0.0314107
0.6  1.15 0.00125421 0.0167036
0.6  1.175 0.000206783 0.00680911
0.6  1.2 1.29875e-05 0.00174602
0.6  1.225 1.18164e-06 0.000528291
0.6  1.25 4.93462e-23 2.25636e-20

0.8  0 0.2 2.84615e-06
0.8  0.025 0.199931 0.00405989
0.8  0.05 0.199687 0.00813511
0.8  0.075 0.199253 0.0121683
0.8  0.1 0.198716 0.0162278
0.8  0.125 0.197932 0.0202616
0.8  0.15 0.196995 0.0242726
0.8  0.175 0.19595 0.0282703
0.8  0.2 0.194689 0.0322292
0.8  0.225 0.193292 0.0361518
0.8  0.25 0.191826 0.0400876
0.8  0.275 0.190029 0.0439325
0.8  0.3 0.187967 0.047717
0.8  0.325 0.185823 0.051553
0.8  0.35 0.183526 0.055244
0.8  0.375 0.181217 0.0588518
0.8  0.4 0.178681 0.0624697
0.8  0.425 0.17583 0.0659259
0.8  0.45 0.172642 0.069368
0.8  0.475 0.16946 0.0728264
0.8  0.5 0.166145 0.0759484
0.8  0.525 0.162077 0.0790573
0.8  0.55 0.158478 0.0821479
0.8  0.575 0.154193 0.0849473
0.8  0.6 0.149866 0.0874989
0.8  0.625 0.146026 0.0901672
0.8  0.65 0.141141 0.0926677
0.8  0.675 0.135912 0.0947143
0.8  0.7 0.130604 0.0966778
0.8  0.725 0.125509 0.0983091
0.8  0.75 0.119148 0.099471
0.8  0.775 0.1133 0.100815
0.8  0.8 0.107733 0.101438
0.8  0.825 0.100259 0.101462
0.8  0.85 0.093999 0.101689
0.8  0.875 0.0864285 0.100761
0.8  0.9 0.0793692 0.0997405
0.8  0.925 0.0708359 0.0974673
0.8  0.95 0.0622966 0.0941549
0.8  0.975 0.0537932 0.0903685
0.8  1 0.0443721 0.08486
0.8  1.025 0.0354188 0.0778526
0.8  1.05 0.0254473 0.0680487
0.8  1.075 0.0149247 0.0537887
0.8  1.1 0.00627906 0.0355516
0.8  1.125 0.00146092 0.0173188
0.8  1.15 0.000182042 0.00613829
0.8  1.175 2.43803e-05 0.00231963
0.8  1.2 7.14409e-14 4.13776e-11
0.8  1.225 2.3531e-37 8.02643e-35
0.8  1.25 4.1752e-51 2.08147e-48

1  0 0.2 2.84615e-06
1  0.025 0.199934 0.00387561
1  0.05 0.199685 0.0077427
1  0.075 0.199288 0.0116086
1  0.1 0.198774 0.0154685
1  0.125 0.197933 0.0193303
1  0.15 0.197135 0.0231571
1  0.175 0.195952 0.0269249
1  0.2 0.194819 0.0307159
1  0.225 0.193433 0.0345325
1  0.25 0.191751 0.0382471
1  0.275 0.190175 0.0419653
1  0.3 0.188298 0.0456343
1  0.325 0.186252 0.0492579
1  0.35 0.183751 0.0526799
1  0.375 0.181434 0.0563313
1  0.4 0.179005 0.0598312
1  0.425 0.176204 0.0630668
1  0.45 0.173515 0.0664788
1  0.475 0.169988 0.0697195
1  0.5 0.166812 0.0727936
1  0.525 0.16326 0.0759454
1  0.55 0.159437 0.0786581
1  0.575 0.155434 0.081653
1  0.6 0.151115 0.0840994
1  0.625 0.146945 0.0867837
1  0.65 0.142351 0.0890573
1  0.675 0.137603 0.0912511
1  0.7 0.13161 0.0932005
1  0.725 0.126515 0.09477
1  0.75 0.121235 0.0965201
1  0.775 0.115174 0.0975845
1  0.8 0.10815 0.0980991
1  0.825 0.102295 0.099007
1  0.85 0.0954528 0.0989097
1  0.875 0.0877474 0.0982561
1  0.9 0.0802979 0.096999
1  0.925 0.0722187 0.0950556
1  0.95 0.0639742 0.0925021
1  0.975 0.0549984 0.0885396
1  1 0.045506 0.0830673
1  1.025 0.0348523 0.0750862
1  1.05 0.0254747 0.0663151
1  1.075 0.0146821 0.0519355
1  1.1 0.00600947 0.0338993
1  1.125 0.00141861 0.0166611
1  1.15 0.000143896 0.00512936
1  1.175 9.62615e-06 0.00128055
1  1.2 1.12886e-10 3.18798e-08
1  1.225 9.31904e-33 4.3063e-30
1  1.25 3.30033e-66 2.36142e-63

1.2  0 0.2 2.84615e-06
1.2  0.025 0.199929 0.00372126
1.2  0.05 0.199706 0.00742857
1.2  0.075 0.199312 0.0111281
1.2  0.1 0.198733 0.0148597
1.2  0.125 0.198077 0.0185486
1.2  0.15 0.19727 0.0221758
1.2  0.175 0.19627 0.0258322
1.2  0.2 0.195044 0.0295144
1.2  0.225 0.193752 0.0331128
1.2  0.25 0.19218 0.0367359
1.2  0.275 0.190617 0.0403121
1.2  0.3 0.188715 0.0437761
1.2  0.325 0.186726 0.0473033
1.2  0.35 0.184579 0.0507656
1.2  0.375 0.182354 0.0541125
1.2  0.4 0.179645 0.0575075
1.2  0.425 0.177004 0.0608195
1.2  0.45 0.174145 0.0639082
1.2  0.475 0.170852 0.0670476
1.2  0.5 0.167986 0.0701597
1.2  0.525 0.16447 0.0731635
1.2  0.55 0.160891 0.0760548
1.2  0.575 0.156815 0.0788879
1.2  0.6 0.152391 0.0812908
1.2  0.625 0.14837 0.0839305
1.2  0.65 0.143947 0.0863253
1.2  0.675 0.13884 0.088336
1.2  0.7 0.134237 0.0902651
1.2  0.725 0.12884 0.0921337
1.2  0.75 0.123355 0.0936859
1.2  0.775 0.117666 0.095013
1.2  0.8 0.111985 0.0960525
1.2  0.825 0.104672 0.096412
1.2  0.85 0.0986055 0.0967847
1.2  0.875 0.0910861 0.0965668
1.2  0.9 0.0833753 0.0952131
1.2  0.925 0.0760842 0.0943524
1.2  0.95 0.0676015 0.0920323
1.2  0.975 0.0589177 0.0887214
1.2  1 0.0498025 0.084415
1.2  1.025 0.0401983 0.0781465
1.2  1.05 0.0294979 0.0691344
1.2  1.075 0.0184293 0.0566554
1.2  1.1 0.0087928 0.0403467
1.2  1.125 0.00223907 0.0204335
1.2  1.15 0.00029986 0.00779507
1.2  1.175 1.81403e-05 0.00193912
1.2  1.2 1.37142e-12 8.02538e-10
1.2  1.225 1.02091e-30 3.8958e-28
1.2  1.25 1.52255e-41 7.65101e-39

1.4  0 0.2 2.84615e-06
1.4  0.025 0.19992 0.00358775
1.4  0.05 0.199719 0.00715947
1.4  0.075 0.199339 0.0107512
1.4  0.1 0.198817 0.0143091
1.4  0.125 0.198137 0.0178433
1.4  0.15 0.197369 0.0213876
1.4  0.175 0.196294 0.0249535
1.4  0.2 0.195254 0.028466
1.4  0.225 0.193891 0.0319991
1.4  0.25 0.192606 0.0353565
1.4  0.275 0.190876 0.0388647
1.4  0.3 0.189215 0.0422626
1.4  0.325 0.187144 0.0455971
1.4  0.35 0.185107 0.0489476
1.4  0.375 0.182964 0.0523497
1.4  0.4 0.180518 0.0555134
1.4  0.425 0.178062 0.0587139
1.4  0.45 0.17533 0.0618335
1.4  0.475 0.172326 0.0650407
1.4  0.5 0.16908 0.0678751
1.4  0.525 0.165873 0.0707865
1.4  0.55 0.162541 0.0736127
1.4  0.575 0.158821 0.0763141
1.4  0.6 0.154615 0.0791099
1.4  0.625 0.150384 0.0814183
1.4  0.65 0.146022 0.0838828
1.4  0.675 0.141623 0.0859374
1.4  0.7 0.136994 0.0880021
1.4  0.725 0.131633 0.0899542
1.4  0.75 0.126813 0.0917005
1.4  0.775 0.12133 0.0930316
1.4  0.8 0.11491 0.0942144
1.4  0.825 0.108777 0.0949752
1.4  0.85 0.102014 0.0950899
1.4  0.875 0.0957518 0.0953107
1.4  0.9 0.0881536 0.0948687
1.4  0.925 0.080613 0.0939223
1.4  0.95 0.0733465 0.0925071
1.4  0.975 0.0635347 0.0892424
1.4  1 0.0547208 0.0855031
1.4  1.025 0.0451792 0.0802785
1.4  1.05 0.0354029 0.0735543
1.4  1.075 0.024289 0.062834
1.4  1.1 0.0140031 0.0492783
1.4  1.125 0.00543848 0.0315761
1.4  1.15 0.00118834 0.014634
1.4  1.175 0.000136667 0.00522894
1.4  1.2 6.36617e-06 0.000993663
1.4  1.225 1.13431e-14 3.41689e-12
1.4  1.25 3.07627e-25 1.97076e-22

1.6  0 0.2 2.84615e-06
1.6  0.025 0.19993 0.00347899
1.6  0.05 0.199712 0.00694726
1.6  0.075 0.199349 0.0104031
1.6  0.1 0.198829 0.0138616
1.6  0.125 0.198184 0.0173118
1.6  0.15 0.197477 0.0207696
1.6  0.175 0.196473 0.0241876
1.6  0.2 0.195418 0.0275613
1.6  0.225 0.194148 0.0310633
1.6  0.25 0.192743 0.0343112
1.6  0.275 0.191374 0.0376774
1.6  0.3 0.18963 0.040963
1.6  0.325 0.187997 0.0442589
1.6  0.35 0.185796 0.0475587
1.6  0.375 0.18364 0.0508188
1.6  0.4 0.181275 0.0539246
1.6  0.425 0.178786 0.0569628
1.6  0.45 0.175958 0.0601585
1.6  0.475 0.173269 0.0630894
1.6  0.5 0.170343 0.065909
1.6  0.525 0.167157 0.0688973
1.6  0.55 0.163901 0.0716989
1.6  0.575 0.16048 0.0744624
1.6  0.6 0.156399 0.0769331
1.6  0.625 0.152792 0.0796095
1.6  0.65 0.148666 0.0817638
1.6  0.675 0.144019 0.0840461
1.6  0.7 0.139748 0.0862245
1.6  0.725 0.133717 0.087834
1.6  0.75 0.129742 0.0898858
1.6  0.775 0.124055 0.0912611
1.6  0.8 0.118409 0.0924372
1.6  0.825 0.111969 0.0934927
1.6  0.85 0.106233 0.0942016
1.6  0.875 0.0991683 0.0944407
1.6  0.9 0.093187 0.0945286
1.6  0.925 0.0849212 0.0933981
1.6  0.95 0.0773463 0.0924439
1.6  0.975 0.0705879 0.0910017
1.6  1 0.0609593 0.0874766
1.6  1.025 0.0513932 0.0831106
1.6  1.05 0.0419473 0.0775048
1.6  1.075 0.0321857 0.0702851
1.6  1.1 0.0205678 0.0582358
1.6  1.125 0.00996336 0.0418811
1.6  1.15 0.00296308 0.023148
1.6  1.175 0.00039427 0.00857457
1.6  1.2 9.97343e-06 0.00133337
1.6  1.225 3.0131e-10 1.02043e-07
1.6  1.25 3.89434e-18 2.23548e-15

1.8  0 0.2 2.84615e-06
1.8  0.025 0.199929 0.00338203
1.8  0.05 0.199717 0.00675068
1.8  0.075 0.199407 0.0101271
1.8  0.1 0.198911 0.0134894
1.8  0.125 0.198302 0.016835
1.8  0.15 0.197507 0.0201717
1.8  0.175 0.196645 0.023542
1.8  0.2 0.195472 0.0268348
1.8  0.225 0.194433 0.0301111
1.8  0.25 0.193145 0.0334301
1.8  0.275 0.191463 0.0366294
1.8  0.3 0.190088 0.039996
1.8  0.325 0.188112 0.0431711
1.8  0.35 0.186286 0.0461909
1.8  0.375 0.184358 0.0493319
1.8  0.4 0.182002 0.0525246
1.8  0.425 0.179772 0.0556347
1.8  0.45 0.177241 0.0586258
1.8  0.475 0.174469 0.0615085
1.8  0.5 0.171376 0.0644994
1.8  0.525 0.168648 0.0671158
1.8  0.55 0.165014 0.0698411
1.8  0.575 0.161774 0.0726082
1.8  0.6 0.158534 0.0751768
1.8  0.625 0.15459 0.0777099
1.8  0.65 0.150469 0.0798894
1.8  0.675 0.145947 0.0821939
1.8  0.7 0.142017 0.0843268
1.8  0.725 0.137313 0.0862533
1.8  0.75 0.132659 0.0882252
1.8  0.775 0.127469 0.089771
1.8  0.8 0.12158 0.0910448
1.8  0.825 0.116327 0.092147
1.8  0.85 0.110447 0.0931724
1.8  0.875 0.103747 0.0936243
1.8  0.9 0.0966408 0.0933539
1.8  0.925 0.0902423 0.0933817
1.8  0.95 0.0831123 0.0928409
1.8  0.975 0.0752292 0.0912138
1.8  1 0.0674915 0.0894598
1.8  1.025 0.0581926 0.0857076
1.8  1.05 0.0491595 0.0813211
1.8  1.075 0.0390486 0.0750382
1.8  1.1 0.0287262 0.0667563
1.8  1.125 0.0167354 0.0524228
1.8  1.15 0.00700399 0.0350757
1.8  1.175 0.00168565 0.017369
1.8  1.2 0.000118337 0.0045647
1.8  1.225 1.5389e-05 0.00179356
1.8  1.25 2.2361e-14 5.83905e-12

2  0 0.2 2.84615e-06
2  0.025 0.199933 0.00329003
2  0.05 0.199751 0.00658637
2  0.075 0.199445 0.00989668
2  0.1 0.198978 0.0131483
2  0.125 0.198325 0.0164041
2  0.15 0.1976 0.0197003
2  0.175 0.19673 0.0229358
2  0.2 0.195843 0.0261671
2  0.225 0.194602 0.0293751
2  0.25 0.193323 0.0325675
2  0.275 0.192012 0.0357317
2  0.3 0.190556 0.0389418
2  0.325 0.188681 0.0420624
2  0.35 0.186747 0.0451138
2  0.375 0.184835 0.0481921
2  0.4 0.182881 0.0512733
2  0.425 0.180462 0.054152
2  0.45 0.178151 0.0570789
2  0.475 0.175123 0.060047
2  0.5 0.172634 0.0629057
2  0.525 0.169724 0.0657105
2  0.55 0.166523 0.0682973
2  0.575 0.163501 0.0710726
2  0.6 0.15979 0.0735155
2  0.625 0.156324 0.0760792
2  0.65 0.152399 0.0783703
2  0.675 0.148303 0.0806335
2  0.7 0.143889 0.0826358
2  0.725 0.139882 0.0848468
2  0.75 0.135032 0.0865567
2  0.775 0.130138 0.0880887
2  0.8 0.12467 0.0894334
2  0.825 0.119694 0.0906678
2  0.85 0.114515 0.0920833
2  0.875 0.107934 0.0925166
2  0.9 0.101245 0.0929987
2  0.925 0.0950869 0.093031
2  0.95 0.088608 0.0930368
2  0.975 0.0807624 0.0919607
2  1 0.0726707 0.0902108
2  1.025 0.0641765 0.087605
2  1.05 0.0552857 0.0841563
2  1.075 0.0460093 0.0793421
2  1.1 0.0350989 0.0714134
2  1.125 0.0246015 0.062325
2  1.15 0.0141261 0.0485074
2  1.175 0.00476146 0.0286903
2  1.2 0.000891369 0.0125134
2  1.225 7.54538e-05 0.00360323
2  1.25 6.13233e-11 3.60849e-08

2.2  0 0.2 2.84615e-06
2.2  0.025 0.199946 0.00322883
2.2  0.05 0.199746 0.00644601
2.2  0.075 0.19944 0.00964705
2.2  0.1 0.198984 0.0128901
2.2  0.125 0.198485 0.0160802
2.2  0.15 0.197661 0.0192598
2.2  0.175 0.196834 0.0224663
2.2  0.2 0.195889 0.0256405
2.2  0.225 0.194713 0.0287823
2.2  0.25 0.193568 0.0318941
2.2  0.275 0.19227 0.0350268
2.2  0.3 0.19071 0.0381371
2.2  0.325 0.189174 0.0411883
2.2  0.35 0.187389 0.0442685
2.2  0.375 0.185429 0.0472718
2.2  0.4 0.183154 0.0501777
2.2  0.425 0.181001 0.0530638
2.2  0.45 0.178971 0.0559487
2.2  0.475 0.176663 0.0588994
2.2  0.5 0.173591 0.0615912
2.2  0.525 0.170706 0.0642961
2.2  0.55 0.16797 0.0671145
2.2  0.575 0.164739 0.0696849
2.2  0.6 0.161382 0.072051
2.2  0.625 0.158059 0.0745657
2.2  0.65 0.154228 0.0768375
2.2  0.675 0.150535 0.0789788
2.2  0.7 0.146545 0.0813748
2.2  0.725 0.142046 0.0834574
2.2  0.75 0.137296 0.0851809
2.2  0.775 0.132629 0.0868685
2.2  0.8 0.127491 0.0886392
2.2  0.825 0.123155 0.0900398
2.2  0.85 0.117528 0.0910176
2.2  0.875 0.111418 0.0919862
2.2  0.9 0.105163 0.0924797
2.2  0.925 0.0991086 0.0927569
2.2  0.95 0.0924803 0.0926906
2.2  0.975 0.0853861 0.0920848
2.2  1 0.0778407 0.0909213
2.2  1.025 0.0699104 0.089027
2.2  1.05 0.0619776 0.0866113
2.2  1.075 0.0523123 0.0823115
2.2  1.1 0.0433993 0.0773683
2.2  1.125 0.0315759 0.0686832
2.2  1.15 0.0212627 0.0578403
2.2  1.175 0.0101495 0.041456
2.2  1.2 0.00307489 0.0233927
2.2  1.225 0.000326786 0.00767103
2.2  1.25 1.13485e-05 0.00120252

2.4  0 0.2 2.84615e-06
2.4  0.025 0.199948 0.0031578
2.4  0.05 0.199743 0.006311
2.4  0.075 0.19945 0.00945944
2.4  0.1 0.199057 0.0126097
2.4  0.125 0.198452 0.0157675
2.4  0.15 0.197763 0.0188976
2.4  0.175 0.197039 0.0219731
2.4  0.2 0.195985 0.0250851
2.4  0.225 0.195063 0.0282162
2.4  0.25 0.193648 0.0312282
2.4  0.275 0.192506 0.0342938
2.4  0.3 0.191119 0.037355
2.4  0.325 0.189328 0.0403189
2.4  0.35 0.187671 0.0433449
2.4  0.375 0.186115 0.0463057
2.4  0.4 0.183899 0.0491649
2.4  0.425 0.181984 0.0520089
2.4  0.45 0.179566 0.0548996
2.4  0.475 0.177271 0.0577648
2.4  0.5 0.174687 0.0604096
2.4  0.525 0.171826 0.0632139
2.4  0.55 0.168956 0.0657089
2.4  0.575 0.165852 0.0685182
2.4  0.6 0.163211 0.0707763
2.4  0.625 0.159706 0.0733469
2.4  0.65 0.155547 0.0756089
2.4  0.675 0.152379 0.0780329
2.4  0.7 0.148872 0.080248
2.4  0.725 0.144371 0.0821259
2.4  0.75 0.139999 0.0839819
2.4  0.775 0.135541 0.0858933
2.4  0.8 0.130536 0.0872249
2.4  0.825 0.125702 0.0885267
2.4  0.85 0.120166 0.090029
2.4  0.875 0.114692 0.090851
2.4  0.9 0.109302 0.0918944
2.4  0.925 0.103402 0.0923975
2.4  0.95 0.097118 0.0928046
2.4  0.975 0.0903226 0.0921098
2.4  1 0.0830313 0.0915275
2.4  1.025 0.0755435 0.0901565
2.4  1.05 0.0671322 0.0878632
2.4  1.075 0.0592312 0.0852559
2.4  1.1 0.0489421 0.0801508
2.4  1.125 0.0393248 0.074363
2.4  1.15 0.0291995 0.0663595
2.4  1.175 0.0165904 0.0519056
2.4  1.2 0.00728253 0.0354759
2.4  1.225 0.00129092 0.0151695
2.4  1.25 0.00010487 0.00420481

2.6  0 0.2 2.84615e-06
2.6  0.025 0.199948 0.00310434
2.6  0.05 0.199759 0.00620366
2.6  0.075 0.199509 0.00929971
2.6  0.1 0.199025 0.0124112
2.6  0.125 0.198466 0.0154949
2.6  0.15 0.197762 0.0185239
2.6  0.175 0.197072 0.0216341
2.6  0.2 0.196176 0.0246816
2.6  0.225 0.195245 0.0277067
2.6  0.25 0.193908 0.0307167
2.6  0.275 0.192661 0.0337656
2.6  0.3 0.191186 0.0367711
2.6  0.325 0.18974 0.0397099
2.6  0.35 0.188219 0.0426674
2.6  0.375 0.186226 0.0455661
2.6  0.4 0.184567 0.0483443
2.6  0.425 0.182472 0.0512275
2.6  0.45 0.18005 0.0539726
2.6  0.475 0.177988 0.0568217
2.6  0.5 0.175428 0.059628
2.6  0.525 0.172522 0.0621746
2.6  0.55 0.169733 0.0646514
2.6  0.575 0.166784 0.0674106
2.6  0.6 0.164016 0.0696916
2.6  0.625 0.160941 0.072195
2.6  0.65 0.157712 0.0744871
2.6  0.675 0.153149 0.0764995
2.6  0.7 0.149574 0.078874
2.6  0.725 0.146103 0.0810577
2.6  0.75 0.141936 0.0830295
2.6  0.775 0.137881 0.084686
2.6  0.8 0.133076 0.0863123
2.6  0.825 0.128094 0.0879332
2.6  0.85 0.123571 0.089153
2.6  0.875 0.11848 0.0904187
2.6  0.9 0.112232 0.0911896
2.6  0.925 0.107154 0.0921467
2.6  0.95 0.100391 0.0921245
2.6  0.975 0.0945929 0.0924012
2.6  1 0.0874232 0.0917485
2.6  1.025 0.0811586 0.0915816
2.6  1.05 0.0727958 0.0895701
2.6  1.075 0.0645438 0.0875943
2.6  1.1 0.0552788 0.0834722
2.6  1.125 0.0461598 0.0786295
2.6  1.15 0.0361099 0.0720901
2.6  1.175 0.0239277 0.060921
2.6  1.2 0.0128476 0.0462382
2.6  1.225 0.00375445 0.0255646
2.6  1.25 0.000607995 0.0105573

2.8  0 0.2 2.84615e-06
2.8  0.025 0.199954 0.00305883
2.8  0.05 0.199771 0.00612657
2.8  0.075 0.199445 0.0091724
2.8  0.1 0.199081 0.0122364
2.8  0.125 0.198504 0.0152421
2.8  0.15 0.197874 0.0182988
2.8  0.175 0.197178 0.0213227
2.8  0.2 0.196242 0.0243102
2.8  0.225 0.195334 0.0273526
2.8  0.25 0.194051 0.0303142
2.8  0.275 0.192784 0.0332702
2.8  0.3 0.191724 0.0362495
2.8  0.325 0.190122 0.0391847
2.8  0.35 0.188305 0.0420062
2.8  0.375 0.186706 0.0448434
2.8  0.4 0.184637 0.0477052
2.8  0.425 0.182943 0.0505774
2.8  0.45 0.180796 0.0532817
2.8  0.475 0.178478 0.0559687
2.8  0.5 0.176031 0.0587343
2.8  0.525 0.173638 0.0613658
2.8  0.55 0.170583 0.0638413
2.8  0.575 0.167962 0.0664163
2.8  0.6 0.165159 0.068988
2.8  0.625 0.162484 0.0713576
2.8  0.65 0.158806 0.0735191
2.8  0.675 0.155318 0.0760208
2.8  0.7 0.151403 0.0779657
2.8  0.725 0.147704 0.0798856
2.8  0.75 0.143617 0.0820563
2.8  0.775 0.139662 0.0838037
2.8  0.8 0.135074 0.0856388
2.8  0.825 0.130606 0.08711
2.8  0.85 0.125949 0.0884659
2.8  0.875 0.121017 0.0897161
2.8  0.9 0.115707 0.0905706
2.8  0.925 0.109771 0.0913646
2.8  0.95 0.104186 0.0923392
2.8  0.975 0.098127 0.0926854
2.8  1 0.0914526 0.0921491
2.8  1.025 0.0843226 0.091136
2.8  1.05 0.0767714 0.0898954
2.8  1.075 0.0695529 0.0885521
2.8  1.1 0.0613556 0.0856058
2.8  1.125 0.051376 0.0814019
2.8  1.15 0.0419368 0.0760672
2.8  1.175 0.0315296 0.0684418
2.8  1.2 0.0185356 0.0544197
2.8  1.225 0.00819111 0.0373569
2.8  1.25 0.00136345 0.015698

3  0 0.2 2.84615e-06
3  0.025 0.19994 0.00301856
3  0.05 0.199776 0.00603601
3  0.075 0.199479 0.00904887
3  0.1 0.199055 0.0120757
3  0.125 0.198553 0.0150768
3  0.15 0.197956 0.0180987
3  0.175 0.197189 0.0210575
3  0.2 0.196318 0.0240269
3  0.225 0.195385 0.0270055
3  0.25 0.194279 0.0299411
3  0.275 0.193084 0.032852
3  0.3 0.191669 0.0357641
3  0.325 0.190189 0.0386426
3  0.35 0.188545 0.0414868
3  0.375 0.187166 0.0443491
3  0.4 0.184991 0.0471188
3  0.425 0.183052 0.0498742
3  0.45 0.180962 0.0525922
3  0.475 0.179028 0.0552957
3  0.5 0.17673 0.0580122
3  0.525 0.174248 0.0606144
3  0.55 0.171592 0.0630747
3  0.575 0.168605 0.0657065
3  0.6 0.166338 0.0679395
3  0.625 0.163032 0.0704614
3  0.65 0.159821 0.0727885
3  0.675 0.156394 0.0749739
3  0.7 0.153322 0.0772154
3  0.725 0.149162 0.0792329
3  0.75 0.144854 0.0811369
3  0.775 0.141284 0.082873
3  0.8 0.137166 0.0847115
3  0.825 0.132327 0.0863464
3  0.85 0.128393 0.0878946
3  0.875 0.123472 0.0892095
3  0.9 0.118491 0.0901603
3  0.925 0.113117 0.0913201
3  0.95 0.107575 0.0917831
3  0.975 0.101338 0.0922805
3  1 0.0944912 0.0919785
3  1.025 0.0887604 0.091773
3  1.05 0.0814772 0.0909573
3  1.075 0.0737523 0.0894716
3  1.1 0.0650572 0.0867655
3  1.125 0.0563547 0.0835823
3  1.15 0.0480501 0.0796962
3  1.175 0.037064 0.0727498
3  1.2 0.0256173 0.0625061
3  1.225 0.013628 0.0474468
3  1.25 0.00336503 0.0244479

3.2  0 0.2 2.84615e-06
3.2  0.025 0.199942 0.00298655
3.2  0.05 0.199781 0.00598283
3.2  0.075 0.199478 0.00894701
3.2  0.1 0.199078 0.0119245
3.2  0.125 0.19865 0.0149083
3.2  0.15 0.198007 0.0178489
3.2  0.175 0.197301 0.0208399
3.2  0.2 0.196474 0.0237842
3.2  0.225 0.195544 0.0266885
3.2  0.25 0.194354 0.0295745
3.2  0.275 0.193155 0.0324648
3.2  0.3 0.191905 0.0353641
3.2  0.325 0.190507 0.0381862
3.2  0.35 0.189022 0.0409907
3.2  0.375 0.187377 0.0437741
3.2  0.4 0.185383 0.0465256
3.2  0.425 0.183676 0.0492858
3.2  0.45 0.181919 0.0519879
3.2  0.475 0.179621 0.0547867
3.2  0.5 0.177236 0.0574044
3.2  0.525 0.174745 0.0600403
3.2  0.55 0.172211 0.0624466
3.2  0.575 0.169467 0.0649057
3.2  0.6 0.166736 0.0672913
3.2  0.625 0.163787 0.0697248
3.2  0.65 0.160614 0.0719151
3.2  0.675 0.157494 0.0742904
3.2  0.7 0.154406 0.0765462
3.2  0.725 0.150687 0.0784648
3.2  0.75 0.146583 0.0803748
3.2  0.775 0.143052 0.0823217
3.2  0.8 0.138968 0.0840201
3.2  0.825 0.134759 0.0856482
3.2  0.85 0.130238 0.0871757
3.2  0.875 0.125436 0.0884922
3.2  0.9 0.120653 0.0898781
3.2  0.925 0.115247 0.0908088
3.2  0.95 0.11024 0.0914941
3.2  0.975 0.104367 0.0921056
3.2  1 0.0982178 0.0923154
3.2  1.025 0.0918847 0.0919565
3.2  1.05 0.0849286 0.0912052
3.2  1.075 0.0780307 0.0903761
3.2  1.1 0.0702162 0.0885682
3.2  1.125 0.0620849 0.0859764
3.2  1.15 0.052712 0.08194
3.2  1.175 0.04286 0.0764827
3.2  1.2 0.0314353 0.0681583
3.2  1.225 0.019118 0.0551297
3.2  1.25 0.0063725 0.0329284

3.4  0 0.2 2.84615e-06
3.4  0.025 0.199927 0.0029575
3.4  0.05 0.199761 0.00591306
3.4  0.075 0.1995 0.00885649
3.4  0.1 0.199137 0.0118196
3.4  0.125 0.198675 0.0147514
3.4  0.15 0.198074 0.0177071
3.4  0.175 0.197283 0.0206296
3.4  0.2 0.196472 0.0235386
3.4  0.225 0.195477 0.0264671
3.4  0.25 0.194578 0.0292672
3.4  0.275 0.193445 0.0321768
3.4  0.3 0.192057 0.0350263
3.4  0.325 0.190744 0.0378791
3.4  0.35 0.189091 0.0406345
3.4  0.375 0.187599 0.0433994
3.4  0.4 0.185964 0.0462259
3.4  0.425 0.184041 0.0488654
3.4  0.45 0.181859 0.0515203
3.4  0.475 0.180066 0.0541645
3.4  0.5 0.17763 0.0566757
3.4  0.525 0.174961 0.0592535
3.4  0.55 0.172443 0.0618736
3.4  0.575 0.169952 0.0643107
3.4  0.6 0.167369 0.066687
3.4  0.625 0.164594 0.0689845
3.4  0.65 0.161695 0.0713559
3.4  0.675 0.158249 0.0736923
3.4  0.7 0.155369 0.0756513
3.4  0.725 0.151501 0.0776369
3.4  0.75 0.147858 0.0796787
3.4  0.775 0.144451 0.0818275
3.4  0.8 0.140468 0.0835004
3.4  0.825 0.135906 0.0850897
3.4  0.85 0.131249 0.0866105
3.4  0.875 0.127679 0.087824
3.4  0.9 0.12248 0.0889965
3.4  0.925 0.11764 0.0901466
3.4  0.95 0.11262 0.0910181
3.4  0.975 0.106492 0.0915343
3.4  1 0.10126 0.0921532
3.4  1.025 0.0945706 0.0919181
3.4  1.05 0.0882439 0.091819
3.4  1.075 0.0817064 0.0908498
3.4  1.1 0.0747103 0.0896394
3.4  1.125 0.0659796 0.0870584
3.4  1.15 0.057502 0.084063
3.4  1.175 0.047628 0.0793067
3.4  1.2 0.0362932 0.0719694
3.4  1.225 0.024054 0.0608653
3.4  1.25 0.0110306 0.043012

3.6  0 0.2 2.84615e-06
3.6  0.025 0.19994 0.00293663
3.6  0.05 0.199796 0.00586869
3.6  0.075 0.199482 0.00878322
3.6  0.1 0.199122 0.0117419
3.6  0.125 0.198625 0.0146608
3.6  0.15 0.198047 0.0175476
3.6  0.175 0.197447 0.0204399
3.6  0.2 0.196565 0.0233361
3.6  0.225 0.195641 0.0261682
3.6  0.25 0.194631 0.0290815
3.6  0.275 0.193569 0.0318922
3.6  0.3 0.192342 0.034687
3.6  0.325 0.190864 0.037462
3.6  0.35 0.189599 0.0402638
3.6  0.375 0.187836 0.0430703
3.6  0.4 0.18593 0.0458277
3.6  0.425 0.184396 0.048479
3.6  0.45 0.182434 0.0510152
3.6  0.475 0.180051 0.0536852
3.6  0.5 0.178269 0.0562992
3.6  0.525 0.175972 0.0587336
3.6  0.55 0.17314 0.0613199
3.6  0.575 0.171034 0.0638657
3.6  0.6 0.168042 0.0661445
3.6  0.625 0.165293 0.0684881
3.6  0.65 0.162366 0.0709725
3.6  0.675 0.159211 0.0728855
3.6  0.7 0.156069 0.0751552
3.6  0.725 0.15263 0.0770534
3.6  0.75 0.149029 0.0790903
3.6  0.775 0.145378 0.0809307
3.6  0.8 0.141571 0.0828787
3.6  0.825 0.137562 0.0845035
3.6  0.85 0.132488 0.0857803
3.6  0.875 0.128644 0.087335
3.6  0.9 0.124202 0.0886005
3.6  0.925 0.119677 0.0898224
3.6  0.95 0.113787 0.0905398
3.6  0.975 0.108635 0.0912656
3.6  1 0.103732 0.0920583
3.6  1.025 0.0974362 0.0919555
3.6  1.05 0.0913063 0.0918467
3.6  1.075 0.0846697 0.0911792
3.6  1.1 0.0779167 0.090489
3.6  1.125 0.0694607 0.0880382
3.6  1.15 0.0607788 0.0849467
3.6  1.175 0.0516606 0.0809951
3.6  1.2 0.0419733 0.0761422
3.6  1.225 0.0297094 0.0664172
3.6  1.25 0.0147342 0.0488032

3.8  0 0.2 2.84615e-06
3.8  0.025 0.199943 0.00291839
3.8  0.05 0.199798 0.00583651
3.8  0.075 0.199528 0.00874901
3.8  0.1 0.199172 0.0116381
3.8  0.125 0.198691 0.0145167
3.8  0.15 0.198074 0.0174052
3.8  0.175 0.1973 0.0203418
3.8  0.2 0.196566 0.0232136
3.8  0.225 0.195648 0.0260192
3.8  0.25 0.194701 0.0288305
3.8  0.275 0.193546 0.0316788
3.8  0.3 0.192267 0.0345374
3.8  0.325 0.191041 0.0372761
3.8  0.35 0.189381 0.0399966
3.8  0.375 0.188044 0.0428121
3.8  0.4 0.186297 0.0453853
3.8  0.425 0.184394 0.0481597
3.8  0.45 0.182515 0.050798
3.8  0.475 0.180546 0.0533541
3.8  0.5 0.17834 0.0558464
3.8  0.525 0.175972 0.0584511
3.8  0.55 0.173878 0.0608662
3.8  0.575 0.171143 0.0633711
3.8  0.6 0.16882 0.0657894
3.8  0.625 0.165921 0.0679824
3.8  0.65 0.16296 0.0703261
3.8  0.675 0.159944 0.0723196
3.8  0.7 0.156671 0.0744943
3.8  0.725 0.153344 0.0764903
3.8  0.75 0.149915 0.0786201
3.8  0.775 0.146671 0.0805677
3.8  0.8 0.143032 0.0823553
3.8  0.825 0.138432 0.0839845
3.8  0.85 0.134395 0.0853244
3.8  0.875 0.130267 0.0869029
3.8  0.9 0.126321 0.0883349
3.8  0.925 0.121497 0.0895442
3.8  0.95 0.115906 0.0901351
3.8  0.975 0.110732 0.0909647
3.8  1 0.105903 0.0919551
3.8  1.025 0.099574 0.0917125
3.8  1.05 0.0933973 0.0921545
3.8  1.075 0.0875343 0.0915185
3.8  1.1 0.0799209 0.0906221
3.8  1.125 0.0723719 0.0887138
3.8  1.15 0.0653468 0.0872699
3.8  1.175 0.0563271 0.0837975
3.8  1.2 0.0454127 0.0780333
3.8  1.225 0.0340822 0.0701158
3.8  1.25 0.0197054 0.0558104

4  0 0.2 2.84615e-06
4  0.025 0.199942 0.00289818
4  0.05 0.199803 0.00579403
4  0.075 0.199513 0.00867531
4  0.1 0.199202 0.0115598
4  0.125 0.198727 0.0144464
4  0.15 0.198026 0.0173305
4  0.175 0.197409 0.0201846
4  0.2 0.196708 0.0230082
4  0.225 0.195686 0.0258553
4  0.25 0.194678 0.0287074
4  0.275 0.193779 0.0314767
4  0.3 0.192304 0.0342567
4  0.325 0.191154 0.0369644
4  0.35 0.189405 0.0397159
4  0.375 0.188259 0.0424967
4  0.4 0.186382 0.04514
4  0.425 0.184576 0.0477471
4  0.45 0.182806 0.0504732
4  0.475 0.181025 0.0529861
4  0.5 0.178823 0.0555304
4  0.525 0.176483 0.0579573
4  0.55 0.174104 0.0605438
4  0.575 0.17165 0.0628257
4  0.6 0.169106 0.065163
4  0.625 0.166551 0.0675787
4  0.65 0.164024 0.0698472
4  0.675 0.16065 0.0720149
4  0.7 0.157255 0.0739203
4  0.725 0.154401 0.0760246
4  0.75 0.150557 0.0781339
4  0.775 0.14717 0.0800783
4  0.8 0.144082 0.0818621
4  0.825 0.139824 0.0834308
4  0.85 0.135548 0.0851541
4  0.875 0.131325 0.0864892
4  0.9 0.126831 0.0876896
4  0.925 0.122406 0.0889562
4  0.95 0.117698 0.0900975
4  0.975 0.113001 0.0908664
4  1 0.106909 0.0913952
4  1.025 0.101554 0.0918215
4  1.05 0.0956498 0.0916094
4  1.075 0.0898398 0.0915221
4  1.1 0.0829522 0.0907742
4  1.125 0.076074 0.0896611
4  1.15 0.0685121 0.0878914
4  1.175 0.059455 0.084763
4  1.2 0.050437 0.0807912
4  1.225 0.0396038 0.0743878
4  1.25 0.0248863 0.0619896

4.2  0 0.2 2.84615e-06
4.2  0.025 0.199953 0.0028813
4.2  0.05 0.199799 0.00575641
4.2  0.075 0.199486 0.00861797
4.2  0.1 0.19918 0.0114876
4.2  0.125 0.198777 0.0143735
4.2  0.15 0.198121 0.0172402
4.2  0.175 0.197453 0.0200812
4.2  0.2 0.196655 0.0229199
4.2  0.225 0.195764 0.0257386
4.2  0.25 0.194782 0.0285266
4.2  0.275 0.193801 0.0313033
4.2  0.3 0.192494 0.0340441
4.2  0.325 0.191478 0.0367892
4.2  0.35 0.189616 0.0394961
4.2  0.375 0.188226 0.0422031
4.2  0.4 0.186602 0.0449201
4.2  0.425 0.184812 0.0474678
4.2  0.45 0.183144 0.0500785
4.2  0.475 0.180919 0.0526745
4.2  0.5 0.179021 0.0551577
4.2  0.525 0.17695 0.0577167
4.2  0.55 0.174352 0.0601177
4.2  0.575 0.172063 0.0624816
4.2  0.6 0.169429 0.0647728
4.2  0.625 0.166816 0.0671115
4.2  0.65 0.164342 0.0694418
4.2  0.675 0.161152 0.0715279
4.2  0.7 0.158115 0.0735552
4.2  0.725 0.154918 0.0756129
4.2  0.75 0.151021 0.0774977
4.2  0.775 0.148014 0.0795878
4.2  0.8 0.144926 0.0814112
4.2  0.825 0.14079 0.0831957
4.2  0.85 0.136431 0.0846001
4.2  0.875 0.132189 0.0861376
4.2  0.9 0.128243 0.0874744
4.2  0.925 0.123208 0.0884916
4.2  0.95 0.119227 0.0897534
4.2  0.975 0.11364 0.0903552
4.2  1 0.109416 0.0912705
4.2  1.025 0.103758 0.0917212
4.2  1.05 0.0979165 0.0918102
4.2  1.075 0.0913692 0.0913851
4.2  1.1 0.0854286 0.0911663
4.2  1.125 0.0789087 0.0904398
4.2  1.15 0.0706911 0.0883053
4.2  1.175 0.0624931 0.0857991
4.2  1.2 0.0534226 0.0821707
4.2  1.225 0.0430496 0.0766205
4.2  1.25 0.0281903 0.0650742

4.4  0 0.2 2.84615e-06
4.4  0.025 0.199945 0.00286474
4.4  0.05 0.199787 0.00573842
4.4  0.075 0.199557 0.00860414
4.4  0.1 0.199161 0.0114445
4.4  0.125 0.198762 0.0143036
4.4  0.15 0.198172 0.0171399
4.4  0.175 0.197523 0.0199442
4.4  0.2 0.196752 0.0228143
4.4  0.225 0.195833 0.0256065
4.4  0.25 0.194816 0.0283931
4.4  0.275 0.19379 0.0311566
4.4  0.3 0.192611 0.0339404
4.4  0.325 0.191164 0.0366748
4.4  0.35 0.18997 0.0393228
4.4  0.375 0.188387 0.0420077
4.4  0.4 0.18677 0.0447034
4.4  0.425 0.185034 0.0472625
4.4  0.45 0.183326 0.0498502
4.4  0.475 0.181115 0.05241
4.4  0.5 0.178924 0.0548881
4.4  0.525 0.176915 0.057426
4.4  0.55 0.174526 0.0598036
4.4  0.575 0.172576 0.0622133
4.4  0.6 0.169838 0.0644882
4.4  0.625 0.167195 0.0668577
4.4  0.65 0.164405 0.069037
4.4  0.675 0.161719 0.0712745
4.4  0.7 0.15823 0.0732082
4.4  0.725 0.155531 0.0754098
4.4  0.75 0.152298 0.077221
4.4  0.775 0.148877 0.0791683
4.4  0.8 0.145121 0.0810434
4.4  0.825 0.141635 0.0828723
4.4  0.85 0.13782 0.0842723
4.4  0.875 0.133511 0.0858627
4.4  0.9 0.129433 0.0870532
4.4  0.925 0.125249 0.0884589
4.4  0.95 0.121085 0.0895632
4.4  0.975 0.115704 0.0902923
4.4  1 0.110161 0.0908993
4.4  1.025 0.10564 0.0915549
4.4  1.05 0.100441 0.0922554
4.4  1.075 0.0945419 0.092049
4.4  1.1 0.0881475 0.0915118
4.4  1.125 0.0812459 0.0909313
4.4  1.15 0.0735634 0.0893378
4.4  1.175 0.0660568 0.0871947
4.4  1.2 0.0568254 0.0836235
4.4  1.225 0.0469441 0.079227
4.4  1.25 0.0335705 0.0697458

4.6  0 0.2 2.84615e-06
4.6  0.025 0.199942 0.00286092
4.6  0.05 0.19977 0.00570483
4.6  0.075 0.199517 0.00855614
4.6  0.1 0.199167 0.0114255
4.6  0.125 0.198746 0.0142501
4.6  0.15 0.198164 0.0170946
4.6  0.175 0.19741 0.0198958
4.6  0.2 0.196721 0.0227029
4.6  0.225 0.195898 0.0255083
4.6  0.25 0.194856 0.0282943
4.6  0.275 0.193809 0.0310313
4.6  0.3 0.19265 0.0337667
4.6  0.325 0.191377 0.0364586
4.6  0.35 0.189965 0.0391395
4.6  0.375 0.188519 0.0419071
4.6  0.4 0.186782 0.0444274
4.6  0.425 0.185024 0.0470925
4.6  0.45 0.183296 0.0496703
4.6  0.475 0.181002 0.0522024
4.6  0.5 0.179306 0.0547648
4.6  0.525 0.177289 0.0572524
4.6  0.55 0.174981 0.0596313
4.6  0.575 0.172548 0.0619733
4.6  0.6 0.170063 0.0641752
4.6  0.625 0.167199 0.0664507
4.6  0.65 0.164648 0.0687119
4.6  0.675 0.161716 0.0708853
4.6  0.7 0.159296 0.0730632
4.6  0.725 0.155901 0.0751022
4.6  0.75 0.152854 0.0770308
4.6  0.775 0.149768 0.0790817
4.6  0.8 0.145935 0.0807529
4.6  0.825 0.142127 0.0823151
4.6  0.85 0.138436 0.0840393
4.6  0.875 0.134366 0.0853337
4.6  0.9 0.130385 0.0867441
4.6  0.925 0.125692 0.087982
4.6  0.95 0.121839 0.0893372
4.6  0.975 0.117024 0.0901203
4.6  1 0.111894 0.0909935
4.6  1.025 0.106423 0.0913454
4.6  1.05 0.101025 0.0915625
4.6  1.075 0.095223 0.0915718
4.6  1.1 0.0896084 0.0916066
4.6  1.125 0.0826317 0.090845
4.6  1.15 0.0750252 0.089372
4.6  1.175 0.068403 0.0878644
4.6  1.2 0.0594691 0.0848638
4.6  1.225 0.0493988 0.0802978
4.6  1.25 0.0368493 0.0726199

4.8  0 0.2 2.84615e-06
4.8  0.025 0.199946 0.00284943
4.8  0.05 0.199793 0.00568354
4.8  0.075 0.199543 0.00853071
4.8  0.1 0.199243 0.0113712
4.8  0.125 0.198715 0.0141954
4.8  0.15 0.198172 0.0170308
4.8  0.175 0.19749 0.0198292
4.8  0.2 0.196735 0.0226211
4.8  0.225 0.195942 0.0253783
4.8  0.25 0.194934 0.0281709
4.8  0.275 0.193919 0.0309047
4.8  0.3 0.192691 0.0336318
4.8  0.325 0.191506 0.0363795
4.8  0.35 0.190079 0.0390021
4.8  0.375 0.188444 0.041691
4.8  0.4 0.186758 0.0442856
4.8  0.425 0.185586 0.0469381
4.8  0.45 0.183431 0.0494885
4.8  0.475 0.181467 0.0520048
4.8  0.5 0.17977 0.0545217
4.8  0.525 0.177284 0.0569846
4.8  0.55 0.175234 0.0594072
4.8  0.575 0.172974 0.0617262
4.8  0.6 0.170555 0.0639617
4.8  0.625 0.167706 0.0661795
4.8  0.65 0.165353 0.0686322
4.8  0.675 0.162446 0.0705655
4.8  0.7 0.1591 0.0726144
4.8  0.725 0.156277 0.0747008
4.8  0.75 0.152915 0.0767738
4.8  0.775 0.149874 0.0785686
4.8  0.8 0.146334 0.0804303
4.8  0.825 0.142742 0.0821764
4.8  0.85 0.138813 0.0835167
4.8  0.875 0.135482 0.0853286
4.8  0.9 0.131216 0.0865416
4.8  0.925 0.12656 0.0877428
4.8  0.95 0.122874 0.0889825
4.8  0.975 0.11771 0.0898983
4.8  1 0.113106 0.0907213
4.8  1.025 0.107965 0.0911692
4.8  1.05 0.102481 0.0915448
4.8  1.075 0.0975053 0.0919379
4.8  1.1 0.0908699 0.0915226
4.8  1.125 0.084181 0.0908898
4.8  1.15 0.0778722 0.0901305
4.8  1.175 0.0704943 0.08837
4.8  1.2 0.0624949 0.0862961
4.8  1.225 0.0524636 0.0817108
4.8  1.25 0.0401579 0.0750361

5  0 0.2 2.84615e-06
5  0.025 0.199953 0.00283749
5  0.05 0.199812 0.00566659
5  0.075 0.199524 0.00849697
5  0.1 0.199219 0.0113234
5  0.125 0.198758 0.0141458
5  0.15 0.198209 0.0169574
5  0.175 0.197516 0.0197843
5  0.2 0.196831 0.0225935
5  0.225 0.195962 0.0253044
5  0.25 0.194951 0.0280458
5  0.275 0.193986 0.0307825
5  0.3 0.19289 0.0335085
5  0.325 0.191534 0.036228
5  0.35 0.190195 0.0389015
5  0.375 0.188668 0.0414834
5  0.4 0.187059 0.04421
5  0.425 0.185445 0.0467872
5  0.45 0.183736 0.0493363
5  0.475 0.181799 0.0519058
5  0.5 0.179984 0.0543662
5  0.525 0.177775 0.056697
5  0.55 0.175145 0.0590808
5  0.575 0.173206 0.0614861
5  0.6 0.170617 0.0638994
5  0.625 0.167916 0.0660119
5  0.65 0.16516 0.0682803
5  0.675 0.162301 0.0703707
5  0.7 0.159743 0.0724617
5  0.725 0.156655 0.0745654
5  0.75 0.153721 0.0765313
5  0.775 0.150229 0.0783047
5  0.8 0.147111 0.0801671
5  0.825 0.143102 0.0817568
5  0.85 0.139531 0.0832053
5  0.875 0.135851 0.0846678
5  0.9 0.131755 0.0860936
5  0.925 0.127229 0.0875393
5  0.95 0.123268 0.0886571
5  0.975 0.119081 0.0896443
5  1 0.113866 0.0903192
5  1.025 0.109192 0.0913311
5  1.05 0.103868 0.0914169
5  1.075 0.0983508 0.0918592
5  1.1 0.0925771 0.0917905
5  1.125 0.0866421 0.0913692
5  1.15 0.0796951 0.0902734
5  1.175 0.0731482 0.089139
5  1.2 0.06444 0.0863561
5  1.225 0.0550287 0.0830373
5  1.25 0.042926 0.0764557

5.2  0 0.2 2.84615e-06
5.2  0.025 0.19995 0.00283125
5.2  0.05 0.199772 0.00564995
5.2  0.075 0.199556 0.0084784
5.2  0.1 0.199199 0.011314
5.2  0.125 0.198806 0.0141147
5.2  0.15 0.198179 0.016933
5.2  0.175 0.197556 0.019707
5.2  0.2 0.196848 0.0224869
5.2  0.225 0.195963 0.025228
5.2  0.25 0.194941 0.0279828
5.2  0.275 0.193868 0.0307266
5.2  0.3 0.192744 0.0334634
5.2  0.325 0.191604 0.036151
5.2  0.35 0.190028 0.0388139
5.2  0.375 0.188677 0.0414702
5.2  0.4 0.186998 0.0440096
5.2  0.425 0.185244 0.0466236
5.2  0.45 0.183686 0.0491838
5.2  0.475 0.181849 0.0517206
5.2  0.5 0.179705 0.0540977
5.2  0.525 0.178109 0.0567144
5.2  0.55 0.175835 0.0589618
5.2  0.575 0.173427 0.0612929
5.2  0.6 0.170738 0.0635697
5.2  0.625 0.168117 0.0657136
5.2  0.65 0.165796 0.0680549
5.2  0.675 0.162961 0.0703182
5.2  0.7 0.160232 0.0723434
5.2  0.725 0.15699 0.0743844
5.2  0.75 0.153636 0.0761317
5.2  0.775 0.150712 0.078135
5.2  0.8 0.147626 0.0798704
5.2  0.825 0.144184 0.0815794
5.2  0.85 0.140163 0.0830315
5.2  0.875 0.137023 0.0849266
5.2  0.9 0.132228 0.0861412
5.2  0.925 0.128306 0.087117
5.2  0.95 0.124845 0.0885361
5.2  0.975 0.119681 0.0894089
5.2  1 0.114833 0.0901484
5.2  1.025 0.110126 0.0909195
5.2  1.05 0.10521 0.0917212
5.2  1.075 0.100055 0.0918038
5.2  1.1 0.0936721 0.0914917
5.2  1.125 0.0879498 0.0913624
5.2  1.15 0.0810337 0.0904054
5.2  1.175 0.0737053 0.0887493
5.2  1.2 0.0660883 0.0869285
5.2  1.225 0.0575399 0.084064
5.2  1.25 0.045719 0.0781424

5.4  0 0.2 2.84615e-06
5.4  0.025 0.199952 0.00282189
5.4  0.05 0.199809 0.00564866
5.4  0.075 0.199545 0.00846248
5.4  0.1 0.199188 0.0112792
5.4  0.125 0.19878 0.0140947
5.4  0.15 0.198208 0.0168668
5.4  0.175 0.197509 0.0196418
5.4  0.2 0.196826 0.0224418
5.4  0.225 0.196023 0.0251715
5.4  0.25 0.195031 0.0279816
5.4  0.275 0.194052 0.0306285
5.4  0.3 0.192947 0.0333977
5.4  0.325 0.191598 0.0360365
5.4  0.35 0.190225 0.038662
5.4  0.375 0.188718 0.0413148
5.4  0.4 0.187357 0.0439412
5.4  0.425 0.18548 0.0464691
5.4  0.45 0.183665 0.0490447
5.4  0.475 0.181821 0.0515932
5.4  0.5 0.179894 0.0540572
5.4  0.525 0.177985 0.0564227
5.4  0.55 0.175782 0.0588305
5.4  0.575 0.173781 0.0612123
5.4  0.6 0.171132 0.0634904
5.4  0.625 0.168772 0.065713
5.4  0.65 0.165969 0.0678637
5.4  0.675 0.163297 0.0701349
5.4  0.7 0.160073 0.0720205
5.4  0.725 0.157077 0.0741011
5.4  0.75 0.154042 0.0760101
5.4  0.775 0.151177 0.0778288
5.4  0.8 0.147939 0.0797038
5.4  0.825 0.144099 0.0812415
5.4  0.85 0.140012 0.0827353
5.4  0.875 0.136984 0.0845345
5.4  0.9 0.133241 0.0857321
5.4  0.925 0.128739 0.0870427
5.4  0.95 0.124643 0.0880176
5.4  0.975 0.120498 0.0894325
5.4  1 0.116033 0.0900287
5.4  1.025 0.111534 0.0911119
5.4  1.05 0.105929 0.0912384
5.4  1.075 0.101048 0.0916519
5.4  1.1 0.0942991 0.0913095
5.4  1.125 0.0893178 0.0917838
5.4  1.15 0.0829886 0.0910339
5.4  1.175 0.0763043 0.0899295
5.4  1.2 0.0679103 0.0875605
5.4  1.225 0.0590118 0.0845842
5.4  1.25 0.0476437 0.078989

5.6  0 0.2 2.84615e-06
5.6  0.025 0.199957 0.00281747
5.6  0.05 0.199806 0.00563358
5.6  0.075 0.19954 0.00844704
5.6  0.1 0.19921 0.0112694
5.6  0.125 0.198766 0.0140337
5.6  0.15 0.198144 0.0168541
5.6  0.175 0.197615 0.019623
5.6  0.2 0.196843 0.022396
5.6  0.225 0.196078 0.0251446
5.6  0.25 0.19504 0.0279069
5.6  0.275 0.19399 0.0306141
5.6  0.3 0.192946 0.0333147
5.6  0.325 0.191675 0.0360169
5.6  0.35 0.190205 0.0386273
5.6  0.375 0.188803 0.0412665
5.6  0.4 0.187014 0.0438452
5.6  0.425 0.185637 0.0464532
5.6  0.45 0.183745 0.0489353
5.6  0.475 0.181791 0.0514727
5.6  0.5 0.179974 0.0539306
5.6  0.525 0.178083 0.0563717
5.6  0.55 0.175729 0.0586239
5.6  0.575 0.173643 0.0610022
5.6  0.6 0.171171 0.0634155
5.6  0.625 0.168629 0.065537
5.6  0.65 0.165928 0.0676332
5.6  0.675 0.162859 0.0697181
5.6  0.7 0.160404 0.0718521
5.6  0.725 0.157666 0.0739224
5.6  0.75 0.15462 0.0759181
5.6  0.775 0.151663 0.0777007
5.6  0.8 0.147927 0.0793376
5.6  0.825 0.145081 0.0812507
5.6  0.85 0.141237 0.0828133
5.6  0.875 0.137751 0.0842991
5.6  0.9 0.133397 0.085693
5.6  0.925 0.129314 0.0866886
5.6  0.95 0.125513 0.0880763
5.6  0.975 0.120919 0.0891879
5.6  1 0.11657 0.0901352
5.6  1.025 0.111755 0.0906716
5.6  1.05 0.107134 0.0912867
5.6  1.075 0.10153 0.0915782
5.6  1.1 0.096343 0.0916857
5.6  1.125 0.0908467 0.0917376
5.6  1.15 0.0838985 0.0907757
5.6  1.175 0.0772725 0.0897267
5.6  1.2 0.0703634 0.0885673
5.6  1.225 0.0612547 0.08528
5.6  1.25 0.0501087 0.0806484

5.8  0 0.2 2.84615e-06
5.8  0.025 0.199951 0.00281359
5.8  0.05 0.199769 0.00562384
5.8  0.075 0.199537 0.00844229
5.8  0.1 0.199212 0.0112299
5.8  0.125 0.198745 0.0140359
5.8  0.15 0.19827 0.0168137
5.8  0.175 0.197574 0.0196065
5.8  0.2 0.196811 0.0223827
5.8  0.225 0.195935 0.0251159
5.8  0.25 0.195111 0.0278602
5.8  0.275 0.19396 0.0305424
5.8  0.3 0.192774 0.033239
5.8  0.325 0.191485 0.0358814
5.8  0.35 0.190226 0.0385586
5.8  0.375 0.188842 0.0411613
5.8  0.4 0.187396 0.043817
5.8  0.425 0.185512 0.0462985
5.8  0.45 0.18396 0.0488264
5.8  0.475 0.182383 0.0513635
5.8  0.5 0.180087 0.0537271
5.8  0.525 0.178117 0.056095
5.8  0.55 0.176095 0.0585493
5.8  0.575 0.173812 0.0609141
5.8  0.6 0.171055 0.0630938
5.8  0.625 0.168501 0.0653282
5.8  0.65 0.166253 0.067696
5.8  0.675 0.163581 0.0696571
5.8  0.7 0.160818 0.0718138
5.8  0.725 0.157744 0.0737701
5.8  0.75 0.154688 0.07563
5.8  0.775 0.151938 0.0775504
5.8  0.8 0.148128 0.0794059
5.8  0.825 0.144797 0.0808684
5.8  0.85 0.140891 0.0823717
5.8  0.875 0.137961 0.0841331
5.8  0.9 0.133998 0.0854633
5.8  0.925 0.129857 0.0867815
5.8  0.95 0.126024 0.0879025
5.8  0.975 0.121383 0.088901
5.8  1 0.11788 0.0900576
5.8  1.025 0.112645 0.0908398
5.8  1.05 0.108263 0.091357
5.8  1.075 0.102708 0.0916891
5.8  1.1 0.097228 0.0915934
5.8  1.125 0.0912836 0.0914239
5.8  1.15 0.0856348 0.0910888
5.8  1.175 0.0794483 0.0904788
5.8  1.2 0.0710837 0.0880961
5.8  1.225 0.0631433 0.0859585
5.8  1.25 0.0522637 0.0814226

6  0 0.2 2.84615e-06
6  0.025 0.199955 0.0028073
6  0.05 0.199816 0.00561951
6  0.075 0.199581 0.00842545
6  0.1 0.199229 0.0112
6  0.125 0.198843 0.0140293
6  0.15 0.198225 0.0167993
6  0.175 0.197524 0.0195929
6  0.2 0.196922 0.0222751
6  0.225 0.196041 0.0250621
6  0.25 0.195086 0.0278169
6  0.275 0.193957 0.0304902
6  0.3 0.192945 0.033193
6  0.325 0.191604 0.0358461
6  0.35 0.190146 0.038565
6  0.375 0.188881 0.0411152
6  0.4 0.187278 0.043652
6  0.425 0.18587 0.0462571
6  0.45 0.184075 0.0487884
6  0.475 0.181833 0.0512424
6  0.5 0.180237 0.0537707
6  0.525 0.178122 0.0561361
6  0.55 0.176044 0.0583574
6  0.575 0.173968 0.0608984
6  0.6 0.171658 0.0630003
6  0.625 0.168576 0.065224
6  0.65 0.166344 0.0673386
6  0.675 0.163953 0.0695694
6  0.7 0.160686 0.071563
6  0.725 0.15806 0.0735587
6  0.75 0.154828 0.0755113
6  0.775 0.151586 0.0773212
6  0.8 0.148388 0.0790877
6  0.825 0.145401 0.0808475
6  0.85 0.141697 0.0824188
6  0.875 0.138532 0.0839734
6  0.9 0.134251 0.0851376
6  0.925 0.130505 0.0867386
6  0.95 0.126145 0.0875177
6  0.975 0.122367 0.0888667
6  1 0.117607 0.0894717
6  1.025 0.11346 0.0906935
6  1.05 0.108499 0.0911151
6  1.075 0.103345 0.0914778
6  1.1 0.0979434 0.0914574
6  1.125 0.0923126 0.0915097
6  1.15 0.0870202 0.0914275
6  1.175 0.0806099 0.0903847
6  1.2 0.0726407 0.0887394
6  1.225 0.0646936 0.0865272
6  1.25 0.0547381 0.0829888

6.2  0 0.2 2.84615e-06
6.2  0.025 0.199951 0.0028063
6.2  0.05 0.19981 0.00561571
6.2  0.075 0.199588 0.00841671
6.2  0.1 0.199257 0.0112186
6.2  0.125 0.198783 0.0140032
6.2  0.15 0.198191 0.0167689
6.2  0.175 0.197642 0.019565
6.2  0.2 0.196817 0.0222821
6.2  0.225 0.196076 0.0250724
6.2  0.25 0.195186 0.0277995
6.2  0.275 0.194065 0.0304729
6.2  0.3 0.192998 0.0331734
6.2  0.325 0.191787 0.0358187
6.2  0.35 0.190272 0.0384785
6.2  0.375 0.188921 0.041075
6.2  0.4 0.187367 0.04366
6.2  0.425 0.185873 0.0462321
6.2  0.45 0.183887 0.0486012
6.2  0.475 0.182031 0.0511597
6.2  0.5 0.180223 0.0536032
6.2  0.525 0.178001 0.0559943
6.2  0.55 0.176341 0.0584037
6.2  0.575 0.173994 0.0607491
6.2  0.6 0.171618 0.0629619
6.2  0.625 0.169102 0.0652554
6.2  0.65 0.166225 0.0672582
6.2  0.675 0.163671 0.0694317
6.2  0.7 0.160923 0.0714184
6.2  0.725 0.157646 0.0733406
6.2  0.75 0.155322 0.0753774
6.2  0.775 0.152267 0.0772069
6.2  0.8 0.148963 0.0791421
6.2  0.825 0.145424 0.080567
6.2  0.85 0.141855 0.0820451
6.2  0.875 0.138654 0.0838914
6.2  0.9 0.134884 0.0850815
6.2  0.925 0.130676 0.0863619
6.2  0.95 0.12644 0.0874172
6.2  0.975 0.122333 0.0886924
6.2  1 0.118603 0.0895661
6.2  1.025 0.113867 0.0905652
6.2  1.05 0.109123 0.0911682
6.2  1.075 0.103701 0.0912051
6.2  1.1 0.0987932 0.0914281
6.2  1.125 0.0941579 0.0919286
6.2  1.15 0.0873285 0.0909875
6.2  1.175 0.0817 0.0905342
6.2  1.2 0.0739097 0.0888577
6.2  1.225 0.0665189 0.0872434
6.2  1.25 0.0554821 0.0829882

6.4  0 0.2 2.84615e-06
6.4  0.025 0.199957 0.0028067
6.4  0.05 0.199819 0.0056062
6.4  0.075 0.199541 0.00839349
6.4  0.1 0.199222 0.0112052
6.4  0.125 0.198676 0.0139876
6.4  0.15 0.198238 0.0167817
6.4  0.175 0.197636 0.0195087
6.4  0.2 0.196751 0.0222556
6.4  0.225 0.195959 0.0249872
6.4  0.25 0.195069 0.0277141
6.4  0.275 0.194134 0.0304572
6.4  0.3 0.192985 0.0330891
6.4  0.325 0.191659 0.0358023
6.4  0.35 0.190369 0.0384226
6.4  0.375 0.189089 0.0409957
6.4  0.4 0.187369 0.0436175
6.4  0.425 0.185762 0.0461721
6.4  0.45 0.18404 0.0486285
6.4  0.475 0.181929 0.0510877
6.4  0.5 0.179985 0.0535104
6.4  0.525 0.178184 0.0558606
6.4  0.55 0.175995 0.0583278
6.4  0.575 0.174146 0.0607309
6.4  0.6 0.171603 0.0628249
6.4  0.625 0.169133 0.0650393
6.4  0.65 0.166631 0.067339
6.4  0.675 0.163815 0.0693458
6.4  0.7 0.160855 0.0713123
6.4  0.725 0.158097 0.0732037
6.4  0.75 0.155313 0.0751986
6.4  0.775 0.152181 0.0771304
6.4  0.8 0.149071 0.0788772
6.4  0.825 0.145715 0.080545
6.4  0.85 0.142533 0.0823114
6.4  0.875 0.13906 0.0838926
6.4  0.9 0.135362 0.085121
6.4  0.925 0.131429 0.086304
6.4  0.95 0.127397 0.0875844
6.4  0.975 0.123361 0.088656
6.4  1 0.119618 0.0898627
6.4  1.025 0.114676 0.0904131
6.4  1.05 0.109473 0.0909347
6.4  1.075 0.104648 0.0912403
6.4  1.1 0.0992381 0.0913529
6.4  1.125 0.0947239 0.0919584
6.4  1.15 0.0882654 0.0911745
6.4  1.175 0.0819085 0.0904268
6.4  1.2 0.0748819 0.0889946
6.4  1.225 0.0678748 0.08749
6.4  1.25 0.0576649 0.0841009

6.6  0 0.2 2.84615e-06
6.6  0.025 0.199953 0.00280025
6.6  0.05 0.199808 0.00560394
6.6  0.075 0.199515 0.00839153
6.6  0.1 0.19918 0.0111854
6.6  0.125 0.198781 0.0139857
6.6  0.15 0.198202 0.0167288
6.6  0.175 0.197609 0.0194768
6.6  0.2 0.19686 0.0222422
6.6  0.225 0.195989 0.0249745
6.6  0.25 0.195034 0.0276964
6.6  0.275 0.194163 0.0303971
6.6  0.3 0.192983 0.0330768
6.6  0.325 0.191755 0.0357645
6.6  0.35 0.190419 0.0383226
6.6  0.375 0.188954 0.0409352
6.6  0.4 0.187401 0.0435593
6.6  0.425 0.185903 0.0460377
6.6  0.45 0.184164 0.0486186
6.6  0.475 0.182027 0.0509956
6.6  0.5 0.180442 0.0535121
6.6  0.525 0.17812 0.0559234
6.6  0.55 0.176293 0.0581643
6.6  0.575 0.174121 0.0606015
6.6  0.6 0.171577 0.0627708
6.6  0.625 0.169185 0.0649181
6.6  0.65 0.166573 0.0669515
6.6  0.675 0.163688 0.0691802
6.6  0.7 0.161346 0.0712512
6.6  0.725 0.1584 0.0731394
6.6  0.75 0.155687 0.0752222
6.6  0.775 0.152705 0.0769795
6.6  0.8 0.149233 0.0787822
6.6  0.825 0.145802 0.0803991
6.6  0.85 0.142372 0.0818847
6.6  0.875 0.13892 0.0834766
6.6  0.9 0.135533 0.0850429
6.6  0.925 0.131682 0.0862702
6.6  0.95 0.127208 0.0872889
6.6  0.975 0.123485 0.0885534
6.6  1 0.119149 0.0893407
6.6  1.025 0.114882 0.0902767
6.6  1.05 0.110358 0.0908047
6.6  1.075 0.105693 0.0914895
6.6  1.1 0.100068 0.0912656
6.6  1.125 0.0947489 0.0916195
6.6  1.15 0.0889686 0.0912172
6.6  1.175 0.083633 0.0908924
6.6  1.2 0.0765814 0.0893414
6.6  1.225 0.0685476 0.0875455
6.6  1.25 0.0597646 0.0851659

6.8  0 0.2 2.84615e-06
6.8  0.025 0.199962 0.00279955
6.8  0.05 0.199808 0.00559186
6.8  0.075 0.199514 0.00838569
6.8  0.1 0.19925 0.0111558
6.8  0.125 0.19871 0.0139444
6.8  0.15 0.198263 0.0167333
6.8  0.175 0.197653 0.019506
6.8  0.2 0.196897 0.0222162
6.8  0.225 0.196028 0.024964
6.8  0.25 0.1951 0.027679
6.8  0.275 0.194049 0.0303883
6.8  0.3 0.192935 0.0330574
6.8  0.325 0.19173 0.0357245
6.8  0.35 0.190564 0.0383274
6.8  0.375 0.188943 0.0409312
6.8  0.4 0.187397 0.0434649
6.8  0.425 0.185924 0.0460554
6.8  0.45 0.184016 0.0484484
6.8  0.475 0.182615 0.0510692
6.8  0.5 0.180567 0.0534821
6.8  0.525 0.178204 0.0557301
6.8  0.55 0.176085 0.0580575
6.8  0.575 0.17397 0.0604776
6.8  0.6 0.171634 0.0627103
6.8  0.625 0.169303 0.0649394
6.8  0.65 0.166534 0.0670303
6.8  0.675 0.164476 0.0692293
6.8  0.7 0.161178 0.0711766
6.8  0.725 0.158468 0.0731108
6.8  0.75 0.155426 0.0750388
6.8  0.775 0.15256 0.0769096
6.8  0.8 0.14947 0.0786202
6.8  0.825 0.145968 0.0803225
6.8  0.85 0.142522 0.0819532
6.8  0.875 0.138926 0.0832859
6.8  0.9 0.134839 0.0846345
6.8  0.925 0.132047 0.0862232
6.8  0.95 0.128072 0.0872336
6.8  0.975 0.124032 0.088347
6.8  1 0.119783 0.0894744
6.8  1.025 0.115487 0.0903899
6.8  1.05 0.110805 0.0907387
6.8  1.075 0.105986 0.091304
6.8  1.1 0.100202 0.0913112
6.8  1.125 0.0954299 0.0914082
6.8  1.15 0.0891809 0.0908567
6.8  1.175 0.0846869 0.0912515
6.8  1.2 0.0774253 0.0898194
6.8  1.225 0.0695473 0.0879603
6.8  1.25 0.0604797 0.0850309

7  0 0.2 2.84615e-06
7  0.025 0.19995 0.00279683
7  0.05 0.199806 0.00559027
7  0.075 0.19956 0.00838934
7  0.1 0.199234 0.0111605
7  0.125 0.198817 0.0139568
7  0.15 0.198227 0.0167222
7  0.175 0.197644 0.0194358
7  0.2 0.19691 0.0222227
7  0.225 0.196148 0.0249908
7  0.25 0.195104 0.0276654
7  0.275 0.194184 0.0303482
7  0.3 0.19306 0.0330971
7  0.325 0.191767 0.0356654
7  0.35 0.190619 0.0383202
7  0.375 0.189095 0.0409217
7  0.4 0.187452 0.0434839
7  0.425 0.185865 0.0459445
7  0.45 0.18391 0.0484646
7  0.475 0.182276 0.0510276
7  0.5 0.180579 0.0534214
7  0.525 0.178568 0.0558548
7  0.55 0.176506 0.0581926
7  0.575 0.174269 0.0604574
7  0.6 0.17155 0.0626898
7  0.625 0.169604 0.0648181
7  0.65 0.16732 0.0670368
7  0.675 0.16393 0.0691328
7  0.7 0.161365 0.0711985
7  0.725 0.158398 0.0731021
7  0.75 0.15579 0.0749488
7  0.775 0.15261 0.0768812
7  0.8 0.14941 0.0786094
7  0.825 0.146629 0.0803865
7  0.85 0.142925 0.0818219
7  0.875 0.139174 0.0833031
7  0.9 0.136015 0.0846781
7  0.925 0.131982 0.0860194
7  0.95 0.128341 0.0876018
7  0.975 0.123783 0.0883216
7  1 0.120355 0.0893302
7  1.025 0.115741 0.0901238
7  1.05 0.110978 0.0905623
7  1.075 0.105835 0.0912181
7  1.1 0.101157 0.091509
7  1.125 0.0966686 0.0918169
7  1.15 0.0906043 0.0915874
7  1.175 0.0849561 0.0910847
7  1.2 0.0782028 0.0900336
7  1.225 0.0703216 0.0879113
7  1.25 0.0620801 0.0858229

7.2  0 0.2 2.84615e-06
7.2  0.025 0.199957 0.00279692
7.2  0.05 0.199798 0.00558486
7.2  0.075 0.199543 0.00837784
7.2  0.1 0.199231 0.0111611
7.2  0.125 0.198776 0.0139467
7.2  0.15 0.198253 0.0167085
7.2  0.175 0.19763 0.0194398
7.2  0.2 0.196924 0.0221966
7.2  0.225 0.19607 0.0249601
7.2  0.25 0.19519 0.0276365
7.2  0.275 0.194198 0.0303409
7.2  0.3 0.193004 0.0329122
7.2  0.325 0.191826 0.0355955
7.2  0.35 0.190395 0.0382978
7.2  0.375 0.189144 0.0407618
7.2  0.4 0.187309 0.0434055
7.2  0.425 0.186068 0.0459926
7.2  0.45 0.184081 0.0484215
7.2  0.475 0.182295 0.0509291
7.2  0.5 0.180559 0.0533128
7.2  0.525 0.178428 0.05571
7.2  0.55 0.176335 0.0580666
7.2  0.575 0.173786 0.0603708
7.2  0.6 0.171861 0.062749
7.2  0.625 0.169548 0.064889
7.2  0.65 0.166924 0.0669194
7.2  0.675 0.164459 0.0690167
7.2  0.7 0.161357 0.0709857
7.2  0.725 0.159017 0.0730405
7.2  0.75 0.155958 0.074985
7.2  0.775 0.152773 0.0767851
7.2  0.8 0.149584 0.0783939
7.2  0.825 0.146781 0.0802807
7.2  0.85 0.142914 0.0817422
7.2  0.875 0.139888 0.0833487
7.2  0.9 0.135994 0.0846899
7.2  0.925 0.132525 0.0859203
7.2  0.95 0.128119 0.0871815
7.2  0.975 0.124587 0.0882363
7.2  1 0.119922 0.0891084
7.2  1.025 0.116178 0.0901956
7.2  1.05 0.110954 0.090544
7.2  1.075 0.106766 0.0913083
7.2  1.1 0.101451 0.0913654
7.2  1.125 0.0964291 0.0914863
7.2  1.15 0.09131 0.0915849
7.2  1.175 0.0849309 0.0907194
7.2  1.2 0.0788359 0.0897979
7.2  1.225 0.0718827 0.08848
7.2  1.25 0.0628369 0.0857387

7.4  0 0.2 2.84615e-06
7.4  0.025 0.199964 0.00279045
7.4  0.05 0.199771 0.00558476
7.4  0.075 0.199562 0.00837431
7.4  0.1 0.199175 0.0111533
7.4  0.125 0.198817 0.0139502
7.4  0.15 0.198281 0.0167172
7.4  0.175 0.197603 0.0194622
7.4  0.2 0.196862 0.0221824
7.4  0.225 0.196004 0.0249333
7.4  0.25 0.195118 0.0276508
7.4  0.275 0.194206 0.0302849
7.4  0.3 0.192858 0.0329815
7.4  0.325 0.19175 0.0356126
7.4  0.35 0.190438 0.0382387
7.4  0.375 0.1891 0.0408082
7.4  0.4 0.187545 0.0434222
7.4  0.425 0.185998 0.0459279
7.4  0.45 0.18433 0.0485202
7.4  0.475 0.182292 0.0509725
7.4  0.5 0.18042 0.0533667
7.4  0.525 0.178673 0.0557063
7.4  0.55 0.176114 0.0579722
7.4  0.575 0.174127 0.0602207
7.4  0.6 0.171935 0.062548
7.4  0.625 0.169961 0.0648091
7.4  0.65 0.166848 0.0669195
7.4  0.675 0.164013 0.0689604
7.4  0.7 0.161573 0.070973
7.4  0.725 0.158728 0.0730623
7.4  0.75 0.15582 0.0749171
7.4  0.775 0.15288 0.07678
7.4  0.8 0.149859 0.078412
7.4  0.825 0.146605 0.0800325
7.4  0.85 0.143249 0.0817814
7.4  0.875 0.140017 0.083214
7.4  0.9 0.136384 0.0846927
7.4  0.925 0.132926 0.0860468
7.4  0.95 0.128145 0.0869598
7.4  0.975 0.12521 0.0883598
7.4  1 0.120552 0.0891065
7.4  1.025 0.116727 0.0900605
7.4  1.05 0.111878 0.0906815
7.4  1.075 0.106692 0.0909336
7.4  1.1 0.102511 0.091592
7.4  1.125 0.0973205 0.0916214
7.4  1.15 0.0922306 0.0917805
7.4  1.175 0.0860936 0.0910411
7.4  1.2 0.0796537 0.0903662
7.4  1.225 0.071808 0.0881793
7.4  1.25 0.0638424 0.0861823

7.6  0 0.2 2.84615e-06
7.6  0.025 0.199958 0.00279062
7.6  0.05 0.199822 0.00559609
7.6  0.075 0.199539 0.00835571
7.6  0.1 0.199253 0.0111381
7.6  0.125 0.198814 0.0139454
7.6  0.15 0.198225 0.0167103
7.6  0.175 0.197551 0.0194494
7.6  0.2 0.196829 0.0221836
7.6  0.225 0.196207 0.0248741
7.6  0.25 0.195179 0.0276271
7.6  0.275 0.194006 0.0303038
7.6  0.3 0.193105 0.0330286
7.6  0.325 0.191619 0.0356061
7.6  0.35 0.190537 0.0382038
7.6  0.375 0.188818 0.0408335
7.6  0.4 0.187607 0.0433532
7.6  0.425 0.186054 0.0458727
7.6  0.45 0.184139 0.0483997
7.6  0.475 0.182423 0.0508895
7.6  0.5 0.18032 0.053273
7.6  0.525 0.178715 0.05572
7.6  0.55 0.17641 0.0579562
7.6  0.575 0.174208 0.0603602
7.6  0.6 0.17209 0.0625397
7.6  0.625 0.169152 0.0646833
7.6  0.65 0.166972 0.0668702
7.6  0.675 0.164255 0.0689409
7.6  0.7 0.161804 0.0709346
7.6  0.725 0.159083 0.0729526
7.6  0.75 0.1561 0.0748184
7.6  0.775 0.153062 0.0765579
7.6  0.8 0.149892 0.0783534
7.6  0.825 0.146575 0.0802184
7.6  0.85 0.143279 0.0815567
7.6  0.875 0.139975 0.0832521
7.6  0.9 0.136702 0.0846478
7.6  0.925 0.132788 0.085727
7.6  0.95 0.129226 0.0873321
7.6  0.975 0.124773 0.0880303
7.6  1 0.121178 0.0893898
7.6  1.025 0.116998 0.0899595
7.6  1.05 0.111346 0.090223
7.6  1.075 0.107714 0.0911426
7.6  1.1 0.102386 0.0914049
7.6  1.125 0.0975523 0.0914759
7.6  1.15 0.0919777 0.0914078
7.6  1.175 0.086166 0.090747
7.6  1.2 0.0809021 0.0904063
7.6  1.225 0.0730241 0.088908
7.6  1.25 0.0658408 0.0869097

7.8  0 0.2 2.84615e-06
7.8  0.025 0.199948 0.00278845
7.8  0.05 0.199828 0.00558111
7.8  0.075 0.199559 0.00837342
7.8  0.1 0.199257 0.0111547
7.8  0.125 0.198818 0.013936
7.8  0.15 0.19825 0.0167007
7.8  0.175 0.197671 0.0194545
7.8  0.2 0.19681 0.0221797
7.8  0.225 0.19603 0.0248547
7.8  0.25 0.195076 0.0275721
7.8  0.275 0.193789 0.0302531
7.8  0.3 0.193112 0.0329264
7.8  0.325 0.191818 0.0355468
7.8  0.35 0.19057 0.0382151
7.8  0.375 0.189019 0.0407506
7.8  0.4 0.187739 0.0434315
7.8  0.425 0.186094 0.0458908
7.8  0.45 0.184097 0.0483534
7.8  0.475 0.182417 0.0508094
7.8  0.5 0.18039 0.0531363
7.8  0.525 0.178583 0.055611
7.8  0.55 0.176138 0.0579311
7.8  0.575 0.174162 0.0602011
7.8  0.6 0.172223 0.062542
7.8  0.625 0.16934 0.0646857
7.8  0.65 0.166995 0.066842
7.8  0.675 0.164758 0.0690607
7.8  0.7 0.161938 0.0708725
7.8  0.725 0.159055 0.0728397
7.8  0.75 0.15614 0.0747688
7.8  0.775 0.153165 0.0766896
7.8  0.8 0.149681 0.0783535
7.8  0.825 0.14631 0.0797514
7.8  0.85 0.143594 0.0816482
7.8  0.875 0.140537 0.0831732
7.8  0.9 0.136159 0.0843587
7.8  0.925 0.133076 0.085768
7.8  0.95 0.129161 0.0870392
7.8  0.975 0.12466 0.0881543
7.8  1 0.120814 0.0889912
7.8  1.025 0.117383 0.0900739
7.8  1.05 0.111637 0.0901856
7.8  1.075 0.107578 0.0909111
7.8  1.1 0.103047 0.0914588
7.8  1.125 0.0977861 0.091407
7.8  1.15 0.0930701 0.0915264
7.8  1.175 0.0867057 0.0910443
7.8  1.2 0.0807131 0.0901686
7.8  1.225 0.0741641 0.0891856
7.8  1.25 0.0659909 0.0872501

8  0 0.2 2.84615e-06
8  0.025 0.199952 0.00278972
8  0.05 0.199787 0.00558089
8  0.075 0.199574 0.00835252
8  0.1 0.199204 0.011154
8  0.125 0.198783 0.0139056
8  0.15 0.198344 0.0166842
8  0.175 0.197667 0.0194412
8  0.2 0.196909 0.0221263
8  0.225 0.196088 0.024913
8  0.25 0.195148 0.0275841
8  0.275 0.193925 0.0302666
8  0.3 0.192967 0.0329538
8  0.325 0.19173 0.0356313
8  0.35 0.190549 0.0381915
8  0.375 0.188986 0.0407914
8  0.4 0.187556 0.0432629
8  0.425 0.185706 0.0459161
8  0.45 0.184307 0.0482891
8  0.475 0.182343 0.0508321
8  0.5 0.18079 0.0532287
8  0.525 0.178542 0.0556265
8  0.55 0.176187 0.0579111
8  0.575 0.174297 0.0601895
8  0.6 0.172153 0.0625346
8  0.625 0.169373 0.0647804
8  0.65 0.167203 0.0669046
8  0.675 0.164699 0.0689135
8  0.7 0.161876 0.0708862
8  0.725 0.159083 0.0728264
8  0.75 0.156064 0.0746156
8  0.775 0.153325 0.0765578
8  0.8 0.150514 0.078372
8  0.825 0.146728 0.0798528
8  0.85 0.143387 0.0814771
8  0.875 0.139986 0.0829235
8  0.9 0.136654 0.0844217
8  0.925 0.132731 0.0858215
8  0.95 0.128938 0.0868331
8  0.975 0.125121 0.0880139
8  1 0.121712 0.0890712
8  1.025 0.116873 0.0897925
8  1.05 0.11264 0.0905818
8  1.075 0.108072 0.0910528
8  1.1 0.102382 0.0910124
8  1.125 0.0987378 0.091894
8  1.15 0.0931334 0.0913942
8  1.175 0.0879587 0.0913783
8  1.2 0.0809934 0.0901415
8  1.225 0.0742831 0.0891069
8  1.25 0.0660234 0.0868044

8.2  0 0.2 2.84615e-06
8.2  0.025 0.199959 0.00278475
8.2  0.05 0.199783 0.00557818
8.2  0.075 0.199564 0.00836365
8.2  0.1 0.199202 0.0111394
8.2  0.125 0.198827 0.0138976
8.2  0.15 0.198176 0.0166439
8.2  0.175 0.197625 0.019422
8.2  0.2 0.196921 0.02218
8.2  0.225 0.196 0.0248698
8.2  0.25 0.195235 0.0275573
8.2  0.275 0.194185 0.0302446
8.2  0.3 0.192996 0.0329134
8.2  0.325 0.191835 0.0355988
8.2  0.35 0.190568 0.0382045
8.2  0.375 0.188971 0.0407877
8.2  0.4 0.18765 0.0433247
8.2  0.425 0.185865 0.0458322
8.2  0.45 0.184389 0.0483467
8.2  0.475 0.182484 0.0508471
8.2  0.5 0.180605 0.0532316
8.2  0.525 0.178678 0.0556871
8.2  0.55 0.176369 0.0579563
8.2  0.575 0.174232 0.0601949
8.2  0.6 0.171977 0.0625174
8.2  0.625 0.16999 0.064703
8.2  0.65 0.167165 0.0666416
8.2  0.675 0.164614 0.0687992
8.2  0.7 0.161903 0.0708303
8.2  0.725 0.15884 0.0728289
8.2  0.75 0.156265 0.0747891
8.2  0.775 0.153104 0.0764792
8.2  0.8 0.150205 0.0782612
8.2  0.825 0.147231 0.0800078
8.2  0.85 0.143464 0.0814499
8.2  0.875 0.140394 0.0830315
8.2  0.9 0.136716 0.0844131
8.2  0.925 0.132972 0.0856193
8.2  0.95 0.12895 0.0868301
8.2  0.975 0.125171 0.0879604
8.2  1 0.121554 0.0890266
8.2  1.025 0.117327 0.0898113
8.2  1.05 0.112818 0.0905313
8.2  1.075 0.108796 0.0911349
8.2  1.1 0.103331 0.0912349
8.2  1.125 0.0984653 0.0913777
8.2  1.15 0.0937124 0.091551
8.2  1.175 0.087842 0.0911
8.2  1.2 0.0812346 0.0901934
8.2  1.225 0.0747466 0.0889901
8.2  1.25 0.0675046 0.0874891

8.4  0 0.2 2.84615e-06
8.4  0.025 0.199955 0.00278845
8.4  0.05 0.199786 0.00558128
8.4  0.075 0.19961 0.00836629
8.4  0.1 0.199211 0.0111347
8.4  0.125 0.198811 0.0139116
8.4  0.15 0.198318 0.0166522
8.4  0.175 0.1977 0.0194445
8.4  0.2 0.196831 0.0221284
8.4  0.225 0.196185 0.0248811
8.4  0.25 0.195231 0.0275934
8.4  0.275 0.194111 0.030291
8.4  0.3 0.193139 0.0329425
8.4  0.325 0.191813 0.0355959
8.4  0.35 0.190551 0.0381894
8.4  0.375 0.189085 0.0407407
8.4  0.4 0.187513 0.0432767
8.4  0.425 0.18592 0.045876
8.4  0.45 0.18419 0.0482826
8.4  0.475 0.182331 0.0507816
8.4  0.5 0.18059 0.0531524
8.4  0.525 0.178652 0.0556584
8.4  0.55 0.176312 0.057916
8.4  0.575 0.17429 0.0601495
8.4  0.6 0.172036 0.0625115
8.4  0.625 0.169372 0.0646445
8.4  0.65 0.167183 0.0666832
8.4  0.675 0.165047 0.0689283
8.4  0.7 0.162272 0.07091
8.4  0.725 0.158942 0.072704
8.4  0.75 0.156463 0.074786
8.4  0.775 0.153346 0.0765293
8.4  0.8 0.15035 0.0782501
8.4  0.825 0.147342 0.0799675
8.4  0.85 0.143685 0.0813902
8.4  0.875 0.140376 0.0828782
8.4  0.9 0.136945 0.0845507
8.4  0.925 0.133048 0.0857042
8.4  0.95 0.129427 0.0868937
8.4  0.975 0.125397 0.0878768
8.4  1 0.121771 0.0889238
8.4  1.025 0.11691 0.0897675
8.4  1.05 0.113349 0.0906581
8.4  1.075 0.108989 0.0912048
8.4  1.1 0.10385 0.0911896
8.4  1.125 0.0986093 0.0912909
8.4  1.15 0.0939784 0.091629
8.4  1.175 0.0875676 0.0907263
8.4  1.2 0.0823924 0.090518
8.4  1.225 0.0753022 0.0890015
8.4  1.25 0.0674655 0.0871962

8.6  0 0.2 2.84615e-06
8.6  0.025 0.199948 0.00279051
8.6  0.05 0.199792 0.00557738
8.6  0.075 0.199546 0.00836334
8.6  0.1 0.199261 0.0111335
8.6  0.125 0.198771 0.0139143
8.6  0.15 0.198218 0.0166679
8.6  0.175 0.197654 0.0194153
8.6  0.2 0.197008 0.0221868
8.6  0.225 0.19607 0.0248923
8.6  0.25 0.195215 0.0275135
8.6  0.275 0.19404 0.0302829
8.6  0.3 0.192813 0.0329093
8.6  0.325 0.191853 0.0355518
8.6  0.35 0.190395 0.0381277
8.6  0.375 0.189168 0.0407337
8.6  0.4 0.187558 0.0433306
8.6  0.425 0.185836 0.0457773
8.6  0.45 0.184382 0.0482813
8.6  0.475 0.182497 0.0507187
8.6  0.5 0.180547 0.0532127
8.6  0.525 0.178607 0.055617
8.6  0.55 0.176555 0.0579556
8.6  0.575 0.173989 0.0601676
8.6  0.6 0.17203 0.0624037
8.6  0.625 0.169699 0.064578
8.6  0.65 0.167163 0.0667642
8.6  0.675 0.164784 0.0688094
8.6  0.7 0.162013 0.0707452
8.6  0.725 0.159568 0.0727291
8.6  0.75 0.156376 0.074586
8.6  0.775 0.153375 0.0763392
8.6  0.8 0.150098 0.078013
8.6  0.825 0.147303 0.0799748
8.6  0.85 0.143699 0.0814535
8.6  0.875 0.14131 0.0832159
8.6  0.9 0.136869 0.0841506
8.6  0.925 0.133257 0.085468
8.6  0.95 0.129546 0.0868014
8.6  0.975 0.12611 0.0879088
8.6  1 0.121527 0.0888175
8.6  1.025 0.117553 0.0898439
8.6  1.05 0.113631 0.0905935
8.6  1.075 0.108909 0.0909043
8.6  1.1 0.104282 0.0915752
8.6  1.125 0.0995702 0.0916589
8.6  1.15 0.0939806 0.0914196
8.6  1.175 0.088725 0.09128
8.6  1.2 0.0830337 0.0908885
8.6  1.225 0.0760095 0.0893445
8.6  1.25 0.0682739 0.0876988

8.8  0 0.2 2.84615e-06
8.8  0.025 0.199948 0.00278634
8.8  0.05 0.199795 0.00558379
8.8  0.075 0.199564 0.00835909
8.8  0.1 0.199208 0.0111263
8.8  0.125 0.198752 0.013903
8.8  0.15 0.198243 0.0166735
8.8  0.175 0.197609 0.0193954
8.8  0.2 0.196933 0.0221678
8.8  0.225 0.19608 0.0248961
8.8  0.25 0.195115 0.0275879
8.8  0.275 0.194051 0.0302066
8.8  0.3 0.192952 0.0329395
8.8  0.325 0.19192 0.0355263
8.8  0.35 0.190577 0.0382123
8.8  0.375 0.189083 0.0406927
8.8  0.4 0.187718 0.0432505
8.8  0.425 0.185825 0.0459052
8.8  0.45 0.18424 0.0482164
8.8  0.475 0.182545 0.0508026
8.8  0.5 0.180617 0.0532023
8.8  0.525 0.178632 0.0556225
8.8  0.55 0.17652 0.0578728
8.8  0.575 0.173914 0.0600648
8.8  0.6 0.172087 0.0623202
8.8  0.625 0.169794 0.0646113
8.8  0.65 0.167181 0.0667065
8.8  0.675 0.164693 0.0686504
8.8  0.7 0.162162 0.0708988
8.8  0.725 0.159352 0.0727266
8.8  0.75 0.156951 0.0747535
8.8  0.775 0.153561 0.0764541
8.8  0.8 0.150264 0.0780506
8.8  0.825 0.147191 0.0798578
8.8  0.85 0.143795 0.081366
8.8  0.875 0.140384 0.0828593
8.8  0.9 0.136798 0.0840688
8.8  0.925 0.13276 0.0854014
8.8  0.95 0.1295 0.0867686
8.8  0.975 0.125739 0.0876597
8.8  1 0.121597 0.0887571
8.8  1.025 0.117413 0.0894594
8.8  1.05 0.113191 0.0901568
8.8  1.075 0.109281 0.0910167
8.8  1.1 0.104028 0.091132
8.8  1.125 0.0991439 0.0914593
8.8  1.15 0.0938135 0.0913058
8.8  1.175 0.0880935 0.0907371
8.8  1.2 0.0823601 0.0903243
8.8  1.225 0.076366 0.0894503
8.8  1.25 0.068928 0.0876821

9  0 0.2 2.84615e-06
9  0.025 0.199963 0.00278356
9  0.05 0.199778 0.0055724
9  0.075 0.199561 0.00836515
9  0.1 0.199194 0.0111243
9  0.125 0.198838 0.013912
9  0.15 0.198227 0.0166557
9  0.175 0.197576 0.0193717
9  0.2 0.196916 0.0221313
9  0.225 0.196091 0.0248689
9  0.25 0.19515 0.0275542
9  0.275 0.194229 0.0302349
9  0.3 0.192991 0.0329575
9  0.325 0.191654 0.03555
9  0.35 0.190546 0.0381977
9  0.375 0.189131 0.0407218
9  0.4 0.187586 0.0432601
9  0.425 0.186145 0.0457997
9  0.45 0.184448 0.0483114
9  0.475 0.18262 0.0508135
9  0.5 0.18063 0.0532012
9  0.525 0.178608 0.0555061
9  0.55 0.176501 0.0579426
9  0.575 0.174313 0.0602033
9  0.6 0.172023 0.0624119
9  0.625 0.169376 0.0645456
9  0.65 0.167531 0.0667374
9  0.675 0.164633 0.068734
9  0.7 0.161642 0.0706985
9  0.725 0.159592 0.0727279
9  0.75 0.157064 0.074683
9  0.775 0.153607 0.0763402
9  0.8 0.150012 0.0779959
9  0.825 0.147288 0.0798728
9  0.85 0.143861 0.0811862
9  0.875 0.140589 0.0828757
9  0.9 0.137348 0.0843404
9  0.925 0.133199 0.0854097
9  0.95 0.129632 0.0867285
9  0.975 0.125209 0.087569
9  1 0.121722 0.0887425
9  1.025 0.117293 0.0894888
9  1.05 0.114011 0.0905187
9  1.075 0.108484 0.090805
9  1.1 0.104835 0.0913636
9  1.125 0.0994301 0.0912875
9  1.15 0.0946753 0.0915486
9  1.175 0.0892697 0.0913539
9  1.2 0.0834405 0.090566
9  1.225 0.0764401 0.0893295
9  1.25 0.0697445 0.0879562

9.2  0 0.2 2.84615e-06
9.2  0.025 0.199941 0.00278469
9.2  0.05 0.199815 0.00557581
9.2  0.075 0.19959 0.00835556
9.2  0.1 0.199221 0.0111231
9.2  0.125 0.198813 0.0138896
9.2  0.15 0.198199 0.016648
9.2  0.175 0.197658 0.019389
9.2  0.2 0.196877 0.0221177
9.2  0.225 0.196173 0.0248979
9.2  0.25 0.195071 0.027538
9.2  0.275 0.194191 0.0302852
9.2  0.3 0.19306 0.0328607
9.2  0.325 0.191782 0.0354556
9.2  0.35 0.190533 0.0381601
9.2  0.375 0.189049 0.0407453
9.2  0.4 0.187592 0.0432697
9.2  0.425 0.186063 0.0457511
9.2  0.45 0.184347 0.0482998
9.2  0.475 0.182576 0.0507876
9.2  0.5 0.180381 0.0530872
9.2  0.525 0.178658 0.0555185
9.2  0.55 0.176596 0.0578633
9.2  0.575 0.174547 0.0601581
9.2  0.6 0.172125 0.0623593
9.2  0.625 0.169482 0.0644849
9.2  0.65 0.167318 0.0666437
9.2  0.675 0.164863 0.0687481
9.2  0.7 0.161916 0.0707617
9.2  0.725 0.159406 0.0727103
9.2  0.75 0.156225 0.0745602
9.2  0.775 0.153315 0.076277
9.2  0.8 0.15083 0.0781644
9.2  0.825 0.147503 0.0797039
9.2  0.85 0.144155 0.0813564
9.2  0.875 0.141041 0.0829586
9.2  0.9 0.137374 0.08426
9.2  0.925 0.133145 0.0853077
9.2  0.95 0.130185 0.0869996
9.2  0.975 0.125777 0.0875679
9.2  1 0.121913 0.0887763
9.2  1.025 0.118143 0.089645
9.2  1.05 0.113611 0.0901481
9.2  1.075 0.108926 0.0906582
9.2  1.1 0.103773 0.0908729
9.2  1.125 0.0996957 0.0914321
9.2  1.15 0.094965 0.0917283
9.2  1.175 0.089185 0.0910247
9.2  1.2 0.0838198 0.0906086
9.2  1.225 0.0771061 0.0893258
9.2  1.25 0.0695125 0.0874648

9.4  0 0.2 2.84615e-06
9.4  0.025 0.199954 0.0027843
9.4  0.05 0.199823 0.00557341
9.4  0.075 0.199558 0.00835615
9.4  0.1 0.199213 0.0111302
9.4  0.125 0.198799 0.0138946
9.4  0.15 0.198234 0.0166663
9.4  0.175 0.197594 0.0193911
9.4  0.2 0.196924 0.0221032
9.4  0.225 0.196054 0.0248536
9.4  0.25 0.195168 0.027594
9.4  0.275 0.194096 0.0302046
9.4  0.3 0.193157 0.0328677
9.4  0.325 0.191755 0.0355248
9.4  0.35 0.190607 0.0381005
9.4  0.375 0.189102 0.0407023
9.4  0.4 0.187594 0.0432453
9.4  0.425 0.185959 0.0458688
9.4  0.45 0.184221 0.048323
9.4  0.475 0.182401 0.0506687
9.4  0.5 0.18066 0.0532061
9.4  0.525 0.178748 0.055493
9.4  0.55 0.176698 0.0577997
9.4  0.575 0.174343 0.0600538
9.4  0.6 0.172203 0.0624288
9.4  0.625 0.169621 0.0644991
9.4  0.65 0.167389 0.0667019
9.4  0.675 0.164927 0.0687621
9.4  0.7 0.161831 0.0706859
9.4  0.725 0.159351 0.0727651
9.4  0.75 0.156653 0.0745835
9.4  0.775 0.153527 0.0763466
9.4  0.8 0.150449 0.0780916
9.4  0.825 0.146904 0.0795854
9.4  0.85 0.144162 0.0813357
9.4  0.875 0.140316 0.0826477
9.4  0.9 0.137692 0.0844347
9.4  0.925 0.133547 0.0854658
9.4  0.95 0.129988 0.0867706
9.4  0.975 0.125968 0.0876373
9.4  1 0.121731 0.0885871
9.4  1.025 0.117135 0.0893727
9.4  1.05 0.113791 0.090457
9.4  1.075 0.109489 0.0910288
9.4  1.1 0.104673 0.0912343
9.4  1.125 0.100391 0.0916379
9.4  1.15 0.0950957 0.0915847
9.4  1.175 0.089566 0.0911456
9.4  1.2 0.0842075 0.0908026
9.4  1.225 0.0777722 0.0897339
9.4  1.25 0.0704157 0.0882859

9.6  0 0.2 2.84615e-06
9.6  0.025 0.199956 0.00278561
9.6  0.05 0.199803 0.00557266
9.6  0.075 0.199566 0.008348
9.6  0.1 0.199239 0.0111217
9.6  0.125 0.198817 0.0139171
9.6  0.15 0.198257 0.0166631
9.6  0.175 0.197596 0.0193937
9.6  0.2 0.196827 0.0221311
9.6  0.225 0.196157 0.0248095
9.6  0.25 0.195151 0.0275701
9.6  0.275 0.194245 0.0302224
9.6  0.3 0.193059 0.0328863
9.6  0.325 0.191773 0.0355395
9.6  0.35 0.190509 0.0381453
9.6  0.375 0.189104 0.0407104
9.6  0.4 0.187733 0.0433001
9.6  0.425 0.18607 0.045824
9.6  0.45 0.184186 0.0482655
9.6  0.475 0.182665 0.0507335
9.6  0.5 0.180666 0.053145
9.6  0.525 0.178979 0.0555207
9.6  0.55 0.176596 0.0578923
9.6  0.575 0.174395 0.0600557
9.6  0.6 0.171937 0.0622767
9.6  0.625 0.169822 0.064467
9.6  0.65 0.167489 0.0665317
9.6  0.675 0.164709 0.0686383
9.6  0.7 0.162182 0.070799
9.6  0.725 0.159579 0.0727185
9.6  0.75 0.15676 0.0745739
9.6  0.775 0.153658 0.0763077
9.6  0.8 0.150362 0.0781491
9.6  0.825 0.147 0.0797589
9.6  0.85 0.14392 0.081294
9.6  0.875 0.141004 0.0828368
9.6  0.9 0.137431 0.0842613
9.6  0.925 0.133631 0.0855328
9.6  0.95 0.129296 0.0864596
9.6  0.975 0.125967 0.0877451
9.6  1 0.121993 0.0887205
9.6  1.025 0.117738 0.0894496
9.6  1.05 0.113812 0.0902773
9.6  1.075 0.109448 0.0906913
9.6  1.1 0.104383 0.0910647
9.6  1.125 0.100729 0.0917052
9.6  1.15 0.0945972 0.0913588
9.6  1.175 0.0892148 0.091255
9.6  1.2 0.0840252 0.0906259
9.6  1.225 0.0780533 0.0896736
9.6  1.25 0.0707417 0.0882182

9.8  0 0.2 2.84615e-06
9.8  0.025 0.199944 0.00278734
9.8  0.05 0.199782 0.00557271
9.8  0.075 0.199539 0.00835903
9.8  0.1 0.199212 0.0111268
9.8  0.125 0.198823 0.013912
9.8  0.15 0.198248 0.0166441
9.8  0.175 0.197666 0.0194139
9.8  0.2 0.196809 0.022152
9.8  0.225 0.196056 0.0248268
9.8  0.25 0.195303 0.0275254
9.8  0.275 0.194084 0.0302529
9.8  0.3 0.192871 0.0328805
9.8  0.325 0.19194 0.0355349
9.8  0.35 0.190731 0.0381083
9.8  0.375 0.189142 0.04065
9.8  0.4 0.187711 0.0432931
9.8  0.425 0.18605 0.0457396
9.8  0.45 0.184486 0.0482866
9.8  0.475 0.182527 0.0506694
9.8  0.5 0.180688 0.0529831
9.8  0.525 0.178805 0.0555467
9.8  0.55 0.176444 0.0577482
9.8  0.575 0.174215 0.0600694
9.8  0.6 0.171762 0.0622713
9.8  0.625 0.169678 0.0644748
9.8  0.65 0.167518 0.0666919
9.8  0.675 0.164775 0.0687844
9.8  0.7 0.162031 0.0706469
9.8  0.725 0.159523 0.0726129
9.8  0.75 0.156478 0.0744661
9.8  0.775 0.154031 0.076396
9.8  0.8 0.150505 0.0779669
9.8  0.825 0.147135 0.0796952
9.8  0.85 0.14386 0.0813291
9.8  0.875 0.140348 0.0826829
9.8  0.9 0.137344 0.0841552
9.8  0.925 0.134012 0.0855129
9.8  0.95 0.129728 0.0865409
9.8  0.975 0.126767 0.087881
9.8  1 0.122629 0.0888974
9.8  1.025 0.118073 0.0894813
9.8  1.05 0.114408 0.090413
9.8  1.075 0.109394 0.0908694
9.8  1.1 0.104523 0.0911475
9.8  1.125 0.100668 0.091583
9.8  1.15 0.0953448 0.0913338
9.8  1.175 0.0897596 0.0911286
9.8  1.2 0.0848159 0.0908657
9.8  1.225 0.0783508 0.0897588
9.8  1.25 0.0716646 0.0885296

10  0 0.2 2.84615e-06
10  0.025 0.19996 0.00278298
10  0.05 0.199809 0.0055697
10  0.075 0.199576 0.00835509
10  0.1 0.199195 0.0111281
10  0.125 0.1988 0.0138675
10  0.15 0.198222 0.0166422
10  0.175 0.197659 0.0194182
10  0.2 0.19686 0.0221418
10  0.225 0.196163 0.0248291
10  0.25 0.195143 0.0275438
10  0.275 0.1941 0.0302059
10  0.3 0.193122 0.0329172
10  0.325 0.191769 0.0354891
10  0.35 0.190536 0.038093
10  0.375 0.189247 0.0406757
10  0.4 0.187686 0.0432507
10  0.425 0.186092 0.0457589
10  0.45 0.184323 0.0483035
10  0.475 0.182566 0.0506586
10  0.5 0.180446 0.0531342
10  0.525 0.178627 0.0553957
10  0.55 0.176603 0.0577713
10  0.575 0.174757 0.0601519
10  0.6 0.172339 0.0622159
10  0.625 0.170258 0.0644728
10  0.65 0.16731 0.0666174
10  0.675 0.164629 0.0685004
10  0.7 0.162353 0.0707123
10  0.725 0.159218 0.0727103
10  0.75 0.156242 0.0744971
10  0.775 0.153667 0.0762346
10  0.8 0.150257 0.0778819
10  0.825 0.147355 0.0797436
10  0.85 0.144049 0.08119
10  0.875 0.140848 0.0827698
10  0.9 0.137133 0.0840317
10  0.925 0.133836 0.085378
10  0.95 0.129329 0.0863133
10  0.975 0.126223 0.0877189
10  1 0.122437 0.0886209
10  1.025 0.118834 0.0896361
10  1.05 0.113487 0.0899251
10  1.075 0.10938 0.0906037
10  1.1 0.105406 0.0913892
10  1.125 0.100745 0.0917484
10  1.15 0.0959132 0.0915289
10  1.175 0.0905757 0.091192
10  1.2 0.0844389 0.0906132
10  1.225 0.0791403 0.0900471
10  1.25 0.0717068 0.0884146

