alpha b0 d sigma tau Gmean Gstd Tmean Tstd
0 1.25 1 0.6 1 0.249266 0.018127 20371.1 20023.2
0 1.25 1 0.8 1 0.253181 0.0263393 799.416 801.289
0 1.25 1 1 1 0.24725 0.0309034 202.599 182.97
0 1.25 1 1.2 1 0.256437 0.0413625 92.8687 84.2526
0.1 1.25 1 0.6 1 0.199893 0.0122217 19365.5 18759.3
0.1 1.25 1 0.8 1 0.182203 0.0228526 659.653 649.342
0.1 1.25 1 1 1 0.152933 0.0304234 149.873 135.988
0.1 1.25 1 1.2 1 0.122842 0.03386 69.882 58.0253
0.2 1.25 1 0.6 1 0.167586 0.0145633 24530.4 22620.2
0.2 1.25 1 0.8 1 0.140416 0.0211032 514.978 484.782
0.2 1.25 1 1 1 0.104175 0.0223367 131.43 116.655
0.2 1.25 1 1.2 1 0.0559718 0.0269848 63.4222 52.0718
0.3 1.25 1 0.6 1 0.147286 0.0141543 31182.1 27057.1
0.3 1.25 1 0.8 1 0.115205 0.0166398 562.416 509.123
0.3 1.25 1 1 1 0.073788 0.0215404 125.831 106.306
0.3 1.25 1 1.2 1 0.021529 0.0311609 58.4633 47.9047
0.4 1.25 1 0.6 1 0.131751 0.0117734 38360.7 32463.7
0.4 1.25 1 0.8 1 0.100148 0.0185599 554.276 534.38
0.4 1.25 1 1 1 0.0579279 0.021178 119.043 98.6025
0.4 1.25 1 1.2 1 -0.00226698 0.0257149 53.6782 41.4316
0.5 1.25 1 0.6 1 0.118916 0.00980362 49492.2 34550.4
0.5 1.25 1 0.8 1 0.0864518 0.0164893 682.236 662.485
0.5 1.25 1 1 1 0.0429222 0.0224211 127.458 110.807
0.5 1.25 1 1.2 1 -0.0194542 0.029074 53.6181 41.058
0.6 1.25 1 0.6 1 0.11088 0.0109939 61985.1 36505.1
0.6 1.25 1 0.8 1 0.0798241 0.0157546 699.033 666.623
0.6 1.25 1 1 1 0.0349323 0.0177 133.28 106.64
0.6 1.25 1 1.2 1 -0.0262631 0.0223275 54.247 43.1166
0.7 1.25 1 0.6 1 0.102602 0.00930565 75379.1 33354.3
0.7 1.25 1 0.8 1 0.0727705 0.0140059 866.904 839.131
0.7 1.25 1 1 1 0.0332762 0.0180696 139.856 112.616
0.7 1.25 1 1.2 1 -0.0324602 0.0270431 52.2317 39.4409
0.8 1.25 1 0.6 1 0.0983059 0.00962426 81627.7 30231.8
0.8 1.25 1 0.8 1 0.0692412 0.0133255 951.691 939.05
0.8 1.25 1 1 1 0.0296128 0.0151031 152.598 128.861
0.8 1.25 1 1.2 1 -0.0318131 0.0219778 59.7781 46.934
0.9 1.25 1 0.6 1 0.0922663 0.00883145 89908.6 24188.4
0.9 1.25 1 0.8 1 0.0665399 0.0132084 1165.63 1090.04
0.9 1.25 1 1 1 0.0270348 0.0184854 156.326 126.699
0.9 1.25 1 1.2 1 -0.0291866 0.0208038 59.2381 45.1785
1 1.25 1 0.6 1 0.0872833 0.00875957 94049.5 18643.8
1 1.25 1 0.8 1 0.0621088 0.01245 1459.87 1514.35
1 1.25 1 1 1 0.0262336 0.0152726 172.97 135.772
1 1.25 1 1.2 1 -0.0314408 0.0219331 60.474 46.2621
1.1 1.25 1 0.6 1 0.0840084 0.00879102 96001.9 15894.1
1.1 1.25 1 0.8 1 0.0613849 0.0111397 1764.51 1684.48
1.1 1.25 1 1 1 0.0250778 0.0148288 189.309 157.118
1.1 1.25 1 1.2 1 -0.0297718 0.0206521 64.133 51.2149
1.2 1.25 1 0.6 1 0.0785379 0.00700971 97918.7 11708.4
1.2 1.25 1 0.8 1 0.0584575 0.0108926 2202.41 2075.24
1.2 1.25 1 1 1 0.0249628 0.0140486 209.028 178.914
1.2 1.25 1 1.2 1 -0.0290847 0.0212031 69.1711 51.316
1.3 1.25 1 0.6 1 0.075798 0.00656625 98424.5 10169.6
1.3 1.25 1 0.8 1 0.0578765 0.0115081 2677.41 2730.2
1.3 1.25 1 1 1 0.0255338 0.0136341 234.984 199.046
1.3 1.25 1 1.2 1 -0.0231289 0.0195501 69.3354 53.8445
1.4 1.25 1 0.6 1 0.0735257 0.00659484 98700.8 9339.62
1.4 1.25 1 0.8 1 0.0567321 0.00975808 3480.1 3548.78
1.4 1.25 1 1 1 0.0264747 0.0126025 261.812 230.179
1.4 1.25 1 1.2 1 -0.0195744 0.0182613 78.6829 60.8403
1.5 1.25 1 0.6 1 0.0719133 0.00584983 99528 5661.97
1.5 1.25 1 0.8 1 0.0531651 0.00949066 4402.86 4425.08
1.5 1.25 1 1 1 0.0279401 0.0125517 286.064 246.893
1.5 1.25 1 1.2 1 -0.0190589 0.0153106 82.4856 64.4088
1.6 1.25 1 0.6 1 0.0697509 0.00585518 99666.5 5332.72
1.6 1.25 1 0.8 1 0.0524623 0.00832015 5519.38 5248.19
1.6 1.25 1 1 1 0.0279433 0.0118908 336.155 315.195
1.6 1.25 1 1.2 1 -0.0162776 0.0180465 86.2224 72.0996
1.7 1.25 1 0.6 1 0.0670109 0.0055859 99901.9 2770.93
1.7 1.25 1 0.8 1 0.0511465 0.00873937 7210.92 7424.72
1.7 1.25 1 1 1 0.0268905 0.0128725 354.674 330.429
1.7 1.25 1 1.2 1 -0.0151842 0.0174671 92.6597 72.9751
1.8 1.25 1 0.6 1 0.0661134 0.00613228 99948.3 1633.26
1.8 1.25 1 0.8 1 0.0505623 0.00789788 9259.44 8570.62
1.8 1.25 1 1 1 0.0273826 0.0115977 403.458 361.349
1.8 1.25 1 1.2 1 -0.00881796 0.0154715 96.2053 75.2123
1.9 1.25 1 0.6 1 0.0620941 0.00605764 99929.1 2241.36
1.9 1.25 1 0.8 1 0.0501351 0.00657523 11534.2 11259
1.9 1.25 1 1 1 0.028727 0.0130601 432.198 372.552
1.9 1.25 1 1.2 1 -0.0075465 0.0173721 103.004 83.1683
2 1.25 1 0.6 1 0.0608178 0.00533021 100000 -nan
2 1.25 1 0.8 1 0.0478295 0.00755528 15157.2 15902.3
2 1.25 1 1 1 0.0267403 0.0100568 519.316 475.7
2 1.25 1 1.2 1 -0.00616523 0.0145032 108.401 87.6014
2.1 1.25 1 0.6 1 0.0598633 0.00511891 100000 -nan
2.1 1.25 1 0.8 1 0.0477028 0.00708289 19081 18842
2.1 1.25 1 1 1 0.0294773 0.009613 589.264 518.193
2.1 1.25 1 1.2 1 -0.00420317 0.0152269 115.084 92.3373
2.2 1.25 1 0.6 1 0.0577548 0.00514407 100000 -nan
2.2 1.25 1 0.8 1 0.0463982 0.00707656 24446.3 22399.5
2.2 1.25 1 1 1 0.0271692 0.0105346 642.268 592.755
2.2 1.25 1 1.2 1 -0.00421305 0.0118613 121.682 99.8483
2.3 1.25 1 0.6 1 0.0565879 0.00452424 100000 -nan
2.3 1.25 1 0.8 1 0.0459136 0.00674175 28971 26589.7
2.3 1.25 1 1 1 0.0306125 0.0099844 712.001 663.679
2.3 1.25 1 1.2 1 0.000471981 0.0132236 129.931 103.685
2.4 1.25 1 0.6 1 0.0562651 0.0052785 100000 -nan
2.4 1.25 1 0.8 1 0.0457778 0.00652732 37180.2 30326.5
2.4 1.25 1 1 1 0.0300309 0.00958814 796.434 753.358
2.4 1.25 1 1.2 1 0.000313206 0.0135592 127.7 109.078
2.5 1.25 1 0.6 1 0.0533613 0.00459187 100000 -nan
2.5 1.25 1 0.8 1 0.0440744 0.00561965 47149.4 34543.7
2.5 1.25 1 1 1 0.0292626 0.00906234 897.314 800.41
2.5 1.25 1 1.2 1 0.00236251 0.011923 140.432 119.149
2.6 1.25 1 0.6 1 0.0527371 0.00440228 100000 -nan
2.6 1.25 1 0.8 1 0.044246 0.00658582 52439.3 35486.3
2.6 1.25 1 1 1 0.0293664 0.00860551 980.709 951.333
2.6 1.25 1 1.2 1 0.00383394 0.0146359 150.198 122.772
2.7 1.25 1 0.6 1 0.0519213 0.00391246 100000 -nan
2.7 1.25 1 0.8 1 0.0428799 0.00566163 59970.9 35991.8
2.7 1.25 1 1 1 0.0286298 0.00857168 1174.3 1166.06
2.7 1.25 1 1.2 1 0.00530864 0.0111458 160.744 128.834
2.8 1.25 1 0.6 1 0.0508611 0.00470287 100000 -nan
2.8 1.25 1 0.8 1 0.0417462 0.0051057 67078.3 35888.6
2.8 1.25 1 1 1 0.0287715 0.0085806 1281.36 1205.9
2.8 1.25 1 1.2 1 0.00826195 0.0102054 173.312 145.787
2.9 1.25 1 0.6 1 0.0493848 0.00457828 100000 -nan
2.9 1.25 1 0.8 1 0.0420209 0.00640855 72388.6 34330.4
2.9 1.25 1 1 1 0.0283795 0.00734258 1377.75 1252.55
2.9 1.25 1 1.2 1 0.00654558 0.0115865 180.189 151.287
3 1.25 1 0.6 1 0.0477498 0.00386493 100000 -nan
3 1.25 1 0.8 1 0.0412375 0.00613968 75820.4 33795.7
3 1.25 1 1 1 0.0278228 0.007728 1613.48 1589.89
3 1.25 1 1.2 1 0.0081208 0.0110347 183.137 153.437
3.1 1.25 1 0.6 1 0.046807 0.00363022 100000 -nan
3.1 1.25 1 0.8 1 0.0403732 0.00598963 83237 29523.6
3.1 1.25 1 1 1 0.0291005 0.00737242 1826.11 1712.85
3.1 1.25 1 1.2 1 0.00889344 0.0104821 190.019 163.868
3.2 1.25 1 0.6 1 0.0459712 0.00396665 100000 -nan
3.2 1.25 1 0.8 1 0.0393167 0.00536603 85766.7 27798.8
3.2 1.25 1 1 1 0.0294094 0.00755041 1956.89 1863.7
3.2 1.25 1 1.2 1 0.00899857 0.00986912 208.517 181.862
3.3 1.25 1 0.6 1 0.0454544 0.00364969 100000 -nan
3.3 1.25 1 0.8 1 0.0392176 0.00506276 86688 27368.7
3.3 1.25 1 1 1 0.0278518 0.00759769 2195.61 2127.49
3.3 1.25 1 1.2 1 0.00953534 0.0120394 214.712 187.591
3.4 1.25 1 0.6 1 0.0444202 0.00385378 100000 -nan
3.4 1.25 1 0.8 1 0.0370792 0.00541429 91144.3 22831.1
3.4 1.25 1 1 1 0.0278489 0.00693615 2516.58 2474.23
3.4 1.25 1 1.2 1 0.00939233 0.0116149 221.954 196.066
3.5 1.25 1 0.6 1 0.0430594 0.0038165 100000 -nan
3.5 1.25 1 0.8 1 0.0369188 0.00509735 93137.4 20086.2
3.5 1.25 1 1 1 0.0294116 0.00726602 2615.97 2557.43
3.5 1.25 1 1.2 1 0.0103602 0.0103735 235.73 196.152
3.6 1.25 1 0.6 1 0.0422056 0.00334214 100000 -nan
3.6 1.25 1 0.8 1 0.0364682 0.00466556 93997.1 19659.3
3.6 1.25 1 1 1 0.0286318 0.00715318 2964.04 2937.5
3.6 1.25 1 1.2 1 0.0121866 0.0100225 249.175 218.081
3.7 1.25 1 0.6 1 0.0415972 0.00359231 100000 -nan
3.7 1.25 1 0.8 1 0.0370756 0.00505727 95247.9 17427.8
3.7 1.25 1 1 1 0.0278917 0.00727832 3269.75 3041.22
3.7 1.25 1 1.2 1 0.0122483 0.00947851 268.668 245.225
3.8 1.25 1 0.6 1 0.0415561 0.00309009 100000 -nan
3.8 1.25 1 0.8 1 0.036104 0.00520207 96048.2 15865.3
3.8 1.25 1 1 1 0.0283315 0.00670348 3630.29 3490.77
3.8 1.25 1 1.2 1 0.0119511 0.00956607 260.96 220.666
3.9 1.25 1 0.6 1 0.0406552 0.00265278 100000 -nan
3.9 1.25 1 0.8 1 0.0350214 0.00409944 97526.6 11866.8
3.9 1.25 1 1 1 0.0281636 0.00667527 3922.27 3828.65
3.9 1.25 1 1.2 1 0.0132879 0.00945446 273.335 231.748
4 1.25 1 0.6 1 0.0397147 0.00327783 100000 -nan
4 1.25 1 0.8 1 0.0346637 0.0054973 97751.6 12304.7
4 1.25 1 1 1 0.0269473 0.00655464 4710.27 4600.92
4 1.25 1 1.2 1 0.0143251 0.00891283 286.574 245.594
4.1 1.25 1 0.6 1 0.0393613 0.00348415 100000 -nan
4.1 1.25 1 0.8 1 0.0345803 0.00406424 98097.5 10791.6
4.1 1.25 1 1 1 0.0271736 0.00564342 4960.07 4950.6
4.1 1.25 1 1.2 1 0.0134407 0.00859984 309.953 256.204
4.2 1.25 1 0.6 1 0.0380595 0.00302197 100000 -nan
4.2 1.25 1 0.8 1 0.0343478 0.00437258 98255.1 10512.7
4.2 1.25 1 1 1 0.0263052 0.00495618 5722.14 5859.09
4.2 1.25 1 1.2 1 0.0149313 0.00875076 314.907 273.784
4.3 1.25 1 0.6 1 0.0378077 0.00295963 100000 -nan
4.3 1.25 1 0.8 1 0.0336084 0.0046603 98761.7 8932.9
4.3 1.25 1 1 1 0.026261 0.00552688 5905.95 5960.48
4.3 1.25 1 1.2 1 0.0131591 0.0090841 341.15 304.259
4.4 1.25 1 0.6 1 0.0368922 0.00286678 100000 -nan
4.4 1.25 1 0.8 1 0.0332549 0.00456648 99144.5 7819.96
4.4 1.25 1 1 1 0.0261126 0.00659983 6604.88 6623.6
4.4 1.25 1 1.2 1 0.0120566 0.00791752 333.417 308.845
4.5 1.25 1 0.6 1 0.0361709 0.0030116 100000 -nan
4.5 1.25 1 0.8 1 0.0322675 0.00419594 99251.4 6594.48
4.5 1.25 1 1 1 0.0262077 0.00532444 7103.35 7313.02
4.5 1.25 1 1.2 1 0.0144273 0.00725472 353.697 317.028
4.6 1.25 1 0.6 1 0.0361107 0.00262331 100000 -nan
4.6 1.25 1 0.8 1 0.0322276 0.00459531 99436.2 6325.7
4.6 1.25 1 1 1 0.0250937 0.00603579 7666.14 7522.79
4.6 1.25 1 1.2 1 0.0150236 0.0085186 354.207 307.753
4.7 1.25 1 0.6 1 0.0354319 0.00296455 100000 -nan
4.7 1.25 1 0.8 1 0.0320561 0.00394769 99462 6139.67
4.7 1.25 1 1 1 0.0255875 0.00591305 8095.06 7972.87
4.7 1.25 1 1.2 1 0.013949 0.0087059 378.643 328.157
4.8 1.25 1 0.6 1 0.0343895 0.00280291 100000 -nan
4.8 1.25 1 0.8 1 0.0306784 0.00401298 99771.3 3428.75
4.8 1.25 1 1 1 0.0250487 0.00540037 8681.11 8471.55
4.8 1.25 1 1.2 1 0.0146859 0.00837658 373.777 350.94
4.9 1.25 1 0.6 1 0.0342306 0.00266408 100000 -nan
4.9 1.25 1 0.8 1 0.0310503 0.00431085 99738.4 3751.18
4.9 1.25 1 1 1 0.0249911 0.00552013 9935.49 10087.9
4.9 1.25 1 1.2 1 0.0142161 0.00759376 379.052 347.717
5 1.25 1 0.6 1 0.0340896 0.0026773 100000 -nan
5 1.25 1 0.8 1 0.0296274 0.00400883 99471.9 6120.78
5 1.25 1 1 1 0.0239195 0.00529452 10930.3 10438.4
5 1.25 1 1.2 1 0.0150645 0.00832683 426.206 366.096
5.1 1.25 1 0.6 1 0.0330084 0.00263805 100000 -nan
5.1 1.25 1 0.8 1 0.0295997 0.00345046 99709.7 4742.4
5.1 1.25 1 1 1 0.0249793 0.00531324 11810.9 12092.8
5.1 1.25 1 1.2 1 0.0152626 0.00766206 431.88 381.811
5.2 1.25 1 0.6 1 0.0325483 0.00265319 100000 -nan
5.2 1.25 1 0.8 1 0.0291532 0.0037591 99833 2878.57
5.2 1.25 1 1 1 0.0243812 0.00522375 12753.4 12961.3
5.2 1.25 1 1.2 1 0.0161174 0.00744097 439.466 380.179
5.3 1.25 1 0.6 1 0.0323381 0.00248453 100000 -nan
5.3 1.25 1 0.8 1 0.0291867 0.0036464 99910.9 2139.88
5.3 1.25 1 1 1 0.0245502 0.00512523 14263 14462.1
5.3 1.25 1 1.2 1 0.0148038 0.00751859 439.977 404.285
5.4 1.25 1 0.6 1 0.0320353 0.00299342 100000 -nan
5.4 1.25 1 0.8 1 0.028567 0.00373874 99952.4 1454.41
5.4 1.25 1 1 1 0.023718 0.00533421 15193.1 14903.2
5.4 1.25 1 1.2 1 0.0136589 0.0073583 447.158 408.965
5.5 1.25 1 0.6 1 0.031598 0.00257618 100000 -nan
5.5 1.25 1 0.8 1 0.0280995 0.00402877 99973.9 826.722
5.5 1.25 1 1 1 0.0232887 0.00513901 17129.6 16580.7
5.5 1.25 1 1.2 1 0.0149189 0.00713721 506.151 471.039
5.6 1.25 1 0.6 1 0.0314208 0.00270611 100000 -nan
5.6 1.25 1 0.8 1 0.0278101 0.00326541 100000 -nan
5.6 1.25 1 1 1 0.0233011 0.00495974 18183.4 18440.1
5.6 1.25 1 1.2 1 0.0147873 0.00701006 495.235 455.626
5.7 1.25 1 0.6 1 0.0305552 0.0027548 100000 -nan
5.7 1.25 1 0.8 1 0.0275992 0.00397928 100000 -nan
5.7 1.25 1 1 1 0.0232153 0.00471885 18027.3 16937
5.7 1.25 1 1.2 1 0.0145821 0.00752013 508.636 476.591
5.8 1.25 1 0.6 1 0.0303004 0.00206416 100000 -nan
5.8 1.25 1 0.8 1 0.0274743 0.00318074 100000 -nan
5.8 1.25 1 1 1 0.0234082 0.00420627 21139.7 20878.7
5.8 1.25 1 1.2 1 0.0144566 0.00729987 528.947 477.957
5.9 1.25 1 0.6 1 0.0297685 0.00240896 100000 -nan
5.9 1.25 1 0.8 1 0.0273768 0.00368435 100000 -nan
5.9 1.25 1 1 1 0.0221185 0.00424936 21640.1 20652.8
5.9 1.25 1 1.2 1 0.0149506 0.00748475 530.539 466.783
6 1.25 1 0.6 1 0.029539 0.00214277 100000 -nan
6 1.25 1 0.8 1 0.0266195 0.00323045 99885 3184.73
6 1.25 1 1 1 0.022353 0.00450637 24173 22595.6
6 1.25 1 1.2 1 0.0156217 0.00671488 524.113 487.693
6.1 1.25 1 0.6 1 0.0285468 0.00233015 100000 -nan
