alpha b0 d sigma tau Gmean Gstd
0 1.25 1 0 2 0.250002 6.5166e-08
0 1.25 1 0.05 2 0.250012 0.00225294
0 1.25 1 0.1 2 0.250046 0.00441088
0 1.25 1 0.15 2 0.250081 0.00664978
0 1.25 1 0.2 2 0.25011 0.00900292
0 1.25 1 0.25 2 0.250227 0.0111519
0 1.25 1 0.3 2 0.249738 0.0135119
0 1.25 1 0.35 2 0.25015 0.0157178
0 1.25 1 0.4 2 0.250135 0.0177109
0 1.25 1 0.45 2 0.249824 0.020145
0 1.25 1 0.5 2 0.250033 0.0224655
0 1.25 1 0.55 2 0.250395 0.0247528
0 1.25 1 0.6 2 0.250068 0.0265236
0 1.25 1 0.65 2 0.249768 0.0289785
0 1.25 1 0.7 2 0.249214 0.0309674
0 1.25 1 0.75 2 0.249998 0.0332594
0 1.25 1 0.8 2 0.250231 0.0356064
0 1.25 1 0.85 2 0.250409 0.0384667
0 1.25 1 0.9 2 0.250151 0.039966
0 1.25 1 0.95 2 0.24974 0.0429424
0 1.25 1 1 2 0.249704 0.0445176
0 1.25 1 1.05 2 0.250284 0.0466007
0 1.25 1 1.1 2 0.249607 0.0498348
0 1.25 1 1.15 2 0.250669 0.0507159
0 1.25 1 1.2 2 0.249797 0.0534661

0.1 1.25 1 0 2 0.222499 -nan
0.1 1.25 1 0.05 2 0.222344 0.00194318
0.1 1.25 1 0.1 2 0.221809 0.00392697
0.1 1.25 1 0.15 2 0.221017 0.00582704
0.1 1.25 1 0.2 2 0.219698 0.00782908
0.1 1.25 1 0.25 2 0.21819 0.00976866
0.1 1.25 1 0.3 2 0.216407 0.0116186
0.1 1.25 1 0.35 2 0.21415 0.0138569
0.1 1.25 1 0.4 2 0.211387 0.0155404
0.1 1.25 1 0.45 2 0.208519 0.0177321
0.1 1.25 1 0.5 2 0.205313 0.0196899
0.1 1.25 1 0.55 2 0.201729 0.0214292
0.1 1.25 1 0.6 2 0.197653 0.0233795
0.1 1.25 1 0.65 2 0.193339 0.0255071
0.1 1.25 1 0.7 2 0.188231 0.0276218
0.1 1.25 1 0.75 2 0.183122 0.029833
0.1 1.25 1 0.8 2 0.178216 0.0315421
0.1 1.25 1 0.85 2 0.172242 0.0332104
0.1 1.25 1 0.9 2 0.166733 0.0356068
0.1 1.25 1 0.95 2 0.159096 0.0375177
0.1 1.25 1 1 2 0.1526 0.0390241
0.1 1.25 1 1.05 2 0.145194 0.0411865
0.1 1.25 1 1.1 2 0.137022 0.0437035
0.1 1.25 1 1.15 2 0.129003 0.0448284
0.1 1.25 1 1.2 2 0.122002 0.0474674

0.2 1.25 1 0 2 0.200802 -nan
0.2 1.25 1 0.05 2 0.200579 0.00171786
0.2 1.25 1 0.1 2 0.199822 0.00345083
0.2 1.25 1 0.15 2 0.198529 0.00517506
0.2 1.25 1 0.2 2 0.196968 0.00698141
0.2 1.25 1 0.25 2 0.194633 0.00862225
0.2 1.25 1 0.3 2 0.191765 0.01034
0.2 1.25 1 0.35 2 0.18868 0.0121587
0.2 1.25 1 0.4 2 0.184771 0.0138558
0.2 1.25 1 0.45 2 0.180743 0.0156546
0.2 1.25 1 0.5 2 0.175392 0.0173854
0.2 1.25 1 0.55 2 0.170279 0.0191286
0.2 1.25 1 0.6 2 0.164631 0.0211503
0.2 1.25 1 0.65 2 0.157788 0.0228278
0.2 1.25 1 0.7 2 0.15058 0.0247332
0.2 1.25 1 0.75 2 0.143049 0.026776
0.2 1.25 1 0.8 2 0.135648 0.0282434
0.2 1.25 1 0.85 2 0.126085 0.030103
0.2 1.25 1 0.9 2 0.117062 0.0320182
0.2 1.25 1 0.95 2 0.106409 0.0337386
0.2 1.25 1 1 2 0.0957425 0.035956
0.2 1.25 1 1.05 2 0.0850531 0.0374396
0.2 1.25 1 1.1 2 0.0726932 0.0397252
0.2 1.25 1 1.15 2 0.0602353 0.0412833
0.2 1.25 1 1.2 2 0.0463931 0.0432294

0.3 1.25 1 0 2 0.183175 3.71597e-08
0.3 1.25 1 0.05 2 0.182901 0.00156246
0.3 1.25 1 0.1 2 0.182089 0.00312116
0.3 1.25 1 0.15 2 0.180712 0.00475197
0.3 1.25 1 0.2 2 0.17866 0.00628081
0.3 1.25 1 0.25 2 0.175992 0.00781203
0.3 1.25 1 0.3 2 0.172905 0.00934735
0.3 1.25 1 0.35 2 0.169219 0.0109387
0.3 1.25 1 0.4 2 0.164544 0.0125913
0.3 1.25 1 0.45 2 0.15964 0.0141149
0.3 1.25 1 0.5 2 0.154258 0.0159961
0.3 1.25 1 0.55 2 0.148284 0.0175802
0.3 1.25 1 0.6 2 0.141591 0.0190615
0.3 1.25 1 0.65 2 0.133506 0.0207728
0.3 1.25 1 0.7 2 0.125758 0.0222486
0.3 1.25 1 0.75 2 0.116703 0.0243302
0.3 1.25 1 0.8 2 0.106848 0.02569
0.3 1.25 1 0.85 2 0.0965461 0.0276402
0.3 1.25 1 0.9 2 0.0847361 0.0291843
0.3 1.25 1 0.95 2 0.0736902 0.0311813
0.3 1.25 1 1 2 0.0598215 0.03302
0.3 1.25 1 1.05 2 0.0463205 0.0350639
0.3 1.25 1 1.1 2 0.0309682 0.0365121
0.3 1.25 1 1.15 2 0.0149783 0.0384758
0.3 1.25 1 1.2 2 -0.00148996 0.0399817

0.4 1.25 1 0 2 0.168531 -nan
0.4 1.25 1 0.05 2 0.168209 0.00142985
0.4 1.25 1 0.1 2 0.16731 0.00285306
0.4 1.25 1 0.15 2 0.165836 0.00428522
0.4 1.25 1 0.2 2 0.163756 0.00574234
0.4 1.25 1 0.25 2 0.161004 0.00708397
0.4 1.25 1 0.3 2 0.157881 0.00856716
0.4 1.25 1 0.35 2 0.153945 0.0101121
0.4 1.25 1 0.4 2 0.149368 0.0114605
0.4 1.25 1 0.45 2 0.144051 0.0129422
0.4 1.25 1 0.5 2 0.138546 0.0145471
0.4 1.25 1 0.55 2 0.131964 0.015961
0.4 1.25 1 0.6 2 0.124526 0.0173019
0.4 1.25 1 0.65 2 0.11664 0.0192959
0.4 1.25 1 0.7 2 0.107824 0.0207667
0.4 1.25 1 0.75 2 0.0982523 0.0222963
0.4 1.25 1 0.8 2 0.087979 0.0240131
0.4 1.25 1 0.85 2 0.0765831 0.0255399
0.4 1.25 1 0.9 2 0.063859 0.0271975
0.4 1.25 1 0.95 2 0.0510966 0.0287163
0.4 1.25 1 1 2 0.0364813 0.0305451
0.4 1.25 1 1.05 2 0.0211512 0.0325415
0.4 1.25 1 1.1 2 0.00415637 0.03453
0.4 1.25 1 1.15 2 -0.0141055 0.0363743
0.4 1.25 1 1.2 2 -0.0329515 0.0379014

0.5 1.25 1 0 2 0.156146 5.79519e-08
0.5 1.25 1 0.05 2 0.155836 0.00130821
0.5 1.25 1 0.1 2 0.154987 0.00260744
0.5 1.25 1 0.15 2 0.153557 0.00389862
0.5 1.25 1 0.2 2 0.151441 0.00523417
0.5 1.25 1 0.25 2 0.148787 0.00664161
0.5 1.25 1 0.3 2 0.145548 0.00790921
0.5 1.25 1 0.35 2 0.141697 0.00933122
0.5 1.25 1 0.4 2 0.136889 0.0106744
0.5 1.25 1 0.45 2 0.131795 0.0121202
0.5 1.25 1 0.5 2 0.125862 0.0133204
0.5 1.25 1 0.55 2 0.118946 0.0148935
0.5 1.25 1 0.6 2 0.11185 0.0160054
0.5 1.25 1 0.65 2 0.103545 0.0175316
0.5 1.25 1 0.7 2 0.0948321 0.0193035
0.5 1.25 1 0.75 2 0.0844713 0.0207751
0.5 1.25 1 0.8 2 0.0741998 0.0221029
0.5 1.25 1 0.85 2 0.0622016 0.023973
0.5 1.25 1 0.9 2 0.049277 0.0253703
0.5 1.25 1 0.95 2 0.0359145 0.0267794
0.5 1.25 1 1 2 0.0199848 0.0288204
0.5 1.25 1 1.05 2 0.00403736 0.0308691
0.5 1.25 1 1.1 2 -0.0146859 0.0324931
0.5 1.25 1 1.15 2 -0.0336985 0.0342694
0.5 1.25 1 1.2 2 -0.0558947 0.0364937

0.6 1.25 1 0 2 0.145521 -nan
0.6 1.25 1 0.05 2 0.145212 0.00121484
0.6 1.25 1 0.1 2 0.144369 0.00245168
0.6 1.25 1 0.15 2 0.142886 0.00366278
0.6 1.25 1 0.2 2 0.140917 0.00491115
0.6 1.25 1 0.25 2 0.138379 0.00610246
0.6 1.25 1 0.3 2 0.135034 0.00735508
0.6 1.25 1 0.35 2 0.13118 0.00869429
0.6 1.25 1 0.4 2 0.126723 0.00980626
0.6 1.25 1 0.45 2 0.121562 0.0110387
0.6 1.25 1 0.5 2 0.115735 0.0125323
0.6 1.25 1 0.55 2 0.109589 0.0136265
0.6 1.25 1 0.6 2 0.101875 0.015254
0.6 1.25 1 0.65 2 0.0937946 0.0165535
0.6 1.25 1 0.7 2 0.0849867 0.0179046
0.6 1.25 1 0.75 2 0.0747078 0.019513
0.6 1.25 1 0.8 2 0.0639811 0.0208696
0.6 1.25 1 0.85 2 0.0522771 0.0221109
0.6 1.25 1 0.9 2 0.0394145 0.0235992
0.6 1.25 1 0.95 2 0.0254977 0.0252589
0.6 1.25 1 1 2 0.00926551 0.027332
0.6 1.25 1 1.05 2 -0.00753403 0.0288949
0.6 1.25 1 1.1 2 -0.0265908 0.0303732
0.6 1.25 1 1.15 2 -0.0471826 0.0328043
0.6 1.25 1 1.2 2 -0.0710938 0.0351931

0.7 1.25 1 0 2 0.136295 -nan
0.7 1.25 1 0.05 2 0.136017 0.00111922
0.7 1.25 1 0.1 2 0.135179 0.00227083
0.7 1.25 1 0.15 2 0.13378 0.00339121
0.7 1.25 1 0.2 2 0.131805 0.00453565
0.7 1.25 1 0.25 2 0.12923 0.00568612
0.7 1.25 1 0.3 2 0.126117 0.00683586
0.7 1.25 1 0.35 2 0.12231 0.00794252
0.7 1.25 1 0.4 2 0.117995 0.00926437
0.7 1.25 1 0.45 2 0.11303 0.0103737
0.7 1.25 1 0.5 2 0.10733 0.0115035
0.7 1.25 1 0.55 2 0.101013 0.0127478
0.7 1.25 1 0.6 2 0.0938641 0.0140584
0.7 1.25 1 0.65 2 0.085862 0.0153592
0.7 1.25 1 0.7 2 0.0772623 0.0170435
0.7 1.25 1 0.75 2 0.0676383 0.0182346
0.7 1.25 1 0.8 2 0.0565821 0.0197142
0.7 1.25 1 0.85 2 0.0446885 0.0209682
0.7 1.25 1 0.9 2 0.0317228 0.0223418
0.7 1.25 1 0.95 2 0.0179036 0.024196
0.7 1.25 1 1 2 0.00204876 0.0255698
0.7 1.25 1 1.05 2 -0.0152557 0.0274444
0.7 1.25 1 1.1 2 -0.03499 0.0293516
0.7 1.25 1 1.15 2 -0.0569118 0.031387
0.7 1.25 1 1.2 2 -0.0807791 0.0334021

0.8 1.25 1 0 2 0.128967 -nan
0.8 1.25 1 0.05 2 0.128714 0.00106112
0.8 1.25 1 0.1 2 0.127862 0.00216032
0.8 1.25 1 0.15 2 0.126533 0.00319698
0.8 1.25 1 0.2 2 0.124666 0.00420016
0.8 1.25 1 0.25 2 0.122156 0.0053697
0.8 1.25 1 0.3 2 0.119092 0.00648856
0.8 1.25 1 0.35 2 0.115639 0.00762099
0.8 1.25 1 0.4 2 0.11155 0.00874706
0.8 1.25 1 0.45 2 0.106503 0.00980867
0.8 1.25 1 0.5 2 0.101098 0.0108658
0.8 1.25 1 0.55 2 0.0948084 0.0121169
0.8 1.25 1 0.6 2 0.0880118 0.0134784
0.8 1.25 1 0.65 2 0.0800247 0.014495
0.8 1.25 1 0.7 2 0.0715382 0.0158609
0.8 1.25 1 0.75 2 0.0620146 0.0173496
0.8 1.25 1 0.8 2 0.0517378 0.0186204
0.8 1.25 1 0.85 2 0.039925 0.020057
0.8 1.25 1 0.9 2 0.0273069 0.0210943
0.8 1.25 1 0.95 2 0.0130919 0.0230284
0.8 1.25 1 1 2 -0.0025711 0.0244541
0.8 1.25 1 1.05 2 -0.0203525 0.0263214
0.8 1.25 1 1.1 2 -0.0399792 0.0284435
0.8 1.25 1 1.15 2 -0.0613164 0.029769
0.8 1.25 1 1.2 2 -0.087472 0.0324158

0.9 1.25 1 0 2 0.121721 -nan
0.9 1.25 1 0.05 2 0.121445 0.00100985
0.9 1.25 1 0.1 2 0.120704 0.00201085
0.9 1.25 1 0.15 2 0.119441 0.00301242
0.9 1.25 1 0.2 2 0.117605 0.00402057
0.9 1.25 1 0.25 2 0.115215 0.00506673
0.9 1.25 1 0.3 2 0.112386 0.00609187
0.9 1.25 1 0.35 2 0.108894 0.00712276
0.9 1.25 1 0.4 2 0.104745 0.00820474
0.9 1.25 1 0.45 2 0.100179 0.00924894
0.9 1.25 1 0.5 2 0.0950883 0.0103313
0.9 1.25 1 0.55 2 0.0888127 0.0114841
0.9 1.25 1 0.6 2 0.082171 0.0124618
0.9 1.25 1 0.65 2 0.0748833 0.0137974
0.9 1.25 1 0.7 2 0.0664896 0.0150821
0.9 1.25 1 0.75 2 0.0575557 0.0164841
0.9 1.25 1 0.8 2 0.0473068 0.017545
0.9 1.25 1 0.85 2 0.0359354 0.0192159
0.9 1.25 1 0.9 2 0.023399 0.0200086
0.9 1.25 1 0.95 2 0.00899815 0.0219669
0.9 1.25 1 1 2 -0.00578517 0.0234749
0.9 1.25 1 1.05 2 -0.0231779 0.0253897
0.9 1.25 1 1.1 2 -0.0431855 0.0268457
0.9 1.25 1 1.15 2 -0.0657568 0.0293314
0.9 1.25 1 1.2 2 -0.0918596 0.0313526

1 1.25 1 0 2 0.115265 -nan
1 1.25 1 0.05 2 0.115014 0.000945748
1 1.25 1 0.1 2 0.114298 0.00189208
1 1.25 1 0.15 2 0.113088 0.00279984
1 1.25 1 0.2 2 0.111313 0.00380557
1 1.25 1 0.25 2 0.109177 0.00482004
1 1.25 1 0.3 2 0.106399 0.00574232
1 1.25 1 0.35 2 0.103043 0.00671966
1 1.25 1 0.4 2 0.0991171 0.00768571
1 1.25 1 0.45 2 0.0948489 0.00874771
1 1.25 1 0.5 2 0.0895648 0.00976949
1 1.25 1 0.55 2 0.0839003 0.0108074
1 1.25 1 0.6 2 0.0778061 0.0120855
1 1.25 1 0.65 2 0.0705423 0.0131687
1 1.25 1 0.7 2 0.0624644 0.0141446
1 1.25 1 0.75 2 0.0536177 0.0154392
1 1.25 1 0.8 2 0.0438112 0.0167296
1 1.25 1 0.85 2 0.0329911 0.0179333
1 1.25 1 0.9 2 0.0209154 0.0191491
1 1.25 1 0.95 2 0.00685859 0.0209359
1 1.25 1 1 2 -0.00846686 0.022641
1 1.25 1 1.05 2 -0.0252035 0.0242409
1 1.25 1 1.1 2 -0.0449804 0.0261985
1 1.25 1 1.15 2 -0.0673997 0.0279497
1 1.25 1 1.2 2 -0.0945017 0.03086

1.1 1.25 1 0 2 0.109474 -nan
1.1 1.25 1 0.05 2 0.109243 0.000902825
1.1 1.25 1 0.1 2 0.108576 0.00181935
1.1 1.25 1 0.15 2 0.107427 0.00271084
1.1 1.25 1 0.2 2 0.105769 0.00360748
1.1 1.25 1 0.25 2 0.103677 0.0045594
1.1 1.25 1 0.3 2 0.101015 0.00542785
1.1 1.25 1 0.35 2 0.0977839 0.00640027
1.1 1.25 1 0.4 2 0.0942145 0.0074367
1.1 1.25 1 0.45 2 0.0899569 0.00829957
1.1 1.25 1 0.5 2 0.0852228 0.00933802
1.1 1.25 1 0.55 2 0.0798063 0.0103211
1.1 1.25 1 0.6 2 0.0736643 0.0113718
1.1 1.25 1 0.65 2 0.0668306 0.0124428
1.1 1.25 1 0.7 2 0.0590495 0.0134684
1.1 1.25 1 0.75 2 0.0503297 0.014637
1.1 1.25 1 0.8 2 0.0409786 0.0159989
1.1 1.25 1 0.85 2 0.0305535 0.0170847
1.1 1.25 1 0.9 2 0.0188685 0.0186153
1.1 1.25 1 0.95 2 0.00570617 0.0199973
1.1 1.25 1 1 2 -0.00925952 0.0215619
1.1 1.25 1 1.05 2 -0.0260293 0.0231994
1.1 1.25 1 1.1 2 -0.0453055 0.0248066
1.1 1.25 1 1.15 2 -0.0681415 0.026943
1.1 1.25 1 1.2 2 -0.0953097 0.0290974

1.2 1.25 1 0 2 0.103754 3.59978e-08
1.2 1.25 1 0.05 2 0.10354 0.000842314
1.2 1.25 1 0.1 2 0.102863 0.00169645
1.2 1.25 1 0.15 2 0.101789 0.00254372
1.2 1.25 1 0.2 2 0.100211 0.0033798
1.2 1.25 1 0.25 2 0.098165 0.00423664
1.2 1.25 1 0.3 2 0.0957202 0.00517975
1.2 1.25 1 0.35 2 0.0929019 0.00600466
1.2 1.25 1 0.4 2 0.0893425 0.00691447
1.2 1.25 1 0.45 2 0.0851851 0.00798619
1.2 1.25 1 0.5 2 0.0807795 0.00877396
1.2 1.25 1 0.55 2 0.0756326 0.00977101
1.2 1.25 1 0.6 2 0.0697968 0.0107612
1.2 1.25 1 0.65 2 0.0634718 0.0115464
1.2 1.25 1 0.7 2 0.05609 0.0129548
1.2 1.25 1 0.75 2 0.0478998 0.0139431
1.2 1.25 1 0.8 2 0.0384501 0.0151067
1.2 1.25 1 0.85 2 0.0283453 0.016593
1.2 1.25 1 0.9 2 0.0175302 0.0177242
1.2 1.25 1 0.95 2 0.00432963 0.0190329
1.2 1.25 1 1 2 -0.00988492 0.0203571
1.2 1.25 1 1.05 2 -0.0260514 0.0222616
1.2 1.25 1 1.1 2 -0.0453238 0.023786
1.2 1.25 1 1.15 2 -0.067844 0.0262539
1.2 1.25 1 1.2 2 -0.094841 0.0287047

1.3 1.25 1 0 2 0.0990592 -nan
1.3 1.25 1 0.05 2 0.0988466 0.000805898
1.3 1.25 1 0.1 2 0.0982361 0.00162482
1.3 1.25 1 0.15 2 0.097149 0.00245337
1.3 1.25 1 0.2 2 0.0957147 0.00323572
1.3 1.25 1 0.25 2 0.0938549 0.00407029
1.3 1.25 1 0.3 2 0.0914306 0.00494085
1.3 1.25 1 0.35 2 0.0885351 0.00575634
1.3 1.25 1 0.4 2 0.0853757 0.00661568
1.3 1.25 1 0.45 2 0.0814806 0.0075647
1.3 1.25 1 0.5 2 0.0771564 0.00843234
1.3 1.25 1 0.55 2 0.0722796 0.00948192
1.3 1.25 1 0.6 2 0.0665811 0.0103304
1.3 1.25 1 0.65 2 0.0603379 0.0113585
1.3 1.25 1 0.7 2 0.0535994 0.0121758
1.3 1.25 1 0.75 2 0.0456719 0.013347
1.3 1.25 1 0.8 2 0.0369368 0.0142547
1.3 1.25 1 0.85 2 0.0273167 0.0155601
1.3 1.25 1 0.9 2 0.0161315 0.0168088
1.3 1.25 1 0.95 2 0.00432887 0.0183183
1.3 1.25 1 1 2 -0.0100451 0.0193671
1.3 1.25 1 1.05 2 -0.0258929 0.0214981
1.3 1.25 1 1.1 2 -0.0444589 0.0232368
1.3 1.25 1 1.15 2 -0.0665671 0.0253172
1.3 1.25 1 1.2 2 -0.0940939 0.0272924

1.4 1.25 1 0 2 0.094778 6.11702e-08
1.4 1.25 1 0.05 2 0.0945717 0.000778572
1.4 1.25 1 0.1 2 0.0939886 0.00153422
1.4 1.25 1 0.15 2 0.0930681 0.00229821
1.4 1.25 1 0.2 2 0.0916478 0.00313106
1.4 1.25 1 0.25 2 0.0898201 0.00391147
1.4 1.25 1 0.3 2 0.0875461 0.00471796
1.4 1.25 1 0.35 2 0.0848709 0.00556327
1.4 1.25 1 0.4 2 0.0816508 0.00641875
1.4 1.25 1 0.45 2 0.0780281 0.00723187
1.4 1.25 1 0.5 2 0.0739819 0.00795432
1.4 1.25 1 0.55 2 0.0693218 0.00899741
1.4 1.25 1 0.6 2 0.0640792 0.00984301
1.4 1.25 1 0.65 2 0.0578985 0.0107991
1.4 1.25 1 0.7 2 0.0514255 0.0116766
1.4 1.25 1 0.75 2 0.044006 0.0127968
1.4 1.25 1 0.8 2 0.0356344 0.0139056
1.4 1.25 1 0.85 2 0.0263317 0.0150734
1.4 1.25 1 0.9 2 0.0156161 0.0161516
1.4 1.25 1 0.95 2 0.00407272 0.0173803
1.4 1.25 1 1 2 -0.00961115 0.0188244
1.4 1.25 1 1.05 2 -0.0252591 0.0207581
1.4 1.25 1 1.1 2 -0.0428687 0.022594
1.4 1.25 1 1.15 2 -0.0649384 0.0246169
1.4 1.25 1 1.2 2 -0.0926292 0.0273123

1.5 1.25 1 0 2 0.0908575 6.53653e-08
1.5 1.25 1 0.05 2 0.0906806 0.000738303
1.5 1.25 1 0.1 2 0.0901071 0.00149163
1.5 1.25 1 0.15 2 0.0891538 0.00224726
1.5 1.25 1 0.2 2 0.0878269 0.002995
1.5 1.25 1 0.25 2 0.0861914 0.00376497
1.5 1.25 1 0.3 2 0.083983 0.00448682
1.5 1.25 1 0.35 2 0.0814574 0.0053114
1.5 1.25 1 0.4 2 0.0784414 0.00608562
1.5 1.25 1 0.45 2 0.0748747 0.00684532
1.5 1.25 1 0.5 2 0.0712169 0.007682
1.5 1.25 1 0.55 2 0.0665095 0.00851562
1.5 1.25 1 0.6 2 0.061807 0.00952626
1.5 1.25 1 0.65 2 0.055834 0.0105201
1.5 1.25 1 0.7 2 0.049514 0.0115129
1.5 1.25 1 0.75 2 0.0425963 0.0124256
1.5 1.25 1 0.8 2 0.0347541 0.0131796
1.5 1.25 1 0.85 2 0.025443 0.0145076
1.5 1.25 1 0.9 2 0.0155848 0.0154607
1.5 1.25 1 0.95 2 0.00379688 0.0170303
1.5 1.25 1 1 2 -0.00871308 0.0181179
1.5 1.25 1 1.05 2 -0.0236999 0.019881
1.5 1.25 1 1.1 2 -0.0417822 0.0216151
1.5 1.25 1 1.15 2 -0.0627816 0.0235773
1.5 1.25 1 1.2 2 -0.0894705 0.0264072

1.6 1.25 1 0 2 0.0872534 5.1121e-08
1.6 1.25 1 0.05 2 0.0870759 0.000708962
1.6 1.25 1 0.1 2 0.0865396 0.00142391
1.6 1.25 1 0.15 2 0.0856142 0.00214898
1.6 1.25 1 0.2 2 0.0843597 0.00290013
1.6 1.25 1 0.25 2 0.0827835 0.00360023
1.6 1.25 1 0.3 2 0.0807776 0.00429099
1.6 1.25 1 0.35 2 0.0782935 0.00509442
1.6 1.25 1 0.4 2 0.0755263 0.00583604
1.6 1.25 1 0.45 2 0.0722065 0.00667106
1.6 1.25 1 0.5 2 0.0683968 0.00732774
1.6 1.25 1 0.55 2 0.0641235 0.00815773
1.6 1.25 1 0.6 2 0.0593516 0.00912242
1.6 1.25 1 0.65 2 0.0538718 0.00993183
1.6 1.25 1 0.7 2 0.0480494 0.0107768
1.6 1.25 1 0.75 2 0.0409656 0.0117678
1.6 1.25 1 0.8 2 0.0335673 0.0127423
1.6 1.25 1 0.85 2 0.0252049 0.0139195
1.6 1.25 1 0.9 2 0.0153174 0.015205
1.6 1.25 1 0.95 2 0.00455397 0.0163678
1.6 1.25 1 1 2 -0.00806984 0.0179145
1.6 1.25 1 1.05 2 -0.022444 0.0194933
1.6 1.25 1 1.1 2 -0.0399929 0.0208545
1.6 1.25 1 1.15 2 -0.0603763 0.0231419
1.6 1.25 1 1.2 2 -0.0874661 0.0257588

1.7 1.25 1 0 2 0.0839283 -nan
1.7 1.25 1 0.05 2 0.0837553 0.000683472
1.7 1.25 1 0.1 2 0.0832443 0.00136823
1.7 1.25 1 0.15 2 0.0824114 0.00203653
1.7 1.25 1 0.2 2 0.0811881 0.00274989
1.7 1.25 1 0.25 2 0.0796625 0.00343895
1.7 1.25 1 0.3 2 0.0777208 0.0041919
1.7 1.25 1 0.35 2 0.0752954 0.00493859
1.7 1.25 1 0.4 2 0.0726725 0.00552241
1.7 1.25 1 0.45 2 0.069579 0.0063977
1.7 1.25 1 0.5 2 0.0659239 0.00711201
1.7 1.25 1 0.55 2 0.061994 0.00783185
1.7 1.25 1 0.6 2 0.0574302 0.00875636
1.7 1.25 1 0.65 2 0.0522446 0.0095652
1.7 1.25 1 0.7 2 0.0466535 0.0103139
1.7 1.25 1 0.75 2 0.0400021 0.0114149
1.7 1.25 1 0.8 2 0.0327313 0.012265
1.7 1.25 1 0.85 2 0.0245405 0.0135762
1.7 1.25 1 0.9 2 0.0154613 0.014393
1.7 1.25 1 0.95 2 0.00488527 0.0156736
1.7 1.25 1 1 2 -0.00709814 0.0171527
1.7 1.25 1 1.05 2 -0.0209401 0.0185611
1.7 1.25 1 1.1 2 -0.0379439 0.0203963
1.7 1.25 1 1.15 2 -0.0580255 0.0223149
1.7 1.25 1 1.2 2 -0.0839984 0.0250581

1.8 1.25 1 0 2 0.0808508 -nan
1.8 1.25 1 0.05 2 0.0806927 0.000650967
1.8 1.25 1 0.1 2 0.0802193 0.00130292
1.8 1.25 1 0.15 2 0.0793992 0.0019762
1.8 1.25 1 0.2 2 0.0782652 0.00264897
1.8 1.25 1 0.25 2 0.0767539 0.00332619
1.8 1.25 1 0.3 2 0.0749286 0.00400293
1.8 1.25 1 0.35 2 0.0727687 0.00467918
1.8 1.25 1 0.4 2 0.070197 0.00548145
1.8 1.25 1 0.45 2 0.0671383 0.00616947
1.8 1.25 1 0.5 2 0.0637589 0.00686295
1.8 1.25 1 0.55 2 0.0599851 0.00763568
1.8 1.25 1 0.6 2 0.0555275 0.00840785
1.8 1.25 1 0.65 2 0.0506694 0.00923158
1.8 1.25 1 0.7 2 0.0452381 0.0100667
1.8 1.25 1 0.75 2 0.0390432 0.0110974
1.8 1.25 1 0.8 2 0.0320987 0.0119212
1.8 1.25 1 0.85 2 0.0244809 0.0128978
1.8 1.25 1 0.9 2 0.0154484 0.0142068
1.8 1.25 1 0.95 2 0.00507166 0.0153544
1.8 1.25 1 1 2 -0.0061029 0.0164077
1.8 1.25 1 1.05 2 -0.019671 0.0180008
1.8 1.25 1 1.1 2 -0.0359056 0.0196299
1.8 1.25 1 1.15 2 -0.0555346 0.0216663
1.8 1.25 1 1.2 2 -0.0813708 0.0241995

1.9 1.25 1 0 2 0.0779938 4.1263e-08
1.9 1.25 1 0.05 2 0.0778371 0.000635942
1.9 1.25 1 0.1 2 0.0773702 0.0012815
1.9 1.25 1 0.15 2 0.0766112 0.0018997
1.9 1.25 1 0.2 2 0.075557 0.00254437
1.9 1.25 1 0.25 2 0.0740817 0.00322217
1.9 1.25 1 0.3 2 0.0723401 0.00387159
1.9 1.25 1 0.35 2 0.0703094 0.00458212
1.9 1.25 1 0.4 2 0.0678858 0.00519239
1.9 1.25 1 0.45 2 0.0649439 0.00587898
1.9 1.25 1 0.5 2 0.0616978 0.00659442
1.9 1.25 1 0.55 2 0.0581203 0.00729661
1.9 1.25 1 0.6 2 0.0538043 0.00818254
1.9 1.25 1 0.65 2 0.0492999 0.00888767
1.9 1.25 1 0.7 2 0.0441549 0.00968581
1.9 1.25 1 0.75 2 0.038127 0.0106982
1.9 1.25 1 0.8 2 0.0313859 0.0115969
1.9 1.25 1 0.85 2 0.023872 0.0126164
1.9 1.25 1 0.9 2 0.0156131 0.013494
1.9 1.25 1 0.95 2 0.00566394 0.0147279
1.9 1.25 1 1 2 -0.00533187 0.0160011
1.9 1.25 1 1.05 2 -0.0177269 0.0175221
1.9 1.25 1 1.1 2 -0.0336902 0.0189982
1.9 1.25 1 1.15 2 -0.0530647 0.0209355
1.9 1.25 1 1.2 2 -0.0784153 0.0237967

2 1.25 1 0 2 0.0753342 3.41809e-08
2 1.25 1 0.05 2 0.0751943 0.000607262
2 1.25 1 0.1 2 0.0747603 0.00123075
2 1.25 1 0.15 2 0.074029 0.00185045
2 1.25 1 0.2 2 0.07299 0.00245679
2 1.25 1 0.25 2 0.0715866 0.0031191
2 1.25 1 0.3 2 0.0699193 0.0037298
2 1.25 1 0.35 2 0.0679564 0.00438216
2 1.25 1 0.4 2 0.0657459 0.00499245
2 1.25 1 0.45 2 0.0630669 0.00571059
2 1.25 1 0.5 2 0.0598449 0.00636563
2 1.25 1 0.55 2 0.056199 0.00709855
2 1.25 1 0.6 2 0.0523888 0.00781246
2 1.25 1 0.65 2 0.0479584 0.00849614
2 1.25 1 0.7 2 0.0429722 0.00941834
2 1.25 1 0.75 2 0.0372292 0.010368
2 1.25 1 0.8 2 0.0310297 0.0110182
2 1.25 1 0.85 2 0.023984 0.0122361
2 1.25 1 0.9 2 0.0159113 0.0133844
2 1.25 1 0.95 2 0.0065983 0.0142015
2 1.25 1 1 2 -0.00458539 0.0154731
2 1.25 1 1.05 2 -0.0166784 0.017077
2 1.25 1 1.1 2 -0.0318976 0.0185747
2 1.25 1 1.15 2 -0.0499955 0.0207512
2 1.25 1 1.2 2 -0.0748129 0.0229946

2.1 1.25 1 0 2 0.0728522 5.4305e-09
2.1 1.25 1 0.05 2 0.072703 0.000587197
2.1 1.25 1 0.1 2 0.0722785 0.00118521
2.1 1.25 1 0.15 2 0.0715688 0.00177239
2.1 1.25 1 0.2 2 0.0706025 0.00237828
2.1 1.25 1 0.25 2 0.0692898 0.00296344
2.1 1.25 1 0.3 2 0.0677029 0.00364873
2.1 1.25 1 0.35 2 0.0658139 0.00421199
2.1 1.25 1 0.4 2 0.0636637 0.00492209
2.1 1.25 1 0.45 2 0.0611147 0.00556844
2.1 1.25 1 0.5 2 0.0581761 0.00626593
2.1 1.25 1 0.55 2 0.0548021 0.00674794
2.1 1.25 1 0.6 2 0.0509117 0.00758229
2.1 1.25 1 0.65 2 0.0466544 0.00837464
2.1 1.25 1 0.7 2 0.0419686 0.0090524
2.1 1.25 1 0.75 2 0.0366075 0.0100953
2.1 1.25 1 0.8 2 0.0304964 0.0108545
2.1 1.25 1 0.85 2 0.0237217 0.0117641
2.1 1.25 1 0.9 2 0.0157953 0.0127285
2.1 1.25 1 0.95 2 0.00683187 0.0138444
2.1 1.25 1 1 2 -0.00304935 0.0151492
2.1 1.25 1 1.05 2 -0.0151803 0.0162786
2.1 1.25 1 1.1 2 -0.0294151 0.0178679
2.1 1.25 1 1.15 2 -0.0476796 0.020274
2.1 1.25 1 1.2 2 -0.0714607 0.0224098

2.2 1.25 1 0 2 0.0705302 -nan
2.2 1.25 1 0.05 2 0.0704078 0.00056814
2.2 1.25 1 0.1 2 0.0699991 0.00113193
2.2 1.25 1 0.15 2 0.0693705 0.0017186
2.2 1.25 1 0.2 2 0.0683924 0.00232667
2.2 1.25 1 0.25 2 0.0671236 0.00293134
2.2 1.25 1 0.3 2 0.0656228 0.00347915
2.2 1.25 1 0.35 2 0.0638016 0.00410057
2.2 1.25 1 0.4 2 0.0617097 0.00474876
2.2 1.25 1 0.45 2 0.0593188 0.00533727
2.2 1.25 1 0.5 2 0.0565053 0.00596505
2.2 1.25 1 0.55 2 0.0530945 0.00663549
2.2 1.25 1 0.6 2 0.0496094 0.00735301
2.2 1.25 1 0.65 2 0.045676 0.00816888
2.2 1.25 1 0.7 2 0.0408015 0.00883676
2.2 1.25 1 0.75 2 0.0357416 0.00964111
2.2 1.25 1 0.8 2 0.0300531 0.0103963
2.2 1.25 1 0.85 2 0.0235897 0.0112573
2.2 1.25 1 0.9 2 0.0162303 0.0123013
2.2 1.25 1 0.95 2 0.0077959 0.0134078
2.2 1.25 1 1 2 -0.00217306 0.0146957
2.2 1.25 1 1.05 2 -0.0137908 0.0159455
2.2 1.25 1 1.1 2 -0.0276103 0.0175728
2.2 1.25 1 1.15 2 -0.0449602 0.0193498
2.2 1.25 1 1.2 2 -0.068369 0.0222345

2.3 1.25 1 0 2 0.0683532 -nan
2.3 1.25 1 0.05 2 0.068222 0.000554056
2.3 1.25 1 0.1 2 0.0678476 0.00109978
2.3 1.25 1 0.15 2 0.067231 0.00166715
2.3 1.25 1 0.2 2 0.066315 0.0022209
2.3 1.25 1 0.25 2 0.0651375 0.00282601
2.3 1.25 1 0.3 2 0.0637741 0.00338052
2.3 1.25 1 0.35 2 0.0620482 0.00393854
2.3 1.25 1 0.4 2 0.0599101 0.00452287
2.3 1.25 1 0.45 2 0.0576105 0.00514716
2.3 1.25 1 0.5 2 0.0549743 0.0058086
2.3 1.25 1 0.55 2 0.0519559 0.00646083
2.3 1.25 1 0.6 2 0.0483521 0.0071437
2.3 1.25 1 0.65 2 0.0445262 0.00781738
2.3 1.25 1 0.7 2 0.0401657 0.00858051
2.3 1.25 1 0.75 2 0.035245 0.00935668
2.3 1.25 1 0.8 2 0.0296147 0.0100158
2.3 1.25 1 0.85 2 0.0235814 0.0109047
2.3 1.25 1 0.9 2 0.0164236 0.0120117
2.3 1.25 1 0.95 2 0.00795918 0.0131114
2.3 1.25 1 1 2 -0.00118624 0.0141491
2.3 1.25 1 1.05 2 -0.0126151 0.0155159
2.3 1.25 1 1.1 2 -0.0254787 0.0169921
2.3 1.25 1 1.15 2 -0.0423562 0.0189548
2.3 1.25 1 1.2 2 -0.0654445 0.0214501

2.4 1.25 1 0 2 0.0663079 4.66406e-08
2.4 1.25 1 0.05 2 0.0661903 0.000539428
2.4 1.25 1 0.1 2 0.0658234 0.00107319
2.4 1.25 1 0.15 2 0.0652049 0.0016175
2.4 1.25 1 0.2 2 0.064336 0.00216565
2.4 1.25 1 0.25 2 0.0632657 0.00269861
2.4 1.25 1 0.3 2 0.0619044 0.0032755
2.4 1.25 1 0.35 2 0.0602801 0.00382343
2.4 1.25 1 0.4 2 0.0582917 0.00443221
2.4 1.25 1 0.45 2 0.0559953 0.0049574
2.4 1.25 1 0.5 2 0.0533919 0.00563483
2.4 1.25 1 0.55 2 0.050615 0.00623372
2.4 1.25 1 0.6 2 0.0471641 0.0068493
2.4 1.25 1 0.65 2 0.0435117 0.00761792
2.4 1.25 1 0.7 2 0.0392596 0.00830126
2.4 1.25 1 0.75 2 0.034642 0.00905776
2.4 1.25 1 0.8 2 0.0295159 0.00978678
2.4 1.25 1 0.85 2 0.0236144 0.0107143
2.4 1.25 1 0.9 2 0.0165269 0.0116328
2.4 1.25 1 0.95 2 0.0088511 0.0126033
2.4 1.25 1 1 2 -0.000323424 0.0139153
2.4 1.25 1 1.05 2 -0.0109556 0.0149525
2.4 1.25 1 1.1 2 -0.0239956 0.0163423
2.4 1.25 1 1.15 2 -0.0401997 0.0184084
2.4 1.25 1 1.2 2 -0.0623701 0.0209252

2.5 1.25 1 0 2 0.0643827 3.49091e-08
2.5 1.25 1 0.05 2 0.0642675 0.000524971
2.5 1.25 1 0.1 2 0.06391 0.00105213
2.5 1.25 1 0.15 2 0.0633364 0.00157693
2.5 1.25 1 0.2 2 0.0625252 0.00208399
2.5 1.25 1 0.25 2 0.0614787 0.00265242
2.5 1.25 1 0.3 2 0.0601295 0.00317366
2.5 1.25 1 0.35 2 0.0585822 0.00369252
2.5 1.25 1 0.4 2 0.0567365 0.00430161
2.5 1.25 1 0.45 2 0.054614 0.00490776
2.5 1.25 1 0.5 2 0.0521022 0.00542018
2.5 1.25 1 0.55 2 0.0493477 0.00598371
2.5 1.25 1 0.6 2 0.046176 0.00664603
2.5 1.25 1 0.65 2 0.0426163 0.00731569
2.5 1.25 1 0.7 2 0.0384583 0.00806493
2.5 1.25 1 0.75 2 0.0340821 0.00878371
2.5 1.25 1 0.8 2 0.0292159 0.0096287
2.5 1.25 1 0.85 2 0.0234341 0.0104442
2.5 1.25 1 0.9 2 0.0167248 0.0114658
2.5 1.25 1 0.95 2 0.00942295 0.0122368
2.5 1.25 1 1 2 0.000687061 0.0133908
2.5 1.25 1 1.05 2 -0.00961963 0.0145646
2.5 1.25 1 1.1 2 -0.0219717 0.0162164
2.5 1.25 1 1.15 2 -0.0377193 0.0180618
2.5 1.25 1 1.2 2 -0.0595763 0.0205294

2.6 1.25 1 0 2 0.0625671 -nan
2.6 1.25 1 0.05 2 0.062461 0.000507087
2.6 1.25 1 0.1 2 0.0621407 0.00101886
2.6 1.25 1 0.15 2 0.0615852 0.00151125
2.6 1.25 1 0.2 2 0.0607839 0.00205384
2.6 1.25 1 0.25 2 0.0598171 0.00256227
2.6 1.25 1 0.3 2 0.0585627 0.00310212
2.6 1.25 1 0.35 2 0.0569742 0.00363764
2.6 1.25 1 0.4 2 0.0551964 0.00409673
2.6 1.25 1 0.45 2 0.0531576 0.00467143
2.6 1.25 1 0.5 2 0.0508177 0.00532163
2.6 1.25 1 0.55 2 0.0482639 0.00589892
2.6 1.25 1 0.6 2 0.045078 0.00657613
2.6 1.25 1 0.65 2 0.0417742 0.00715922
2.6 1.25 1 0.7 2 0.0379687 0.00775258
2.6 1.25 1 0.75 2 0.0337621 0.00857212
2.6 1.25 1 0.8 2 0.0286744 0.00937631
2.6 1.25 1 0.85 2 0.0230408 0.0100531
2.6 1.25 1 0.9 2 0.0170003 0.010959
2.6 1.25 1 0.95 2 0.00982432 0.0120703
2.6 1.25 1 1 2 0.00147183 0.0129027
2.6 1.25 1 1.05 2 -0.00854905 0.0141976
2.6 1.25 1 1.1 2 -0.0201166 0.0158437
2.6 1.25 1 1.15 2 -0.0356869 0.0176799
2.6 1.25 1 1.2 2 -0.0564006 0.0200376

2.7 1.25 1 0 2 0.060852 -nan
2.7 1.25 1 0.05 2 0.0607337 0.000490616
2.7 1.25 1 0.1 2 0.0604423 0.000992856
2.7 1.25 1 0.15 2 0.0598962 0.00148425
2.7 1.25 1 0.2 2 0.0591524 0.00199499
2.7 1.25 1 0.25 2 0.058205 0.00249733
2.7 1.25 1 0.3 2 0.0570441 0.0030145
2.7 1.25 1 0.35 2 0.0555787 0.00355404
2.7 1.25 1 0.4 2 0.053784 0.00403383
2.7 1.25 1 0.45 2 0.0519011 0.0046781
2.7 1.25 1 0.5 2 0.0496256 0.00513096
2.7 1.25 1 0.55 2 0.0470846 0.00571671
2.7 1.25 1 0.6 2 0.0441918 0.0063479
2.7 1.25 1 0.65 2 0.0408308 0.00695685
2.7 1.25 1 0.7 2 0.0370934 0.00763509
2.7 1.25 1 0.75 2 0.0332 0.00827841
2.7 1.25 1 0.8 2 0.0284475 0.00911095
2.7 1.25 1 0.85 2 0.023001 0.00979117
2.7 1.25 1 0.9 2 0.017178 0.0107723
2.7 1.25 1 0.95 2 0.0102152 0.0116597
2.7 1.25 1 1 2 0.00239161 0.0126429
2.7 1.25 1 1.05 2 -0.00734103 0.013943
2.7 1.25 1 1.1 2 -0.0185736 0.015414
2.7 1.25 1 1.15 2 -0.0332098 0.0171368
2.7 1.25 1 1.2 2 -0.0535609 0.0197151

2.8 1.25 1 0 2 0.0592292 3.42823e-08
2.8 1.25 1 0.05 2 0.059134 0.000476932
2.8 1.25 1 0.1 2 0.0588203 0.000956943
2.8 1.25 1 0.15 2 0.0583326 0.00144795
2.8 1.25 1 0.2 2 0.0576041 0.00193081
2.8 1.25 1 0.25 2 0.0567045 0.00240174
2.8 1.25 1 0.3 2 0.0554983 0.0029384
2.8 1.25 1 0.35 2 0.0541943 0.00348563
2.8 1.25 1 0.4 2 0.0525441 0.00391984
2.8 1.25 1 0.45 2 0.0506303 0.00448375
2.8 1.25 1 0.5 2 0.0485079 0.00497785
2.8 1.25 1 0.55 2 0.0459841 0.00561322
2.8 1.25 1 0.6 2 0.0431464 0.00620256
2.8 1.25 1 0.65 2 0.0401276 0.00669202
2.8 1.25 1 0.7 2 0.0365369 0.00737235
2.8 1.25 1 0.75 2 0.0326724 0.00808319
2.8 1.25 1 0.8 2 0.0282198 0.00877116
2.8 1.25 1 0.85 2 0.0230838 0.00965383
2.8 1.25 1 0.9 2 0.0172071 0.010383
2.8 1.25 1 0.95 2 0.0106335 0.0112142
2.8 1.25 1 1 2 0.00280757 0.0122959
2.8 1.25 1 1.05 2 -0.00615149 0.013523
2.8 1.25 1 1.1 2 -0.0172855 0.0150831
2.8 1.25 1 1.15 2 -0.031431 0.0165954
2.8 1.25 1 1.2 2 -0.0507726 0.0193915

2.9 1.25 1 0 2 0.0576915 1.85097e-08
2.9 1.25 1 0.05 2 0.0575963 0.000461968
2.9 1.25 1 0.1 2 0.0573096 0.00093597
2.9 1.25 1 0.15 2 0.0568365 0.00140581
2.9 1.25 1 0.2 2 0.0561653 0.00188581
2.9 1.25 1 0.25 2 0.0552347 0.00237177
2.9 1.25 1 0.3 2 0.0541724 0.00283861
2.9 1.25 1 0.35 2 0.0528208 0.00335878
2.9 1.25 1 0.4 2 0.0513092 0.00383928
2.9 1.25 1 0.45 2 0.0493662 0.0043623
2.9 1.25 1 0.5 2 0.047465 0.00488054
2.9 1.25 1 0.55 2 0.0450171 0.00547312
2.9 1.25 1 0.6 2 0.0423249 0.0060629
2.9 1.25 1 0.65 2 0.039483 0.00651647
2.9 1.25 1 0.7 2 0.0359998 0.00729864
2.9 1.25 1 0.75 2 0.0321205 0.00783177
2.9 1.25 1 0.8 2 0.0278973 0.00869378
2.9 1.25 1 0.85 2 0.0230273 0.00925583
2.9 1.25 1 0.9 2 0.017627 0.0101266
2.9 1.25 1 0.95 2 0.0113406 0.0111319
2.9 1.25 1 1 2 0.00378847 0.0120438
2.9 1.25 1 1.05 2 -0.00522932 0.0132298
2.9 1.25 1 1.1 2 -0.0156249 0.0147755
2.9 1.25 1 1.15 2 -0.0291791 0.0163843
2.9 1.25 1 1.2 2 -0.0483899 0.0190371

3 1.25 1 0 2 0.0562322 -nan
3 1.25 1 0.05 2 0.0561453 0.000451582
3 1.25 1 0.1 2 0.0558782 0.000902268
3 1.25 1 0.15 2 0.0554052 0.00135594
3 1.25 1 0.2 2 0.0547168 0.00181202
3 1.25 1 0.25 2 0.053881 0.00230819
3 1.25 1 0.3 2 0.0528051 0.00275933
3 1.25 1 0.35 2 0.0515502 0.0032647
3 1.25 1 0.4 2 0.0500772 0.00373607
3 1.25 1 0.45 2 0.048345 0.00424551
3 1.25 1 0.5 2 0.0463678 0.00476516
3 1.25 1 0.55 2 0.0440931 0.00529233
3 1.25 1 0.6 2 0.0415875 0.00600234
3 1.25 1 0.65 2 0.0386061 0.00645313
3 1.25 1 0.7 2 0.0353911 0.00709196
3 1.25 1 0.75 2 0.0317991 0.00767404
3 1.25 1 0.8 2 0.0276266 0.00838073
3 1.25 1 0.85 2 0.0231714 0.00913442
3 1.25 1 0.9 2 0.0175416 0.00991169
3 1.25 1 0.95 2 0.0115305 0.0108032
3 1.25 1 1 2 0.0043061 0.0117585
3 1.25 1 1.05 2 -0.00401547 0.0129671
3 1.25 1 1.1 2 -0.0145457 0.0143811
3 1.25 1 1.15 2 -0.0277665 0.0157849
3 1.25 1 1.2 2 -0.0456931 0.0183563

3.1 1.25 1 0 2 0.0548455 -nan
3.1 1.25 1 0.05 2 0.0547626 0.000447581
3.1 1.25 1 0.1 2 0.0544823 0.000887044
3.1 1.25 1 0.15 2 0.0540348 0.0013475
3.1 1.25 1 0.2 2 0.0533939 0.00178523
3.1 1.25 1 0.25 2 0.0525852 0.00224213
3.1 1.25 1 0.3 2 0.05158 0.00269857
3.1 1.25 1 0.35 2 0.0503635 0.00314363
3.1 1.25 1 0.4 2 0.0489365 0.00362497
3.1 1.25 1 0.45 2 0.0473 0.00413015
3.1 1.25 1 0.5 2 0.04537 0.00464468
3.1 1.25 1 0.55 2 0.0432525 0.00523033
3.1 1.25 1 0.6 2 0.0407792 0.00569406
3.1 1.25 1 0.65 2 0.0380391 0.00626901
3.1 1.25 1 0.7 2 0.034926 0.00687806
3.1 1.25 1 0.75 2 0.0315325 0.00750573
3.1 1.25 1 0.8 2 0.0274674 0.00809508
3.1 1.25 1 0.85 2 0.0228853 0.00901144
3.1 1.25 1 0.9 2 0.0178129 0.00964659
3.1 1.25 1 0.95 2 0.0119077 0.0104862
3.1 1.25 1 1 2 0.00526091 0.011503
3.1 1.25 1 1.05 2 -0.00295707 0.012622
3.1 1.25 1 1.1 2 -0.0128762 0.0137736
3.1 1.25 1 1.15 2 -0.025446 0.0153928
3.1 1.25 1 1.2 2 -0.0435803 0.0180385

3.2 1.25 1 0 2 0.0535261 -nan
3.2 1.25 1 0.05 2 0.0534448 0.000434376
3.2 1.25 1 0.1 2 0.0531766 0.000883671
3.2 1.25 1 0.15 2 0.0527427 0.00129194
3.2 1.25 1 0.2 2 0.0521538 0.00173105
3.2 1.25 1 0.25 2 0.0513458 0.0021888
3.2 1.25 1 0.3 2 0.0503534 0.00261866
3.2 1.25 1 0.35 2 0.0492209 0.00311916
3.2 1.25 1 0.4 2 0.0478301 0.00359463
3.2 1.25 1 0.45 2 0.0461946 0.0040773
3.2 1.25 1 0.5 2 0.0445277 0.00449886
3.2 1.25 1 0.55 2 0.0423401 0.00507943
3.2 1.25 1 0.6 2 0.0400266 0.00557878
3.2 1.25 1 0.65 2 0.0372904 0.00608272
3.2 1.25 1 0.7 2 0.0343188 0.00675353
3.2 1.25 1 0.75 2 0.0309823 0.0072934
3.2 1.25 1 0.8 2 0.0271396 0.00800451
3.2 1.25 1 0.85 2 0.0227858 0.00871173
3.2 1.25 1 0.9 2 0.0178849 0.00952056
3.2 1.25 1 0.95 2 0.0121826 0.0103178
3.2 1.25 1 1 2 0.0055728 0.0112038
3.2 1.25 1 1.05 2 -0.00226145 0.0123243
3.2 1.25 1 1.1 2 -0.0117767 0.0136111
3.2 1.25 1 1.15 2 -0.0240825 0.015089
3.2 1.25 1 1.2 2 -0.0414329 0.0177238

3.3 1.25 1 0 2 0.0522691 2.84778e-08
3.3 1.25 1 0.05 2 0.052185 0.000419787
3.3 1.25 1 0.1 2 0.0519342 0.000842493
3.3 1.25 1 0.15 2 0.051526 0.00126801
3.3 1.25 1 0.2 2 0.0509466 0.00169624
3.3 1.25 1 0.25 2 0.0502037 0.00212275
3.3 1.25 1 0.3 2 0.0492666 0.00256643
3.3 1.25 1 0.35 2 0.0480985 0.00302868
3.3 1.25 1 0.4 2 0.0468815 0.00346228
3.3 1.25 1 0.45 2 0.0452943 0.00395371
3.3 1.25 1 0.5 2 0.043582 0.00446652
3.3 1.25 1 0.55 2 0.0414461 0.00497145
3.3 1.25 1 0.6 2 0.0392889 0.00544849
3.3 1.25 1 0.65 2 0.0366445 0.00599345
3.3 1.25 1 0.7 2 0.0338416 0.00646162
3.3 1.25 1 0.75 2 0.0306197 0.00709967
3.3 1.25 1 0.8 2 0.0268414 0.00790482
3.3 1.25 1 0.85 2 0.0227342 0.00847214
3.3 1.25 1 0.9 2 0.0179008 0.00926113
3.3 1.25 1 0.95 2 0.0125961 0.0101912
3.3 1.25 1 1 2 0.00620255 0.0110153
3.3 1.25 1 1.05 2 -0.00110895 0.0120179
3.3 1.25 1 1.1 2 -0.0104694 0.0132965
3.3 1.25 1 1.15 2 -0.022578 0.0150919
3.3 1.25 1 1.2 2 -0.0392931 0.0172738

3.4 1.25 1 0 2 0.0510702 2.72322e-08
3.4 1.25 1 0.05 2 0.0509874 0.000413481
3.4 1.25 1 0.1 2 0.0507544 0.000830436
3.4 1.25 1 0.15 2 0.0503548 0.00125021
3.4 1.25 1 0.2 2 0.0498342 0.00165609
3.4 1.25 1 0.25 2 0.0490706 0.00209727
3.4 1.25 1 0.3 2 0.0481802 0.00252459
3.4 1.25 1 0.35 2 0.0470902 0.00297693
3.4 1.25 1 0.4 2 0.0458197 0.00341016
3.4 1.25 1 0.45 2 0.0442944 0.00383008
3.4 1.25 1 0.5 2 0.0426229 0.00435842
3.4 1.25 1 0.55 2 0.0406765 0.00479766
3.4 1.25 1 0.6 2 0.0385221 0.005354
3.4 1.25 1 0.65 2 0.0360772 0.00586327
3.4 1.25 1 0.7 2 0.0333267 0.00641143
3.4 1.25 1 0.75 2 0.0301105 0.00706376
3.4 1.25 1 0.8 2 0.0266666 0.00755134
3.4 1.25 1 0.85 2 0.0227351 0.00829854
3.4 1.25 1 0.9 2 0.0181818 0.00893678
3.4 1.25 1 0.95 2 0.0129688 0.00983728
3.4 1.25 1 1 2 0.00680005 0.0107655
3.4 1.25 1 1.05 2 -0.000508722 0.011745
3.4 1.25 1 1.1 2 -0.00940852 0.0130026
3.4 1.25 1 1.15 2 -0.0209443 0.0147365
3.4 1.25 1 1.2 2 -0.0373882 0.0168396

3.5 1.25 1 0 2 0.0499255 2.72879e-08
3.5 1.25 1 0.05 2 0.0498543 0.000406232
3.5 1.25 1 0.1 2 0.0496138 0.000809181
3.5 1.25 1 0.15 2 0.0492184 0.00121779
3.5 1.25 1 0.2 2 0.0486976 0.00162929
3.5 1.25 1 0.25 2 0.0479966 0.00202463
3.5 1.25 1 0.3 2 0.0471177 0.00246963
3.5 1.25 1 0.35 2 0.0460772 0.00288641
3.5 1.25 1 0.4 2 0.0449179 0.00331085
3.5 1.25 1 0.45 2 0.043383 0.0037601
3.5 1.25 1 0.5 2 0.0418536 0.00425896
3.5 1.25 1 0.55 2 0.0399636 0.0047786
3.5 1.25 1 0.6 2 0.0378558 0.00512707
3.5 1.25 1 0.65 2 0.035513 0.00569719
3.5 1.25 1 0.7 2 0.0328003 0.00629181
3.5 1.25 1 0.75 2 0.02985 0.00674594
3.5 1.25 1 0.8 2 0.0264298 0.00749748
3.5 1.25 1 0.85 2 0.0226872 0.00826923
3.5 1.25 1 0.9 2 0.0182567 0.00895162
3.5 1.25 1 0.95 2 0.0130844 0.00951004
3.5 1.25 1 1 2 0.00718892 0.0105534
3.5 1.25 1 1.05 2 0.000167955 0.0113574
3.5 1.25 1 1.1 2 -0.00845141 0.0127803
3.5 1.25 1 1.15 2 -0.0194212 0.0143
3.5 1.25 1 1.2 2 -0.0352978 0.0165406

3.6 1.25 1 0 2 0.0488313 3.83599e-08
3.6 1.25 1 0.05 2 0.0487545 0.00039081
3.6 1.25 1 0.1 2 0.048528 0.000788795
3.6 1.25 1 0.15 2 0.0481984 0.00118521
3.6 1.25 1 0.2 2 0.0476485 0.00159835
3.6 1.25 1 0.25 2 0.0469944 0.00199443
3.6 1.25 1 0.3 2 0.0461395 0.0023997
3.6 1.25 1 0.35 2 0.0451104 0.00282941
3.6 1.25 1 0.4 2 0.0439566 0.00326712
3.6 1.25 1 0.45 2 0.0425829 0.00367069
3.6 1.25 1 0.5 2 0.0410364 0.00418716
3.6 1.25 1 0.55 2 0.0392524 0.00460598
3.6 1.25 1 0.6 2 0.0373069 0.00503676
3.6 1.25 1 0.65 2 0.0348793 0.00558966
3.6 1.25 1 0.7 2 0.0325004 0.00608477
3.6 1.25 1 0.75 2 0.0295796 0.00665972
3.6 1.25 1 0.8 2 0.0262305 0.00730685
3.6 1.25 1 0.85 2 0.0224906 0.00799967
3.6 1.25 1 0.9 2 0.0183617 0.00869186
3.6 1.25 1 0.95 2 0.0133548 0.00948887
3.6 1.25 1 1 2 0.00766678 0.0103175
3.6 1.25 1 1.05 2 0.000688066 0.0112036
3.6 1.25 1 1.1 2 -0.00712829 0.0125312
3.6 1.25 1 1.15 2 -0.0180017 0.0139723
3.6 1.25 1 1.2 2 -0.0335032 0.0164079

3.7 1.25 1 0 2 0.0477844 -nan
3.7 1.25 1 0.05 2 0.0477148 0.00038315
3.7 1.25 1 0.1 2 0.047503 0.000775286
3.7 1.25 1 0.15 2 0.0471464 0.00116052
3.7 1.25 1 0.2 2 0.0466504 0.00155414
3.7 1.25 1 0.25 2 0.0459661 0.00197598
3.7 1.25 1 0.3 2 0.0451852 0.00235038
3.7 1.25 1 0.35 2 0.0442625 0.00277228
3.7 1.25 1 0.4 2 0.043139 0.00318641
3.7 1.25 1 0.45 2 0.0417651 0.00361423
3.7 1.25 1 0.5 2 0.0402832 0.00403114
3.7 1.25 1 0.55 2 0.0386486 0.00452092
3.7 1.25 1 0.6 2 0.0366294 0.00494705
3.7 1.25 1 0.65 2 0.034433 0.00551456
3.7 1.25 1 0.7 2 0.0319788 0.0059839
3.7 1.25 1 0.75 2 0.0291712 0.00657545
3.7 1.25 1 0.8 2 0.025952 0.00704988
3.7 1.25 1 0.85 2 0.0222432 0.00778832
3.7 1.25 1 0.9 2 0.0185502 0.00845171
3.7 1.25 1 0.95 2 0.0137084 0.00926889
3.7 1.25 1 1 2 0.0081423 0.0100828
3.7 1.25 1 1.05 2 0.0014382 0.0110623
3.7 1.25 1 1.1 2 -0.0066472 0.0121763
3.7 1.25 1 1.15 2 -0.0168507 0.0136938
3.7 1.25 1 1.2 2 -0.0316755 0.0159434

3.8 1.25 1 0 2 0.0467817 2.16119e-08
3.8 1.25 1 0.05 2 0.0467198 0.000376247
3.8 1.25 1 0.1 2 0.0465067 0.000759711
3.8 1.25 1 0.15 2 0.0461666 0.00113764
3.8 1.25 1 0.2 2 0.0457106 0.00152053
3.8 1.25 1 0.25 2 0.0450645 0.00189716
3.8 1.25 1 0.3 2 0.0442443 0.00231446
3.8 1.25 1 0.35 2 0.0433955 0.0026877
3.8 1.25 1 0.4 2 0.0422169 0.00311839
3.8 1.25 1 0.45 2 0.0410271 0.00354596
3.8 1.25 1 0.5 2 0.0395743 0.00394172
3.8 1.25 1 0.55 2 0.0379537 0.00439894
3.8 1.25 1 0.6 2 0.0360768 0.00486007
3.8 1.25 1 0.65 2 0.0339856 0.00536444
3.8 1.25 1 0.7 2 0.0314208 0.00587461
3.8 1.25 1 0.75 2 0.0287929 0.00648963
3.8 1.25 1 0.8 2 0.0256797 0.00702382
3.8 1.25 1 0.85 2 0.0222956 0.00761516
3.8 1.25 1 0.9 2 0.0183561 0.00822189
3.8 1.25 1 0.95 2 0.0137439 0.00899043
3.8 1.25 1 1 2 0.00848553 0.00985915
3.8 1.25 1 1.05 2 0.00214497 0.0108433
3.8 1.25 1 1.1 2 -0.00553813 0.0120016
3.8 1.25 1 1.15 2 -0.0154779 0.0134843
3.8 1.25 1 1.2 2 -0.0295957 0.0156469

3.9 1.25 1 0 2 0.0458205 2.02335e-08
3.9 1.25 1 0.05 2 0.0457611 0.000373078
3.9 1.25 1 0.1 2 0.0455593 0.000744194
3.9 1.25 1 0.15 2 0.0452309 0.00111162
3.9 1.25 1 0.2 2 0.0447449 0.00146786
3.9 1.25 1 0.25 2 0.0441159 0.00189408
3.9 1.25 1 0.3 2 0.0434419 0.00225157
3.9 1.25 1 0.35 2 0.0424928 0.00263702
3.9 1.25 1 0.4 2 0.0414652 0.00307527
3.9 1.25 1 0.45 2 0.0402232 0.00349105
3.9 1.25 1 0.5 2 0.0388892 0.00390463
3.9 1.25 1 0.55 2 0.0372319 0.00435665
3.9 1.25 1 0.6 2 0.0355474 0.00471251
3.9 1.25 1 0.65 2 0.033407 0.00527469
3.9 1.25 1 0.7 2 0.0310407 0.00577578
3.9 1.25 1 0.75 2 0.0284601 0.00630305
3.9 1.25 1 0.8 2 0.0255763 0.00690455
3.9 1.25 1 0.85 2 0.0223307 0.00755027
3.9 1.25 1 0.9 2 0.0184847 0.00813981
3.9 1.25 1 0.95 2 0.0139625 0.00894836
3.9 1.25 1 1 2 0.00889187 0.00960272
3.9 1.25 1 1.05 2 0.00272562 0.0107001
3.9 1.25 1 1.1 2 -0.00487833 0.0117397
3.9 1.25 1 1.15 2 -0.0143863 0.01323
3.9 1.25 1 1.2 2 -0.0283158 0.0153079

4 1.25 1 0 2 0.0448983 -nan
4 1.25 1 0.05 2 0.0448364 0.00036608
4 1.25 1 0.1 2 0.0446488 0.000728208
4 1.25 1 0.15 2 0.0443406 0.00108971
4 1.25 1 0.2 2 0.0438732 0.00147468
4 1.25 1 0.25 2 0.0432915 0.00186981
4 1.25 1 0.3 2 0.0425879 0.00224588
4 1.25 1 0.35 2 0.0417412 0.00259895
4 1.25 1 0.4 2 0.0407239 0.00301355
4 1.25 1 0.45 2 0.0395332 0.00346504
4 1.25 1 0.5 2 0.0381567 0.00378928
4 1.25 1 0.55 2 0.0365855 0.00424151
4 1.25 1 0.6 2 0.0349336 0.00467455
4 1.25 1 0.65 2 0.0329536 0.00518214
4 1.25 1 0.7 2 0.0305862 0.0056597
4 1.25 1 0.75 2 0.0282208 0.00621049
4 1.25 1 0.8 2 0.025356 0.00669779
4 1.25 1 0.85 2 0.0221101 0.00732347
4 1.25 1 0.9 2 0.0184545 0.00795394
4 1.25 1 0.95 2 0.0140309 0.00865135
4 1.25 1 1 2 0.00920099 0.00948872
4 1.25 1 1.05 2 0.00329893 0.0103414
4 1.25 1 1.1 2 -0.00393735 0.0115691
4 1.25 1 1.15 2 -0.0131651 0.0129768
4 1.25 1 1.2 2 -0.0264388 0.0148189

4.1 1.25 1 0 2 0.0440127 -nan
4.1 1.25 1 0.05 2 0.0439604 0.000351724
4.1 1.25 1 0.1 2 0.043764 0.000703168
4.1 1.25 1 0.15 2 0.0434845 0.0010688
4.1 1.25 1 0.2 2 0.0430408 0.00142872
4.1 1.25 1 0.25 2 0.0424894 0.00178479
4.1 1.25 1 0.3 2 0.0418045 0.00214721
4.1 1.25 1 0.35 2 0.0409613 0.00258885
4.1 1.25 1 0.4 2 0.0399473 0.00297364
4.1 1.25 1 0.45 2 0.0387805 0.00329561
4.1 1.25 1 0.5 2 0.0374808 0.0037063
4.1 1.25 1 0.55 2 0.0359968 0.00417053
4.1 1.25 1 0.6 2 0.0343879 0.00462757
4.1 1.25 1 0.65 2 0.032468 0.00508069
4.1 1.25 1 0.7 2 0.03023 0.00552709
4.1 1.25 1 0.75 2 0.0278033 0.00610621
4.1 1.25 1 0.8 2 0.0250782 0.00655912
4.1 1.25 1 0.85 2 0.0219254 0.00710238
4.1 1.25 1 0.9 2 0.0185142 0.00779154
4.1 1.25 1 0.95 2 0.0141299 0.00856958
4.1 1.25 1 1 2 0.00951895 0.00928816
4.1 1.25 1 1.05 2 0.00388833 0.0102986
4.1 1.25 1 1.1 2 -0.00321073 0.0114531
4.1 1.25 1 1.15 2 -0.0123812 0.0126187
4.1 1.25 1 1.2 2 -0.0253301 0.0146868

4.2 1.25 1 0 2 0.0431616 -nan
4.2 1.25 1 0.05 2 0.0431049 0.000350177
4.2 1.25 1 0.1 2 0.042934 0.000697787
4.2 1.25 1 0.15 2 0.0426513 0.00103754
4.2 1.25 1 0.2 2 0.0422208 0.00140687
4.2 1.25 1 0.25 2 0.0416943 0.00176979
4.2 1.25 1 0.3 2 0.041012 0.00214248
4.2 1.25 1 0.35 2 0.0401581 0.00250156
4.2 1.25 1 0.4 2 0.0392868 0.0028894
4.2 1.25 1 0.45 2 0.0381221 0.00325675
4.2 1.25 1 0.5 2 0.0368978 0.00370726
4.2 1.25 1 0.55 2 0.0354902 0.00409445
4.2 1.25 1 0.6 2 0.0338533 0.00452827
4.2 1.25 1 0.65 2 0.0319371 0.00494629
4.2 1.25 1 0.7 2 0.0298653 0.00545255
4.2 1.25 1 0.75 2 0.0275356 0.0059772
4.2 1.25 1 0.8 2 0.0249109 0.00644861
4.2 1.25 1 0.85 2 0.0217933 0.00702025
4.2 1.25 1 0.9 2 0.0183782 0.00763067
4.2 1.25 1 0.95 2 0.0145594 0.0083526
4.2 1.25 1 1 2 0.0096744 0.00921031
4.2 1.25 1 1.05 2 0.00412898 0.00998057
4.2 1.25 1 1.1 2 -0.00255012 0.0111351
4.2 1.25 1 1.15 2 -0.0111247 0.0124203
4.2 1.25 1 1.2 2 -0.023948 0.0144593

4.3 1.25 1 0 2 0.042343 -nan
4.3 1.25 1 0.05 2 0.0422884 0.000343722
4.3 1.25 1 0.1 2 0.0421199 0.000675558
4.3 1.25 1 0.15 2 0.0418436 0.00102064
4.3 1.25 1 0.2 2 0.0414407 0.00137644
4.3 1.25 1 0.25 2 0.0409081 0.00172269
4.3 1.25 1 0.3 2 0.0402813 0.00210753
4.3 1.25 1 0.35 2 0.039454 0.00245817
4.3 1.25 1 0.4 2 0.0386184 0.00281494
4.3 1.25 1 0.45 2 0.0374421 0.00321806
4.3 1.25 1 0.5 2 0.0362337 0.00360678
4.3 1.25 1 0.55 2 0.0348376 0.00398914
4.3 1.25 1 0.6 2 0.0332451 0.00449351
4.3 1.25 1 0.65 2 0.0314594 0.00489852
4.3 1.25 1 0.7 2 0.0294999 0.00534547
4.3 1.25 1 0.75 2 0.0271918 0.0057553
4.3 1.25 1 0.8 2 0.0246549 0.00648005
4.3 1.25 1 0.85 2 0.0218523 0.00689314
4.3 1.25 1 0.9 2 0.018385 0.00763052
4.3 1.25 1 0.95 2 0.0144198 0.00821003
4.3 1.25 1 1 2 0.00996071 0.0088864
4.3 1.25 1 1.05 2 0.0047492 0.00982092
4.3 1.25 1 1.1 2 -0.00203738 0.0108461
4.3 1.25 1 1.15 2 -0.0105352 0.0121939
4.3 1.25 1 1.2 2 -0.0225049 0.0142701

4.4 1.25 1 0 2 0.041555 -nan
4.4 1.25 1 0.05 2 0.0414975 0.000333844
4.4 1.25 1 0.1 2 0.0413542 0.000674332
4.4 1.25 1 0.15 2 0.0410643 0.00102916
4.4 1.25 1 0.2 2 0.0406606 0.00134618
4.4 1.25 1 0.25 2 0.0401565 0.00169504
4.4 1.25 1 0.3 2 0.0395425 0.00205214
4.4 1.25 1 0.35 2 0.0387957 0.00238224
4.4 1.25 1 0.4 2 0.037934 0.00277653
4.4 1.25 1 0.45 2 0.0368963 0.003085
4.4 1.25 1 0.5 2 0.0356429 0.00352711
4.4 1.25 1 0.55 2 0.0343252 0.0039338
4.4 1.25 1 0.6 2 0.0327499 0.00438568
4.4 1.25 1 0.65 2 0.0310799 0.00478179
4.4 1.25 1 0.7 2 0.029161 0.00513441
4.4 1.25 1 0.75 2 0.0269527 0.00569966
4.4 1.25 1 0.8 2 0.0245494 0.00620878
4.4 1.25 1 0.85 2 0.0216326 0.00671367
4.4 1.25 1 0.9 2 0.0184377 0.00737484
4.4 1.25 1 0.95 2 0.0146627 0.0080412
4.4 1.25 1 1 2 0.010198 0.00879796
4.4 1.25 1 1.05 2 0.00513625 0.00977414
4.4 1.25 1 1.1 2 -0.00124913 0.0106185
4.4 1.25 1 1.15 2 -0.00948469 0.0120955
4.4 1.25 1 1.2 2 -0.0212109 0.0138541

4.5 1.25 1 0 2 0.040796 -nan
4.5 1.25 1 0.05 2 0.0407483 0.000333397
4.5 1.25 1 0.1 2 0.0405805 0.000658942
4.5 1.25 1 0.15 2 0.0403097 0.000990867
4.5 1.25 1 0.2 2 0.0399458 0.00132709
4.5 1.25 1 0.25 2 0.0394446 0.00169833
4.5 1.25 1 0.3 2 0.0388354 0.00200455
4.5 1.25 1 0.35 2 0.0381353 0.00237492
4.5 1.25 1 0.4 2 0.0372595 0.00272049
4.5 1.25 1 0.45 2 0.0362761 0.00314965
4.5 1.25 1 0.5 2 0.0351229 0.00351464
4.5 1.25 1 0.55 2 0.0338362 0.00384586
4.5 1.25 1 0.6 2 0.0323698 0.00433661
4.5 1.25 1 0.65 2 0.0307721 0.00477498
4.5 1.25 1 0.7 2 0.0288381 0.00515547
4.5 1.25 1 0.75 2 0.0266452 0.00561302
4.5 1.25 1 0.8 2 0.0241766 0.00616155
4.5 1.25 1 0.85 2 0.0214837 0.00666367
4.5 1.25 1 0.9 2 0.0183281 0.00718295
4.5 1.25 1 0.95 2 0.0147056 0.00798659
4.5 1.25 1 1 2 0.0106189 0.00851958
4.5 1.25 1 1.05 2 0.00544584 0.00941619
4.5 1.25 1 1.1 2 -0.000771785 0.0104568
4.5 1.25 1 1.15 2 -0.00862389 0.0117932
4.5 1.25 1 1.2 2 -0.0202809 0.0136846

4.6 1.25 1 0 2 0.0401363 -nan
4.6 1.25 1 0.05 2 0.0400842 0.000326481
4.6 1.25 1 0.1 2 0.0399296 0.000654438
4.6 1.25 1 0.15 2 0.0396599 0.000978502
4.6 1.25 1 0.2 2 0.0392886 0.00130264
4.6 1.25 1 0.25 2 0.0388389 0.00166073
4.6 1.25 1 0.3 2 0.0382451 0.00201027
4.6 1.25 1 0.35 2 0.0375667 0.00234449
4.6 1.25 1 0.4 2 0.0366811 0.00269373
4.6 1.25 1 0.45 2 0.035741 0.00306353
4.6 1.25 1 0.5 2 0.0346651 0.00337172
4.6 1.25 1 0.55 2 0.0333958 0.00382528
4.6 1.25 1 0.6 2 0.0319614 0.00419977
4.6 1.25 1 0.65 2 0.030299 0.00461435
4.6 1.25 1 0.7 2 0.0285108 0.00510578
4.6 1.25 1 0.75 2 0.0263443 0.00546323
4.6 1.25 1 0.8 2 0.0241065 0.00599623
4.6 1.25 1 0.85 2 0.0212497 0.00661406
4.6 1.25 1 0.9 2 0.0183856 0.00716199
4.6 1.25 1 0.95 2 0.0146771 0.00780074
4.6 1.25 1 1 2 0.0107513 0.00849569
4.6 1.25 1 1.05 2 0.00584932 0.00937359
4.6 1.25 1 1.1 2 -0.000272332 0.010384
4.6 1.25 1 1.15 2 -0.00792504 0.0116594
4.6 1.25 1 1.2 2 -0.019136 0.0134934

4.7 1.25 1 0 2 0.0394281 -nan
4.7 1.25 1 0.05 2 0.0393751 0.000318903
4.7 1.25 1 0.1 2 0.0392391 0.000638777
4.7 1.25 1 0.15 2 0.0389741 0.000962266
4.7 1.25 1 0.2 2 0.0386364 0.00129496
4.7 1.25 1 0.25 2 0.0381624 0.00162095
4.7 1.25 1 0.3 2 0.0375914 0.00194433
4.7 1.25 1 0.35 2 0.0369096 0.00227995
4.7 1.25 1 0.4 2 0.0360915 0.00263062
4.7 1.25 1 0.45 2 0.035191 0.00299616
4.7 1.25 1 0.5 2 0.0340768 0.00337388
4.7 1.25 1 0.55 2 0.0328732 0.00376197
4.7 1.25 1 0.6 2 0.0314919 0.00416844
4.7 1.25 1 0.65 2 0.0298793 0.00457186
4.7 1.25 1 0.7 2 0.0280437 0.00498564
4.7 1.25 1 0.75 2 0.0260957 0.00544501
4.7 1.25 1 0.8 2 0.0238304 0.00599048
4.7 1.25 1 0.85 2 0.021187 0.00647491
4.7 1.25 1 0.9 2 0.0183175 0.00691917
4.7 1.25 1 0.95 2 0.0150063 0.00767395
4.7 1.25 1 1 2 0.0108182 0.00843836
4.7 1.25 1 1.05 2 0.00599392 0.00925386
4.7 1.25 1 1.1 2 0.000398394 0.0101073
4.7 1.25 1 1.15 2 -0.00711869 0.0114216
4.7 1.25 1 1.2 2 -0.0182989 0.0133238

4.8 1.25 1 0 2 0.0387446 -nan
4.8 1.25 1 0.05 2 0.0386975 0.00031568
4.8 1.25 1 0.1 2 0.0385449 0.000623515
4.8 1.25 1 0.15 2 0.0383067 0.000953722
4.8 1.25 1 0.2 2 0.0379719 0.00126232
4.8 1.25 1 0.25 2 0.0375167 0.0015916
4.8 1.25 1 0.3 2 0.0370111 0.00192401
4.8 1.25 1 0.35 2 0.0363143 0.00225606
4.8 1.25 1 0.4 2 0.0355472 0.00259878
4.8 1.25 1 0.45 2 0.0346358 0.00294218
4.8 1.25 1 0.5 2 0.033647 0.00327483
4.8 1.25 1 0.55 2 0.0324049 0.00369846
4.8 1.25 1 0.6 2 0.0310514 0.00408814
4.8 1.25 1 0.65 2 0.0295614 0.00449107
4.8 1.25 1 0.7 2 0.027741 0.00490549
4.8 1.25 1 0.75 2 0.0258546 0.00534606
4.8 1.25 1 0.8 2 0.0236338 0.00587205
4.8 1.25 1 0.85 2 0.021044 0.00642
4.8 1.25 1 0.9 2 0.0182336 0.00700328
4.8 1.25 1 0.95 2 0.0148635 0.0076992
4.8 1.25 1 1 2 0.0109964 0.00811266
4.8 1.25 1 1.05 2 0.00650807 0.00909359
4.8 1.25 1 1.1 2 0.000546692 0.0100369
4.8 1.25 1 1.15 2 -0.00691344 0.0113552
4.8 1.25 1 1.2 2 -0.0172357 0.0130753

4.9 1.25 1 0 2 0.0380846 -nan
4.9 1.25 1 0.05 2 0.0380482 0.000310206
4.9 1.25 1 0.1 2 0.0379019 0.000621469
4.9 1.25 1 0.15 2 0.0376645 0.000936677
4.9 1.25 1 0.2 2 0.0373174 0.00124422
4.9 1.25 1 0.25 2 0.0369108 0.00156735
4.9 1.25 1 0.3 2 0.0363645 0.00187305
4.9 1.25 1 0.35 2 0.0357229 0.0022157
4.9 1.25 1 0.4 2 0.0349666 0.00253008
4.9 1.25 1 0.45 2 0.0340686 0.00290299
4.9 1.25 1 0.5 2 0.0330673 0.00328042
4.9 1.25 1 0.55 2 0.0319636 0.00358485
4.9 1.25 1 0.6 2 0.0306439 0.00405082
4.9 1.25 1 0.65 2 0.0291758 0.00441979
4.9 1.25 1 0.7 2 0.0275081 0.00481279
4.9 1.25 1 0.75 2 0.0255634 0.00525575
4.9 1.25 1 0.8 2 0.0233497 0.00567995
4.9 1.25 1 0.85 2 0.0209333 0.00616878
4.9 1.25 1 0.9 2 0.0181323 0.00683244
4.9 1.25 1 0.95 2 0.0148796 0.00739041
4.9 1.25 1 1 2 0.0110738 0.00807254
4.9 1.25 1 1.05 2 0.00660437 0.00878511
4.9 1.25 1 1.1 2 0.00111006 0.00978825
4.9 1.25 1 1.15 2 -0.00599031 0.0109929
4.9 1.25 1 1.2 2 -0.0163139 0.0130542

5 1.25 1 0 2 0.0374467 2.42948e-08
5 1.25 1 0.05 2 0.0374007 0.000298941
5 1.25 1 0.1 2 0.0372658 0.000608631
5 1.25 1 0.15 2 0.0370445 0.000916709
5 1.25 1 0.2 2 0.0367049 0.00121892
5 1.25 1 0.25 2 0.0363194 0.00151664
5 1.25 1 0.3 2 0.0357802 0.0018588
5 1.25 1 0.35 2 0.0351376 0.00216803
5 1.25 1 0.4 2 0.0344006 0.00250605
5 1.25 1 0.45 2 0.0335735 0.00283262
5 1.25 1 0.5 2 0.0325684 0.0031903
5 1.25 1 0.55 2 0.0314764 0.00356789
5 1.25 1 0.6 2 0.0301827 0.00393867
5 1.25 1 0.65 2 0.0287601 0.00435754
5 1.25 1 0.7 2 0.0271164 0.00481322
5 1.25 1 0.75 2 0.0252796 0.00520318
5 1.25 1 0.8 2 0.0231445 0.00572984
5 1.25 1 0.85 2 0.0208123 0.00614164
5 1.25 1 0.9 2 0.0180859 0.00662152
5 1.25 1 0.95 2 0.0149325 0.00728809
5 1.25 1 1 2 0.0113388 0.00801517
5 1.25 1 1.05 2 0.00699359 0.00879179
5 1.25 1 1.1 2 0.00140275 0.00982723
5 1.25 1 1.15 2 -0.00533952 0.0109363
5 1.25 1 1.2 2 -0.0152529 0.0125477

5.1 1.25 1 0 2 0.0367573 -nan
5.1 1.25 1 0.05 2 0.0367119 9.17225e-05
5.1 1.25 1 0.1 2 0.0365957 0.000186776
5.1 1.25 1 0.15 2 0.0363851 0.000284354
5.1 1.25 1 0.2 2 0.0360697 0.000374042
5.1 1.25 1 0.25 2 0.0356432 0.00047894
5.1 1.25 1 0.3 2 0.0351497 0.000563511
5.1 1.25 1 0.35 2 0.0345536 0.000675796
5.1 1.25 1 0.4 2 0.0338883 0.00075541
5.1 1.25 1 0.45 2 0.0330433 0.000910121
5.1 1.25 1 0.5 2 0.0320826 0.000976402
5.1 1.25 1 0.55 2 0.0310375 0.00110096
5.1 1.25 1 0.6 2 0.0298815 0.00122334
5.1 1.25 1 0.65 2 0.0284981 0.00134048
5.1 1.25 1 0.7 2 0.0269837 0.0014555
5.1 1.25 1 0.75 2 0.0251196 0.00160126
5.1 1.25 1 0.8 2 0.0230842 0.00174334
5.1 1.25 1 0.85 2 0.0209658 0.00185976
5.1 1.25 1 0.9 2 0.0183325 0.00205115
5.1 1.25 1 0.95 2 0.015251 0.00220635
5.1 1.25 1 1 2 0.0118247 0.00245082
5.1 1.25 1 1.05 2 0.00753675 0.0026129
5.1 1.25 1 1.1 2 0.0024263 0.00307185
5.1 1.25 1 1.15 2 -0.00413409 0.00329109
5.1 1.25 1 1.2 2 -0.0138125 0.00398275

5.2 1.25 1 0 2 0.0361602 -nan
5.2 1.25 1 0.05 2 0.0361203 9.18175e-05
5.2 1.25 1 0.1 2 0.035992 0.000181781
5.2 1.25 1 0.15 2 0.0357699 0.000270249
5.2 1.25 1 0.2 2 0.0354938 0.000377753
5.2 1.25 1 0.25 2 0.035098 0.000475037
5.2 1.25 1 0.3 2 0.034591 0.000581945
5.2 1.25 1 0.35 2 0.0340416 0.000662865
5.2 1.25 1 0.4 2 0.0333656 0.000735435
5.2 1.25 1 0.45 2 0.0325436 0.000861224
5.2 1.25 1 0.5 2 0.0316722 0.00100024
5.2 1.25 1 0.55 2 0.0306405 0.00110466
5.2 1.25 1 0.6 2 0.0294431 0.00120508
5.2 1.25 1 0.65 2 0.0281465 0.0013093
5.2 1.25 1 0.7 2 0.0265302 0.00145425
5.2 1.25 1 0.75 2 0.0248854 0.00161005
5.2 1.25 1 0.8 2 0.0229631 0.00178428
5.2 1.25 1 0.85 2 0.0207133 0.00192206
5.2 1.25 1 0.9 2 0.0181666 0.00207067
5.2 1.25 1 0.95 2 0.0152588 0.00217149
5.2 1.25 1 1 2 0.0117664 0.00242478
5.2 1.25 1 1.05 2 0.00768236 0.00271263
5.2 1.25 1 1.1 2 0.00268656 0.00302979
5.2 1.25 1 1.15 2 -0.00367518 0.00343412
5.2 1.25 1 1.2 2 -0.0131637 0.00384465

5.3 1.25 1 0 2 0.0355823 -nan
5.3 1.25 1 0.05 2 0.0355424 9.02792e-05
5.3 1.25 1 0.1 2 0.035419 0.000178618
5.3 1.25 1 0.15 2 0.0352177 0.000270369
5.3 1.25 1 0.2 2 0.0349192 0.0003717
5.3 1.25 1 0.25 2 0.0345517 0.000447551
5.3 1.25 1 0.3 2 0.0341124 0.000556819
5.3 1.25 1 0.35 2 0.0335494 0.000666692
5.3 1.25 1 0.4 2 0.0328611 0.000733651
5.3 1.25 1 0.45 2 0.0321062 0.000846345
5.3 1.25 1 0.5 2 0.0312168 0.000966984
5.3 1.25 1 0.55 2 0.030202 0.00108984
5.3 1.25 1 0.6 2 0.0290243 0.00116953
5.3 1.25 1 0.65 2 0.0277749 0.00131281
5.3 1.25 1 0.7 2 0.0262411 0.00139743
5.3 1.25 1 0.75 2 0.0246996 0.0015571
5.3 1.25 1 0.8 2 0.0227418 0.00160218
5.3 1.25 1 0.85 2 0.0204945 0.00181294
5.3 1.25 1 0.9 2 0.0181215 0.0020595
5.3 1.25 1 0.95 2 0.0152517 0.00212316
5.3 1.25 1 1 2 0.0119838 0.00237744
5.3 1.25 1 1.05 2 0.00778486 0.00265319
5.3 1.25 1 1.1 2 0.00313216 0.00292756
5.3 1.25 1 1.15 2 -0.00329723 0.00323547
5.3 1.25 1 1.2 2 -0.0121152 0.00382664

5.4 1.25 1 0 2 0.0350227 -nan
5.4 1.25 1 0.05 2 0.0349786 8.7623e-05
5.4 1.25 1 0.1 2 0.0348615 0.000178252
5.4 1.25 1 0.15 2 0.0346727 0.00026815
5.4 1.25 1 0.2 2 0.0344042 0.000381781
5.4 1.25 1 0.25 2 0.0340324 0.00044611
5.4 1.25 1 0.3 2 0.033576 0.000538956
5.4 1.25 1 0.35 2 0.0330467 0.000655702
5.4 1.25 1 0.4 2 0.0323933 0.000740482
5.4 1.25 1 0.45 2 0.0316585 0.00085145
5.4 1.25 1 0.5 2 0.0307665 0.000946849
5.4 1.25 1 0.55 2 0.0298478 0.00103201
5.4 1.25 1 0.6 2 0.0286519 0.00119787
5.4 1.25 1 0.65 2 0.0273481 0.00126385
5.4 1.25 1 0.7 2 0.0259761 0.00145179
5.4 1.25 1 0.75 2 0.0244263 0.00153964
5.4 1.25 1 0.8 2 0.0225363 0.00173159
5.4 1.25 1 0.85 2 0.0204741 0.00175286
5.4 1.25 1 0.9 2 0.0181057 0.00195127
5.4 1.25 1 0.95 2 0.0152438 0.00211167
5.4 1.25 1 1 2 0.0120945 0.00236634
5.4 1.25 1 1.05 2 0.00816073 0.00264627
5.4 1.25 1 1.1 2 0.00338286 0.00287547
5.4 1.25 1 1.15 2 -0.00271426 0.00318871
5.4 1.25 1 1.2 2 -0.0114445 0.00373691

5.5 1.25 1 0 2 0.0344804 -nan
5.5 1.25 1 0.05 2 0.0344475 9.08255e-05
5.5 1.25 1 0.1 2 0.0343199 0.000173909
5.5 1.25 1 0.15 2 0.0341325 0.000264201
5.5 1.25 1 0.2 2 0.0338705 0.000361855
5.5 1.25 1 0.25 2 0.0335313 0.00045112
5.5 1.25 1 0.3 2 0.0330917 0.000517499
5.5 1.25 1 0.35 2 0.0325393 0.000643146
5.5 1.25 1 0.4 2 0.0319297 0.000740298
5.5 1.25 1 0.45 2 0.0312275 0.000836044
5.5 1.25 1 0.5 2 0.0303465 0.000950993
5.5 1.25 1 0.55 2 0.0293656 0.00100986
5.5 1.25 1 0.6 2 0.0283637 0.00114003
5.5 1.25 1 0.65 2 0.0270829 0.00125873
5.5 1.25 1 0.7 2 0.0257214 0.00138107
5.5 1.25 1 0.75 2 0.0241709 0.00150312
5.5 1.25 1 0.8 2 0.0223804 0.00169941
5.5 1.25 1 0.85 2 0.0203232 0.00179199
5.5 1.25 1 0.9 2 0.0179396 0.00191372
5.5 1.25 1 0.95 2 0.0152583 0.00205635
5.5 1.25 1 1 2 0.0121042 0.00232608
5.5 1.25 1 1.05 2 0.00840649 0.0025759
5.5 1.25 1 1.1 2 0.00382215 0.00283107
5.5 1.25 1 1.15 2 -0.00209363 0.00304567
5.5 1.25 1 1.2 2 -0.0107161 0.00367554

5.6 1.25 1 0 2 0.0339547 -nan
5.6 1.25 1 0.05 2 0.0339166 8.20061e-05
5.6 1.25 1 0.1 2 0.033805 0.000175834
5.6 1.25 1 0.15 2 0.0336076 0.000258637
5.6 1.25 1 0.2 2 0.0333624 0.000351698
5.6 1.25 1 0.25 2 0.0330231 0.000440476
5.6 1.25 1 0.3 2 0.0326196 0.00052056
5.6 1.25 1 0.35 2 0.0320914 0.000633256
5.6 1.25 1 0.4 2 0.0315005 0.00071524
5.6 1.25 1 0.45 2 0.0308139 0.000811618
5.6 1.25 1 0.5 2 0.030004 0.000908951
5.6 1.25 1 0.55 2 0.02898 0.00101892
5.6 1.25 1 0.6 2 0.0279673 0.00113389
5.6 1.25 1 0.65 2 0.0267947 0.00121444
5.6 1.25 1 0.7 2 0.0253811 0.00139321
5.6 1.25 1 0.75 2 0.0238802 0.0014787
5.6 1.25 1 0.8 2 0.022145 0.00162194
5.6 1.25 1 0.85 2 0.02011 0.00174503
5.6 1.25 1 0.9 2 0.017884 0.00193024
5.6 1.25 1 0.95 2 0.0151952 0.00208371
5.6 1.25 1 1 2 0.0122157 0.00225067
5.6 1.25 1 1.05 2 0.00867336 0.00256545
5.6 1.25 1 1.1 2 0.00420359 0.00269837
5.6 1.25 1 1.15 2 -0.00168398 0.00318803
5.6 1.25 1 1.2 2 -0.0099347 0.00357358

5.7 1.25 1 0 2 0.0334448 5.54899e-09
5.7 1.25 1 0.05 2 0.0334062 8.52041e-05
5.7 1.25 1 0.1 2 0.0333009 0.000171696
5.7 1.25 1 0.15 2 0.0331387 0.000257812
5.7 1.25 1 0.2 2 0.0328733 0.000344104
5.7 1.25 1 0.25 2 0.0325238 0.000415955
5.7 1.25 1 0.3 2 0.0321219 0.000525204
5.7 1.25 1 0.35 2 0.0315996 0.000602935
5.7 1.25 1 0.4 2 0.0310416 0.000744098
5.7 1.25 1 0.45 2 0.0303985 0.000761963
5.7 1.25 1 0.5 2 0.0295352 0.00091266
5.7 1.25 1 0.55 2 0.0287294 0.000987132
5.7 1.25 1 0.6 2 0.0276246 0.00107509
5.7 1.25 1 0.65 2 0.026505 0.0012338
5.7 1.25 1 0.7 2 0.0251393 0.00135505
5.7 1.25 1 0.75 2 0.0235916 0.00146789
5.7 1.25 1 0.8 2 0.0219167 0.00158934
5.7 1.25 1 0.85 2 0.0200863 0.001723
5.7 1.25 1 0.9 2 0.0177197 0.00192136
5.7 1.25 1 0.95 2 0.0152118 0.00216728
5.7 1.25 1 1 2 0.0121885 0.00218669
5.7 1.25 1 1.05 2 0.00867012 0.00247789
5.7 1.25 1 1.1 2 0.00428684 0.00274371
5.7 1.25 1 1.15 2 -0.0013535 0.00307299
5.7 1.25 1 1.2 2 -0.00946506 0.00352769

5.8 1.25 1 0 2 0.0329501 -nan
5.8 1.25 1 0.05 2 0.0329145 8.21644e-05
5.8 1.25 1 0.1 2 0.0328112 0.000162998
5.8 1.25 1 0.15 2 0.0326352 0.000251444
5.8 1.25 1 0.2 2 0.0323829 0.000359609
5.8 1.25 1 0.25 2 0.0320687 0.000433249
5.8 1.25 1 0.3 2 0.031646 0.000525371
5.8 1.25 1 0.35 2 0.0312033 0.000583473
5.8 1.25 1 0.4 2 0.0306027 0.000692415
5.8 1.25 1 0.45 2 0.0299751 0.000787395
5.8 1.25 1 0.5 2 0.0291435 0.000893054
5.8 1.25 1 0.55 2 0.0282522 0.00101107
5.8 1.25 1 0.6 2 0.0273104 0.00112822
5.8 1.25 1 0.65 2 0.0262051 0.00118425
5.8 1.25 1 0.7 2 0.0249024 0.00131433
5.8 1.25 1 0.75 2 0.0234848 0.00148799
5.8 1.25 1 0.8 2 0.0217673 0.00153195
5.8 1.25 1 0.85 2 0.0198304 0.00164383
5.8 1.25 1 0.9 2 0.0178081 0.00186881
5.8 1.25 1 0.95 2 0.0152509 0.00201708
5.8 1.25 1 1 2 0.0123914 0.00229479
5.8 1.25 1 1.05 2 0.00887324 0.00241331
5.8 1.25 1 1.1 2 0.00450782 0.00275183
5.8 1.25 1 1.15 2 -0.000958187 0.00302114
5.8 1.25 1 1.2 2 -0.00894785 0.00348284

5.9 1.25 1 0 2 0.0324698 6.1777e-09
5.9 1.25 1 0.05 2 0.0324367 8.32403e-05
5.9 1.25 1 0.1 2 0.0323431 0.000161258
5.9 1.25 1 0.15 2 0.0321686 0.000248697
5.9 1.25 1 0.2 2 0.0319256 0.00033093
5.9 1.25 1 0.25 2 0.0315941 0.000424012
5.9 1.25 1 0.3 2 0.0312227 0.000497311
5.9 1.25 1 0.35 2 0.0307301 0.000603401
5.9 1.25 1 0.4 2 0.0301711 0.000693584
5.9 1.25 1 0.45 2 0.0295365 0.000794367
5.9 1.25 1 0.5 2 0.0287716 0.000827315
5.9 1.25 1 0.55 2 0.0279407 0.000975691
5.9 1.25 1 0.6 2 0.026984 0.00104042
5.9 1.25 1 0.65 2 0.0258546 0.00117856
5.9 1.25 1 0.7 2 0.0245657 0.00128744
5.9 1.25 1 0.75 2 0.0232361 0.00147008
5.9 1.25 1 0.8 2 0.0215723 0.0015557
5.9 1.25 1 0.85 2 0.0196732 0.00166624
5.9 1.25 1 0.9 2 0.0176318 0.00178564
5.9 1.25 1 0.95 2 0.015189 0.00201864
5.9 1.25 1 1 2 0.0123109 0.00211703
5.9 1.25 1 1.05 2 0.00907243 0.00229973
5.9 1.25 1 1.1 2 0.0049235 0.00258487
5.9 1.25 1 1.15 2 -0.000526604 0.00294888
5.9 1.25 1 1.2 2 -0.00827016 0.00339592

6 1.25 1 0 2 0.0320034 5.1434e-09
6 1.25 1 0.05 2 0.0319682 8.12971e-05
6 1.25 1 0.1 2 0.0318705 0.000160752
6 1.25 1 0.15 2 0.0317036 0.000238423
6 1.25 1 0.2 2 0.0314705 0.000331985
6 1.25 1 0.25 2 0.0311886 0.000427565
6 1.25 1 0.3 2 0.0307783 0.000475571
6 1.25 1 0.35 2 0.03035 0.00058677
6 1.25 1 0.4 2 0.0297691 0.000690751
6 1.25 1 0.45 2 0.0291552 0.000774357
6 1.25 1 0.5 2 0.0284378 0.000854225
6 1.25 1 0.55 2 0.0276085 0.000931319
6 1.25 1 0.6 2 0.0266575 0.00106557
6 1.25 1 0.65 2 0.0256244 0.00115699
6 1.25 1 0.7 2 0.0243714 0.00122784
6 1.25 1 0.75 2 0.0229681 0.00142659
6 1.25 1 0.8 2 0.0213294 0.00155554
6 1.25 1 0.85 2 0.0196302 0.00173353
6 1.25 1 0.9 2 0.0175573 0.00181552
6 1.25 1 0.95 2 0.0152102 0.00200801
6 1.25 1 1 2 0.0124314 0.00216072
6 1.25 1 1.05 2 0.00909349 0.00231863
6 1.25 1 1.1 2 0.005287 0.00262497
6 1.25 1 1.15 2 -0.000178215 0.00294567
6 1.25 1 1.2 2 -0.00761104 0.00354367

6.1 1.25 1 0 2 0.0315502 7.69399e-09
6.1 1.25 1 0.05 2 0.0315238 8.01536e-05
6.1 1.25 1 0.1 2 0.0314275 0.000157805
6.1 1.25 1 0.15 2 0.0312651 0.000243122
6.1 1.25 1 0.2 2 0.0310303 0.000322367
6.1 1.25 1 0.25 2 0.0307357 0.00042366
6.1 1.25 1 0.3 2 0.0303729 0.000493897
6.1 1.25 1 0.35 2 0.0299288 0.000569894
6.1 1.25 1 0.4 2 0.0294226 0.000664031
6.1 1.25 1 0.45 2 0.0287794 0.000749935
6.1 1.25 1 0.5 2 0.0280804 0.000857919
6.1 1.25 1 0.55 2 0.0272932 0.000983479
6.1 1.25 1 0.6 2 0.026301 0.00105847
6.1 1.25 1 0.65 2 0.0253154 0.00115338
6.1 1.25 1 0.7 2 0.0240231 0.00131535
6.1 1.25 1 0.75 2 0.0227533 0.00138648
6.1 1.25 1 0.8 2 0.0213028 0.00155606
6.1 1.25 1 0.85 2 0.0194318 0.00166185
6.1 1.25 1 0.9 2 0.0175474 0.00182733
6.1 1.25 1 0.95 2 0.0150121 0.00191529
6.1 1.25 1 1 2 0.0123737 0.0021044
6.1 1.25 1 1.05 2 0.00924436 0.00231826
6.1 1.25 1 1.1 2 0.00507882 0.00255742
6.1 1.25 1 1.15 2 0.000172463 0.00282508
6.1 1.25 1 1.2 2 -0.00719506 0.00351328

6.2 1.25 1 0 2 0.0311097 -nan
6.2 1.25 1 0.05 2 0.0310732 7.91133e-05
6.2 1.25 1 0.1 2 0.0309766 0.00015711
6.2 1.25 1 0.15 2 0.0308173 0.000235205
6.2 1.25 1 0.2 2 0.030605 0.000324275
6.2 1.25 1 0.25 2 0.0303153 0.000396927
6.2 1.25 1 0.3 2 0.0299567 0.000470506
6.2 1.25 1 0.35 2 0.0295537 0.000585316
6.2 1.25 1 0.4 2 0.0290059 0.000642713
6.2 1.25 1 0.45 2 0.0283851 0.00070959
6.2 1.25 1 0.5 2 0.027781 0.00084397
6.2 1.25 1 0.55 2 0.0269153 0.000953308
6.2 1.25 1 0.6 2 0.0260651 0.000997869
6.2 1.25 1 0.65 2 0.0250352 0.00112554
6.2 1.25 1 0.7 2 0.0238562 0.00121484
6.2 1.25 1 0.75 2 0.0225558 0.00134009
6.2 1.25 1 0.8 2 0.0210983 0.00151684
6.2 1.25 1 0.85 2 0.0193255 0.00155636
6.2 1.25 1 0.9 2 0.0172822 0.00175052
6.2 1.25 1 0.95 2 0.0151089 0.00198467
6.2 1.25 1 1 2 0.0124445 0.00213139
6.2 1.25 1 1.05 2 0.00943131 0.00230449
6.2 1.25 1 1.1 2 0.00548153 0.00253297
6.2 1.25 1 1.15 2 0.000429068 0.00275744
6.2 1.25 1 1.2 2 -0.00660388 0.00333694

6.3 1.25 1 0 2 0.0306813 -nan
6.3 1.25 1 0.05 2 0.0306507 7.61798e-05
6.3 1.25 1 0.1 2 0.030563 0.000162624
6.3 1.25 1 0.15 2 0.0304081 0.000234947
6.3 1.25 1 0.2 2 0.0301896 0.00032297
6.3 1.25 1 0.25 2 0.0299077 0.000400096
6.3 1.25 1 0.3 2 0.0295447 0.00048275
6.3 1.25 1 0.35 2 0.0291564 0.000542614
6.3 1.25 1 0.4 2 0.0286569 0.000631182
6.3 1.25 1 0.45 2 0.0280663 0.000766684
6.3 1.25 1 0.5 2 0.0274028 0.000845606
6.3 1.25 1 0.55 2 0.026586 0.000903837
6.3 1.25 1 0.6 2 0.025734 0.000996698
6.3 1.25 1 0.65 2 0.024679 0.00109888
6.3 1.25 1 0.7 2 0.0236033 0.00125522
6.3 1.25 1 0.75 2 0.022361 0.00135836
6.3 1.25 1 0.8 2 0.0208643 0.00147422
6.3 1.25 1 0.85 2 0.0191217 0.0016275
6.3 1.25 1 0.9 2 0.0172762 0.00173944
6.3 1.25 1 0.95 2 0.0150632 0.00187988
6.3 1.25 1 1 2 0.0125389 0.00202923
6.3 1.25 1 1.05 2 0.0094106 0.00231588
6.3 1.25 1 1.1 2 0.00564854 0.00246936
6.3 1.25 1 1.15 2 0.000583395 0.0028451
6.3 1.25 1 1.2 2 -0.00626201 0.00334402

6.4 1.25 1 0 2 0.0302646 6.74003e-09
6.4 1.25 1 0.05 2 0.0302358 7.7116e-05
6.4 1.25 1 0.1 2 0.0301486 0.000152857
6.4 1.25 1 0.15 2 0.0300057 0.000236141
6.4 1.25 1 0.2 2 0.0297881 0.000309506
6.4 1.25 1 0.25 2 0.0295202 0.000391161
6.4 1.25 1 0.3 2 0.0291631 0.000468504
6.4 1.25 1 0.35 2 0.0287605 0.000540378
6.4 1.25 1 0.4 2 0.0282538 0.000651157
6.4 1.25 1 0.45 2 0.0276494 0.000741087
6.4 1.25 1 0.5 2 0.0270393 0.000834476
6.4 1.25 1 0.55 2 0.0262905 0.000913507
6.4 1.25 1 0.6 2 0.0254288 0.000992132
6.4 1.25 1 0.65 2 0.0243999 0.00111427
6.4 1.25 1 0.7 2 0.023376 0.00124555
6.4 1.25 1 0.75 2 0.0221243 0.00135431
6.4 1.25 1 0.8 2 0.0206324 0.00145606
6.4 1.25 1 0.85 2 0.0190634 0.00155532
6.4 1.25 1 0.9 2 0.017212 0.00178369
6.4 1.25 1 0.95 2 0.0150245 0.00180139
6.4 1.25 1 1 2 0.0125202 0.00200851
6.4 1.25 1 1.05 2 0.00948088 0.00229264
6.4 1.25 1 1.1 2 0.00583216 0.00241369
6.4 1.25 1 1.15 2 0.0011198 0.00274452
6.4 1.25 1 1.2 2 -0.0058866 0.00319584

6.5 1.25 1 0 2 0.0298591 2.79397e-09
6.5 1.25 1 0.05 2 0.0298298 7.63774e-05
6.5 1.25 1 0.1 2 0.0297348 0.000148466
6.5 1.25 1 0.15 2 0.0296017 0.000222261
6.5 1.25 1 0.2 2 0.0293986 0.000293171
6.5 1.25 1 0.25 2 0.0290947 0.000379345
6.5 1.25 1 0.3 2 0.0287855 0.000464052
6.5 1.25 1 0.35 2 0.0283895 0.000525594
6.5 1.25 1 0.4 2 0.0279251 0.000652034
6.5 1.25 1 0.45 2 0.0273188 0.000721392
6.5 1.25 1 0.5 2 0.026733 0.000805629
6.5 1.25 1 0.55 2 0.0259303 0.000876856
6.5 1.25 1 0.6 2 0.0251387 0.000953753
6.5 1.25 1 0.65 2 0.0241596 0.00114817
6.5 1.25 1 0.7 2 0.0231488 0.00120116
6.5 1.25 1 0.75 2 0.0219574 0.00131011
6.5 1.25 1 0.8 2 0.0204391 0.00136334
6.5 1.25 1 0.85 2 0.0188519 0.00158328
6.5 1.25 1 0.9 2 0.0170495 0.00169221
6.5 1.25 1 0.95 2 0.0149599 0.00188129
6.5 1.25 1 1 2 0.0124772 0.00201425
6.5 1.25 1 1.05 2 0.00946321 0.00229835
6.5 1.25 1 1.1 2 0.00589228 0.00242234
6.5 1.25 1 1.15 2 0.0013818 0.0026386
6.5 1.25 1 1.2 2 -0.00534111 0.00311362

6.6 1.25 1 0 2 0.0294644 -nan
6.6 1.25 1 0.05 2 0.029435 7.62734e-05
6.6 1.25 1 0.1 2 0.029357 0.000152095
6.6 1.25 1 0.15 2 0.0292074 0.000225338
6.6 1.25 1 0.2 2 0.0290104 0.000297527
6.6 1.25 1 0.25 2 0.0287574 0.000384621
6.6 1.25 1 0.3 2 0.0284478 0.00046626
6.6 1.25 1 0.35 2 0.0280295 0.000530469
6.6 1.25 1 0.4 2 0.027547 0.000609168
6.6 1.25 1 0.45 2 0.0270554 0.000685066
6.6 1.25 1 0.5 2 0.0263963 0.00082184
6.6 1.25 1 0.55 2 0.0256809 0.000892982
6.6 1.25 1 0.6 2 0.0249071 0.00101306
6.6 1.25 1 0.65 2 0.0239481 0.001084
6.6 1.25 1 0.7 2 0.0228467 0.00121156
6.6 1.25 1 0.75 2 0.0216925 0.00127925
6.6 1.25 1 0.8 2 0.0203771 0.00143158
6.6 1.25 1 0.85 2 0.0187128 0.00148248
6.6 1.25 1 0.9 2 0.0170058 0.00163927
6.6 1.25 1 0.95 2 0.014927 0.00179484
6.6 1.25 1 1 2 0.0124716 0.00205219
6.6 1.25 1 1.05 2 0.00953044 0.00230051
6.6 1.25 1 1.1 2 0.00610611 0.00231465
6.6 1.25 1 1.15 2 0.00153426 0.00262477
6.6 1.25 1 1.2 2 -0.00506843 0.0031619

6.7 1.25 1 0 2 0.02908 -nan
6.7 1.25 1 0.05 2 0.0290511 7.64344e-05
6.7 1.25 1 0.1 2 0.0289689 0.000149829
6.7 1.25 1 0.15 2 0.0288359 0.000216328
6.7 1.25 1 0.2 2 0.0286374 0.000300041
6.7 1.25 1 0.25 2 0.0283774 0.00038308
6.7 1.25 1 0.3 2 0.0280635 0.000442467
6.7 1.25 1 0.35 2 0.0276769 0.000546403
6.7 1.25 1 0.4 2 0.0272367 0.000632857
6.7 1.25 1 0.45 2 0.026665 0.000691039
6.7 1.25 1 0.5 2 0.0260593 0.000756508
6.7 1.25 1 0.55 2 0.0254382 0.000881244
6.7 1.25 1 0.6 2 0.0245771 0.00100176
6.7 1.25 1 0.65 2 0.0237162 0.001059
6.7 1.25 1 0.7 2 0.0226546 0.001203
6.7 1.25 1 0.75 2 0.0214597 0.00131797
6.7 1.25 1 0.8 2 0.020225 0.00142278
6.7 1.25 1 0.85 2 0.0186263 0.00152809
6.7 1.25 1 0.9 2 0.0168263 0.00162879
6.7 1.25 1 0.95 2 0.0148498 0.0018339
6.7 1.25 1 1 2 0.0124597 0.00196622
6.7 1.25 1 1.05 2 0.00958555 0.00221664
6.7 1.25 1 1.1 2 0.00633337 0.00242323
6.7 1.25 1 1.15 2 0.00164139 0.0026618
6.7 1.25 1 1.2 2 -0.00468245 0.00311189

6.8 1.25 1 0 2 0.0287055 -nan
6.8 1.25 1 0.05 2 0.0286815 7.29453e-05
6.8 1.25 1 0.1 2 0.0285974 0.000141112
6.8 1.25 1 0.15 2 0.0284523 0.000225187
6.8 1.25 1 0.2 2 0.0282974 0.00029013
6.8 1.25 1 0.25 2 0.0280166 0.000369159
6.8 1.25 1 0.3 2 0.0277375 0.000472649
6.8 1.25 1 0.35 2 0.027307 0.000510968
6.8 1.25 1 0.4 2 0.0268783 0.000594284
6.8 1.25 1 0.45 2 0.0263673 0.000672699
6.8 1.25 1 0.5 2 0.0258023 0.000778381
6.8 1.25 1 0.55 2 0.0251362 0.000872106
6.8 1.25 1 0.6 2 0.0243522 0.000938271
6.8 1.25 1 0.65 2 0.0233988 0.00103301
6.8 1.25 1 0.7 2 0.0223371 0.00118545
6.8 1.25 1 0.75 2 0.0212579 0.00124425
6.8 1.25 1 0.8 2 0.0199349 0.00137438
6.8 1.25 1 0.85 2 0.0184399 0.00157071
6.8 1.25 1 0.9 2 0.0167974 0.00170043
6.8 1.25 1 0.95 2 0.0147266 0.00178169
6.8 1.25 1 1 2 0.0125185 0.00197196
6.8 1.25 1 1.05 2 0.00986377 0.00223139
6.8 1.25 1 1.1 2 0.00636435 0.00242734
6.8 1.25 1 1.15 2 0.0019617 0.0027185
6.8 1.25 1 1.2 2 -0.0041555 0.00311713

6.9 1.25 1 0 2 0.0283405 6.2475e-09
6.9 1.25 1 0.05 2 0.0283144 6.98342e-05
6.9 1.25 1 0.1 2 0.0282265 0.000147285
6.9 1.25 1 0.15 2 0.0280969 0.000216918
6.9 1.25 1 0.2 2 0.0279223 0.000294262
6.9 1.25 1 0.25 2 0.0276629 0.000369412
6.9 1.25 1 0.3 2 0.0273579 0.00043217
6.9 1.25 1 0.35 2 0.027039 0.000518874
6.9 1.25 1 0.4 2 0.0266 0.000585064
6.9 1.25 1 0.45 2 0.0260548 0.000708779
6.9 1.25 1 0.5 2 0.0254499 0.000752983
6.9 1.25 1 0.55 2 0.024805 0.000844507
6.9 1.25 1 0.6 2 0.0240802 0.000888321
6.9 1.25 1 0.65 2 0.0231304 0.00103876
6.9 1.25 1 0.7 2 0.0222178 0.00118224
6.9 1.25 1 0.75 2 0.0211076 0.00124177
6.9 1.25 1 0.8 2 0.0198469 0.00133461
6.9 1.25 1 0.85 2 0.0184192 0.00146798
6.9 1.25 1 0.9 2 0.0165922 0.00160069
6.9 1.25 1 0.95 2 0.0147826 0.00180323
6.9 1.25 1 1 2 0.0125767 0.00184768
6.9 1.25 1 1.05 2 0.00997351 0.00211916
6.9 1.25 1 1.1 2 0.00646241 0.00229105
6.9 1.25 1 1.15 2 0.00222081 0.00265962
6.9 1.25 1 1.2 2 -0.00383887 0.00317363

7 1.25 1 0 2 0.0279847 -nan
7 1.25 1 0.05 2 0.027959 7.1272e-05
7 1.25 1 0.1 2 0.0278858 0.000142279
7 1.25 1 0.15 2 0.0277549 0.000215007
7 1.25 1 0.2 2 0.0275912 0.000282126
7 1.25 1 0.25 2 0.0273436 0.00036622
7 1.25 1 0.3 2 0.0270455 0.000440096
7 1.25 1 0.35 2 0.0267504 0.000513399
7 1.25 1 0.4 2 0.0262772 0.000596535
7 1.25 1 0.45 2 0.0257867 0.000677679
7 1.25 1 0.5 2 0.0251686 0.000743038
7 1.25 1 0.55 2 0.0245336 0.00085088
7 1.25 1 0.6 2 0.0238306 0.000958389
7 1.25 1 0.65 2 0.0229639 0.00100731
7 1.25 1 0.7 2 0.0220263 0.00115636
7 1.25 1 0.75 2 0.0208462 0.00121245
7 1.25 1 0.8 2 0.0196198 0.00136466
7 1.25 1 0.85 2 0.0182793 0.00150454
7 1.25 1 0.9 2 0.0166287 0.00154883
7 1.25 1 0.95 2 0.0148037 0.0017395
7 1.25 1 1 2 0.0124952 0.00189142
7 1.25 1 1.05 2 0.00983332 0.00211543
7 1.25 1 1.1 2 0.00661622 0.00221571
7 1.25 1 1.15 2 0.00231369 0.00273841
7 1.25 1 1.2 2 -0.00370304 0.00291533

7.1 1.25 1 0 2 0.0276378 -nan
7.1 1.25 1 0.05 2 0.0276103 7.01141e-05
7.1 1.25 1 0.1 2 0.0275426 0.000140905
7.1 1.25 1 0.15 2 0.027422 0.000211649
7.1 1.25 1 0.2 2 0.0272423 0.000284206
7.1 1.25 1 0.25 2 0.0270029 0.000342329
7.1 1.25 1 0.3 2 0.0267157 0.000439641
7.1 1.25 1 0.35 2 0.0263673 0.000522408
7.1 1.25 1 0.4 2 0.0259264 0.000588566
7.1 1.25 1 0.45 2 0.0254895 0.000656901
7.1 1.25 1 0.5 2 0.0249489 0.00073756
7.1 1.25 1 0.55 2 0.0243042 0.000824429
7.1 1.25 1 0.6 2 0.0235667 0.000933726
7.1 1.25 1 0.65 2 0.0227472 0.000977482
7.1 1.25 1 0.7 2 0.0217537 0.00110562
7.1 1.25 1 0.75 2 0.020731 0.00123284
7.1 1.25 1 0.8 2 0.0194906 0.00130904
7.1 1.25 1 0.85 2 0.0181678 0.00143447
7.1 1.25 1 0.9 2 0.0164206 0.00160981
7.1 1.25 1 0.95 2 0.014605 0.00175552
7.1 1.25 1 1 2 0.0124578 0.00189794
7.1 1.25 1 1.05 2 0.00986029 0.00203768
7.1 1.25 1 1.1 2 0.006695 0.00225706
7.1 1.25 1 1.15 2 0.00269997 0.00254284
7.1 1.25 1 1.2 2 -0.003202 0.00296297

7.2 1.25 1 0 2 0.0272993 3.56162e-09
7.2 1.25 1 0.05 2 0.0272766 7.38258e-05
7.2 1.25 1 0.1 2 0.0272106 0.000137697
7.2 1.25 1 0.15 2 0.0270807 0.000207746
7.2 1.25 1 0.2 2 0.0269178 0.000291578
7.2 1.25 1 0.25 2 0.0266901 0.000341012
7.2 1.25 1 0.3 2 0.0263849 0.000412193
7.2 1.25 1 0.35 2 0.0260787 0.000512023
7.2 1.25 1 0.4 2 0.0256507 0.000568364
7.2 1.25 1 0.45 2 0.0251461 0.000655096
7.2 1.25 1 0.5 2 0.0246726 0.000746863
7.2 1.25 1 0.55 2 0.0240551 0.000819006
7.2 1.25 1 0.6 2 0.0233188 0.000936957
7.2 1.25 1 0.65 2 0.0225021 0.00100451
7.2 1.25 1 0.7 2 0.0215672 0.00112349
7.2 1.25 1 0.75 2 0.0204959 0.00122852
7.2 1.25 1 0.8 2 0.0192454 0.00129125
7.2 1.25 1 0.85 2 0.0179513 0.00142617
7.2 1.25 1 0.9 2 0.0163408 0.0015754
7.2 1.25 1 0.95 2 0.0145669 0.00165796
7.2 1.25 1 1 2 0.0125128 0.00182437
7.2 1.25 1 1.05 2 0.00983943 0.00207576
7.2 1.25 1 1.1 2 0.0069271 0.00222086
7.2 1.25 1 1.15 2 0.00266065 0.00250332
7.2 1.25 1 1.2 2 -0.00301997 0.00292364

7.3 1.25 1 0 2 0.0269691 2.75489e-09
7.3 1.25 1 0.05 2 0.0269439 6.90497e-05
7.3 1.25 1 0.1 2 0.0268705 0.000133163
7.3 1.25 1 0.15 2 0.0267561 0.000210228
7.3 1.25 1 0.2 2 0.0265772 0.000266392
7.3 1.25 1 0.25 2 0.0263852 0.000333861
7.3 1.25 1 0.3 2 0.0260941 0.000423891
7.3 1.25 1 0.35 2 0.0257646 0.000495166
7.3 1.25 1 0.4 2 0.0253695 0.000579153
7.3 1.25 1 0.45 2 0.0249023 0.000663532
7.3 1.25 1 0.5 2 0.0244036 0.000734981
7.3 1.25 1 0.55 2 0.023792 0.000809717
7.3 1.25 1 0.6 2 0.0230882 0.000889986
7.3 1.25 1 0.65 2 0.0223015 0.000966999
7.3 1.25 1 0.7 2 0.0213593 0.0010875
7.3 1.25 1 0.75 2 0.0203323 0.00118193
7.3 1.25 1 0.8 2 0.0191192 0.00128532
7.3 1.25 1 0.85 2 0.0177914 0.00140079
7.3 1.25 1 0.9 2 0.016301 0.00152924
7.3 1.25 1 0.95 2 0.0144589 0.0017144
7.3 1.25 1 1 2 0.0124387 0.00184617
7.3 1.25 1 1.05 2 0.0100163 0.00195796
7.3 1.25 1 1.1 2 0.00689597 0.0022051
7.3 1.25 1 1.15 2 0.00290319 0.00246895
7.3 1.25 1 1.2 2 -0.00275851 0.00297598

7.4 1.25 1 0 2 0.0266468 -nan
7.4 1.25 1 0.05 2 0.0266256 6.81e-05
7.4 1.25 1 0.1 2 0.0265517 0.000133792
7.4 1.25 1 0.15 2 0.0264337 0.000203042
7.4 1.25 1 0.2 2 0.0262793 0.000277891
7.4 1.25 1 0.25 2 0.0260584 0.000351073
7.4 1.25 1 0.3 2 0.025793 0.000409626
7.4 1.25 1 0.35 2 0.0254421 0.000495292
7.4 1.25 1 0.4 2 0.0251017 0.000576219
7.4 1.25 1 0.45 2 0.0246459 0.000640879
7.4 1.25 1 0.5 2 0.024104 0.000735943
7.4 1.25 1 0.55 2 0.0235332 0.000816908
7.4 1.25 1 0.6 2 0.0228004 0.000900465
7.4 1.25 1 0.65 2 0.0220503 0.000997821
7.4 1.25 1 0.7 2 0.02114 0.00106938
7.4 1.25 1 0.75 2 0.02011 0.00117392
7.4 1.25 1 0.8 2 0.0190002 0.00124869
7.4 1.25 1 0.85 2 0.0177285 0.00143714
7.4 1.25 1 0.9 2 0.0161488 0.00152573
7.4 1.25 1 0.95 2 0.0144011 0.00160585
7.4 1.25 1 1 2 0.0124745 0.00181619
7.4 1.25 1 1.05 2 0.00987648 0.00192616
7.4 1.25 1 1.1 2 0.00707498 0.0022158
7.4 1.25 1 1.15 2 0.00304639 0.00239354
7.4 1.25 1 1.2 2 -0.00239675 0.00289474

7.5 1.25 1 0 2 0.0263321 -nan
7.5 1.25 1 0.05 2 0.0263042 6.48094e-05
7.5 1.25 1 0.1 2 0.0262467 0.000130455
7.5 1.25 1 0.15 2 0.0261223 0.000200865
7.5 1.25 1 0.2 2 0.0259797 0.000275562
7.5 1.25 1 0.25 2 0.0257576 0.000337557
7.5 1.25 1 0.3 2 0.025513 0.000416722
7.5 1.25 1 0.35 2 0.0251518 0.000480692
7.5 1.25 1 0.4 2 0.0248359 0.000566515
7.5 1.25 1 0.45 2 0.024381 0.000612408
7.5 1.25 1 0.5 2 0.0238686 0.000738872
7.5 1.25 1 0.55 2 0.0231889 0.000824608
7.5 1.25 1 0.6 2 0.0225953 0.000883159
7.5 1.25 1 0.65 2 0.021842 0.000981846
7.5 1.25 1 0.7 2 0.0209191 0.00110579
7.5 1.25 1 0.75 2 0.0199443 0.00114013
7.5 1.25 1 0.8 2 0.0189232 0.00124194
7.5 1.25 1 0.85 2 0.0175824 0.00139578
7.5 1.25 1 0.9 2 0.0160386 0.00158031
7.5 1.25 1 0.95 2 0.01439 0.00161609
7.5 1.25 1 1 2 0.0122974 0.00175638
7.5 1.25 1 1.05 2 0.0100734 0.00200437
7.5 1.25 1 1.1 2 0.00707951 0.00215127
7.5 1.25 1 1.15 2 0.00325281 0.00239714
7.5 1.25 1 1.2 2 -0.0022645 0.00286474

7.6 1.25 1 0 2 0.0260248 5.58794e-09
7.6 1.25 1 0.05 2 0.0260047 6.77635e-05
7.6 1.25 1 0.1 2 0.0259379 0.000134807
7.6 1.25 1 0.15 2 0.0258281 0.000201214
7.6 1.25 1 0.2 2 0.0256609 0.000269459
7.6 1.25 1 0.25 2 0.025468 0.0003562
7.6 1.25 1 0.3 2 0.0252059 0.000423114
7.6 1.25 1 0.35 2 0.0248859 0.000474345
7.6 1.25 1 0.4 2 0.0245253 0.000561495
7.6 1.25 1 0.45 2 0.0241137 0.000621146
7.6 1.25 1 0.5 2 0.0236251 0.000715775
7.6 1.25 1 0.55 2 0.0230163 0.000802485
7.6 1.25 1 0.6 2 0.0223854 0.000853444
7.6 1.25 1 0.65 2 0.0215731 0.000944746
7.6 1.25 1 0.7 2 0.0207674 0.00104337
7.6 1.25 1 0.75 2 0.0197867 0.0011161
7.6 1.25 1 0.8 2 0.0186911 0.00129196
7.6 1.25 1 0.85 2 0.0174287 0.00138997
7.6 1.25 1 0.9 2 0.0159161 0.00150099
7.6 1.25 1 0.95 2 0.0142955 0.00161063
7.6 1.25 1 1 2 0.0122763 0.00172144
7.6 1.25 1 1.05 2 0.00986529 0.00191063
7.6 1.25 1 1.1 2 0.00717912 0.00217123
7.6 1.25 1 1.15 2 0.00333384 0.00248074
7.6 1.25 1 1.2 2 -0.00189346 0.00281447

7.7 1.25 1 0 2 0.0257246 2.28127e-09
7.7 1.25 1 0.05 2 0.0257058 6.55859e-05
7.7 1.25 1 0.1 2 0.0256456 0.000127652
7.7 1.25 1 0.15 2 0.0255148 0.00019485
7.7 1.25 1 0.2 2 0.0253664 0.000265556
7.7 1.25 1 0.25 2 0.0251531 0.000344699
7.7 1.25 1 0.3 2 0.0249183 0.000418432
7.7 1.25 1 0.35 2 0.0245942 0.000467891
7.7 1.25 1 0.4 2 0.0242289 0.000547477
7.7 1.25 1 0.45 2 0.0238096 0.000649019
7.7 1.25 1 0.5 2 0.023353 0.000699044
7.7 1.25 1 0.55 2 0.0227973 0.000773287
7.7 1.25 1 0.6 2 0.0221395 0.000836018
7.7 1.25 1 0.65 2 0.0214591 0.0009743
7.7 1.25 1 0.7 2 0.0205629 0.00101588
7.7 1.25 1 0.75 2 0.0195919 0.00114376
7.7 1.25 1 0.8 2 0.0185888 0.00120952
7.7 1.25 1 0.85 2 0.017314 0.00139007
7.7 1.25 1 0.9 2 0.0159299 0.00150334
7.7 1.25 1 0.95 2 0.014224 0.00162198
7.7 1.25 1 1 2 0.0122907 0.00178301
7.7 1.25 1 1.05 2 0.00996646 0.00193975
7.7 1.25 1 1.1 2 0.00716644 0.00215417
7.7 1.25 1 1.15 2 0.00354538 0.00243608
7.7 1.25 1 1.2 2 -0.00163462 0.0026833

7.8 1.25 1 0 2 0.0254312 -nan
7.8 1.25 1 0.05 2 0.0254076 6.60235e-05
7.8 1.25 1 0.1 2 0.0253447 0.000135441
7.8 1.25 1 0.15 2 0.0252381 0.000194881
7.8 1.25 1 0.2 2 0.0250847 0.000261583
7.8 1.25 1 0.25 2 0.024895 0.000331175
7.8 1.25 1 0.3 2 0.0246543 0.000387133
7.8 1.25 1 0.35 2 0.0243572 0.000459145
7.8 1.25 1 0.4 2 0.0239947 0.000562903
7.8 1.25 1 0.45 2 0.0235883 0.000598481
7.8 1.25 1 0.5 2 0.0231048 0.000677212
7.8 1.25 1 0.55 2 0.0225418 0.000762297
7.8 1.25 1 0.6 2 0.0219369 0.000831647
7.8 1.25 1 0.65 2 0.0211773 0.000937132
7.8 1.25 1 0.7 2 0.0203727 0.00099881
7.8 1.25 1 0.75 2 0.0194678 0.00113665
7.8 1.25 1 0.8 2 0.0184092 0.00123782
7.8 1.25 1 0.85 2 0.0171447 0.0013438
7.8 1.25 1 0.9 2 0.0157583 0.00143744
7.8 1.25 1 0.95 2 0.0141984 0.00159306
7.8 1.25 1 1 2 0.0123624 0.00174365
7.8 1.25 1 1.05 2 0.0101446 0.00188133
7.8 1.25 1 1.1 2 0.0073454 0.00211165
7.8 1.25 1 1.15 2 0.00383502 0.00234848
7.8 1.25 1 1.2 2 -0.00153685 0.00268103

7.9 1.25 1 0 2 0.0251445 3.66662e-09
7.9 1.25 1 0.05 2 0.0251266 6.69962e-05
7.9 1.25 1 0.1 2 0.0250674 0.000129302
7.9 1.25 1 0.15 2 0.0249547 0.000194156
7.9 1.25 1 0.2 2 0.0248138 0.000261512
7.9 1.25 1 0.25 2 0.0246227 0.000323064
7.9 1.25 1 0.3 2 0.0243717 0.000407601
7.9 1.25 1 0.35 2 0.0240309 0.00046761
7.9 1.25 1 0.4 2 0.0237526 0.000533206
7.9 1.25 1 0.45 2 0.0232903 0.000614964
7.9 1.25 1 0.5 2 0.0228922 0.000670977
7.9 1.25 1 0.55 2 0.0223231 0.000756978
7.9 1.25 1 0.6 2 0.0217164 0.000850971
7.9 1.25 1 0.65 2 0.0210386 0.000910647
7.9 1.25 1 0.7 2 0.020209 0.00100012
7.9 1.25 1 0.75 2 0.0193358 0.00108289
7.9 1.25 1 0.8 2 0.0182535 0.00119386
7.9 1.25 1 0.85 2 0.0170723 0.00132204
7.9 1.25 1 0.9 2 0.0156826 0.00142855
7.9 1.25 1 0.95 2 0.0141264 0.00154993
7.9 1.25 1 1 2 0.0122905 0.00172501
7.9 1.25 1 1.05 2 0.0100064 0.00193186
7.9 1.25 1 1.1 2 0.00731307 0.0021308
7.9 1.25 1 1.15 2 0.00375064 0.00230192
7.9 1.25 1 1.2 2 -0.00129221 0.00262604

8 1.25 1 0 2 0.0248642 1.71095e-09
8 1.25 1 0.05 2 0.0248454 6.2121e-05
8 1.25 1 0.1 2 0.0247783 0.000127802
8 1.25 1 0.15 2 0.0246804 0.00018851
8 1.25 1 0.2 2 0.0245427 0.000252781
8 1.25 1 0.25 2 0.0243503 0.000317648
8 1.25 1 0.3 2 0.0241137 0.000388093
8 1.25 1 0.35 2 0.0238486 0.000464397
8 1.25 1 0.4 2 0.0235137 0.000532747
8 1.25 1 0.45 2 0.0230905 0.000585932
8 1.25 1 0.5 2 0.0226434 0.000658586
8 1.25 1 0.55 2 0.0221223 0.000774748
8 1.25 1 0.6 2 0.021489 0.000818557
8 1.25 1 0.65 2 0.0207997 0.00091229
8 1.25 1 0.7 2 0.02005 0.00101757
8 1.25 1 0.75 2 0.0191025 0.00111372
8 1.25 1 0.8 2 0.0180854 0.00117894
8 1.25 1 0.85 2 0.0168625 0.00124383
8 1.25 1 0.9 2 0.0156546 0.00145457
8 1.25 1 0.95 2 0.0140321 0.00159609
8 1.25 1 1 2 0.0122648 0.00170542
8 1.25 1 1.05 2 0.00996484 0.00187892
8 1.25 1 1.1 2 0.0072858 0.00205486
8 1.25 1 1.15 2 0.00384191 0.00235376
8 1.25 1 1.2 2 -0.00107015 0.00279549

8.1 1.25 1 0 2 0.02459 -nan
8.1 1.25 1 0.05 2 0.0245714 6.3142e-05
8.1 1.25 1 0.1 2 0.0245091 0.000124268
8.1 1.25 1 0.15 2 0.0244058 0.000185551
8.1 1.25 1 0.2 2 0.0242678 0.000254302
8.1 1.25 1 0.25 2 0.0240942 0.000324861
8.1 1.25 1 0.3 2 0.0238426 0.000379734
8.1 1.25 1 0.35 2 0.0235824 0.000445143
8.1 1.25 1 0.4 2 0.0232304 0.00051719
8.1 1.25 1 0.45 2 0.022861 0.000576013
8.1 1.25 1 0.5 2 0.0223913 0.000680491
8.1 1.25 1 0.55 2 0.021893 0.000765299
8.1 1.25 1 0.6 2 0.0212925 0.0008479
8.1 1.25 1 0.65 2 0.0205765 0.000897407
8.1 1.25 1 0.7 2 0.0198788 0.000982185
8.1 1.25 1 0.75 2 0.0189751 0.00107226
8.1 1.25 1 0.8 2 0.0179182 0.00118747
8.1 1.25 1 0.85 2 0.0168076 0.00130815
8.1 1.25 1 0.9 2 0.0154579 0.00141728
8.1 1.25 1 0.95 2 0.0140329 0.00154574
8.1 1.25 1 1 2 0.0121599 0.00170066
8.1 1.25 1 1.05 2 0.010064 0.00183023
8.1 1.25 1 1.1 2 0.00723713 0.00206044
8.1 1.25 1 1.15 2 0.00411376 0.00227199
8.1 1.25 1 1.2 2 -0.000795662 0.0026857

8.2 1.25 1 0 2 0.0243219 -nan
8.2 1.25 1 0.05 2 0.024306 6.0505e-05
8.2 1.25 1 0.1 2 0.0242491 0.00012562
8.2 1.25 1 0.15 2 0.0241499 0.000190603
8.2 1.25 1 0.2 2 0.0240194 0.000262912
8.2 1.25 1 0.25 2 0.023836 0.000313093
8.2 1.25 1 0.3 2 0.0236181 0.000382454
8.2 1.25 1 0.35 2 0.0233283 0.00044964
8.2 1.25 1 0.4 2 0.023011 0.000490629
8.2 1.25 1 0.45 2 0.0226045 0.000607806
8.2 1.25 1 0.5 2 0.0221764 0.000648982
8.2 1.25 1 0.55 2 0.0216798 0.000745668
8.2 1.25 1 0.6 2 0.0211066 0.000855986
8.2 1.25 1 0.65 2 0.0204684 0.000870505
8.2 1.25 1 0.7 2 0.0197095 0.000947271
8.2 1.25 1 0.75 2 0.0188003 0.00114487
8.2 1.25 1 0.8 2 0.0178039 0.00121379
8.2 1.25 1 0.85 2 0.0166782 0.00134153
8.2 1.25 1 0.9 2 0.0153776 0.00138517
8.2 1.25 1 0.95 2 0.0139126 0.00147819
8.2 1.25 1 1 2 0.0120881 0.00169147
8.2 1.25 1 1.05 2 0.00995024 0.00187177
8.2 1.25 1 1.1 2 0.00753712 0.00196438
8.2 1.25 1 1.15 2 0.00413262 0.00224716
8.2 1.25 1 1.2 2 -0.000701144 0.00259677

8.3 1.25 1 0 2 0.0240595 -nan
8.3 1.25 1 0.05 2 0.0240412 5.9183e-05
8.3 1.25 1 0.1 2 0.0239817 0.000122308
8.3 1.25 1 0.15 2 0.0238813 0.000180697
8.3 1.25 1 0.2 2 0.0237566 0.00024519
8.3 1.25 1 0.25 2 0.0235907 0.0003121
8.3 1.25 1 0.3 2 0.0233756 0.000366043
8.3 1.25 1 0.35 2 0.0230997 0.000430496
8.3 1.25 1 0.4 2 0.0227648 0.000504215
8.3 1.25 1 0.45 2 0.022423 0.000567263
8.3 1.25 1 0.5 2 0.0219579 0.000656758
8.3 1.25 1 0.55 2 0.0214735 0.000711757
8.3 1.25 1 0.6 2 0.0209023 0.000779245
8.3 1.25 1 0.65 2 0.0202185 0.000895141
8.3 1.25 1 0.7 2 0.0194808 0.00101966
8.3 1.25 1 0.75 2 0.0187265 0.00105903
8.3 1.25 1 0.8 2 0.0176604 0.00115356
8.3 1.25 1 0.85 2 0.0165333 0.00123121
8.3 1.25 1 0.9 2 0.0152696 0.00132857
8.3 1.25 1 0.95 2 0.013789 0.00152846
8.3 1.25 1 1 2 0.0121008 0.00160462
8.3 1.25 1 1.05 2 0.0100995 0.00178949
8.3 1.25 1 1.1 2 0.00760046 0.00193815
8.3 1.25 1 1.15 2 0.00422829 0.00226691
8.3 1.25 1 1.2 2 -0.000362086 0.00251888

8.4 1.25 1 0 2 0.0238028 -nan
8.4 1.25 1 0.05 2 0.0237823 6.10541e-05
8.4 1.25 1 0.1 2 0.0237292 0.000121433
8.4 1.25 1 0.15 2 0.0236341 0.000183614
8.4 1.25 1 0.2 2 0.0234903 0.000246181
8.4 1.25 1 0.25 2 0.0233329 0.000301143
8.4 1.25 1 0.3 2 0.0231226 0.000372177
8.4 1.25 1 0.35 2 0.022868 0.000443021
8.4 1.25 1 0.4 2 0.0225261 0.000505594
8.4 1.25 1 0.45 2 0.0221633 0.000586676
8.4 1.25 1 0.5 2 0.0217445 0.000652551
8.4 1.25 1 0.55 2 0.0212173 0.000722861
8.4 1.25 1 0.6 2 0.0207341 0.000824803
8.4 1.25 1 0.65 2 0.0200387 0.000838254
8.4 1.25 1 0.7 2 0.0193298 0.000941078
8.4 1.25 1 0.75 2 0.0184686 0.00106402
8.4 1.25 1 0.8 2 0.0175317 0.00116689
8.4 1.25 1 0.85 2 0.0164317 0.00126316
8.4 1.25 1 0.9 2 0.0151972 0.00137154
8.4 1.25 1 0.95 2 0.0137889 0.00152703
8.4 1.25 1 1 2 0.012017 0.0016284
8.4 1.25 1 1.05 2 0.00998109 0.0018477
8.4 1.25 1 1.1 2 0.00753766 0.00201091
8.4 1.25 1 1.15 2 0.00427075 0.00215606
8.4 1.25 1 1.2 2 -0.000329609 0.00260454

8.5 1.25 1 0 2 0.0235515 -nan
8.5 1.25 1 0.05 2 0.0235323 5.97114e-05
8.5 1.25 1 0.1 2 0.0234814 0.000118362
8.5 1.25 1 0.15 2 0.0234024 0.000178508
8.5 1.25 1 0.2 2 0.0232583 0.000241881
8.5 1.25 1 0.25 2 0.0231051 0.000312935
8.5 1.25 1 0.3 2 0.0228414 0.000348942
8.5 1.25 1 0.35 2 0.0225908 0.000440825
8.5 1.25 1 0.4 2 0.0222968 0.000523271
8.5 1.25 1 0.45 2 0.0219693 0.000553555
8.5 1.25 1 0.5 2 0.0214985 0.00062554
8.5 1.25 1 0.55 2 0.0210612 0.000710318
8.5 1.25 1 0.6 2 0.0204711 0.000781502
8.5 1.25 1 0.65 2 0.0198733 0.000866941
8.5 1.25 1 0.7 2 0.0191687 0.000953826
8.5 1.25 1 0.75 2 0.0183197 0.00105417
8.5 1.25 1 0.8 2 0.0173414 0.00118792
8.5 1.25 1 0.85 2 0.0163792 0.0012116
8.5 1.25 1 0.9 2 0.0150762 0.00139436
8.5 1.25 1 0.95 2 0.0137321 0.00144242
8.5 1.25 1 1 2 0.0119721 0.00157936
8.5 1.25 1 1.05 2 0.00998776 0.00175732
8.5 1.25 1 1.1 2 0.0074952 0.00198661
8.5 1.25 1 1.15 2 0.00446744 0.002212
8.5 1.25 1 1.2 2 -8.13302e-05 0.0024871

8.6 1.25 1 0 2 0.0233054 2.20883e-09
8.6 1.25 1 0.05 2 0.0232883 5.96593e-05
8.6 1.25 1 0.1 2 0.0232377 0.000113921
8.6 1.25 1 0.15 2 0.0231388 0.000177332
8.6 1.25 1 0.2 2 0.0230178 0.000224629
8.6 1.25 1 0.25 2 0.0228613 0.000305251
8.6 1.25 1 0.3 2 0.0226591 0.000361
8.6 1.25 1 0.35 2 0.0224076 0.00042287
8.6 1.25 1 0.4 2 0.0221041 0.0004863
8.6 1.25 1 0.45 2 0.0217389 0.000555822
8.6 1.25 1 0.5 2 0.0213331 0.000634935
8.6 1.25 1 0.55 2 0.0208087 0.000728166
8.6 1.25 1 0.6 2 0.0203166 0.000789025
8.6 1.25 1 0.65 2 0.0196944 0.00088851
8.6 1.25 1 0.7 2 0.0190014 0.000972607
8.6 1.25 1 0.75 2 0.0182048 0.00102672
8.6 1.25 1 0.8 2 0.0172193 0.00114
8.6 1.25 1 0.85 2 0.0161853 0.00121647
8.6 1.25 1 0.9 2 0.0150932 0.00130198
8.6 1.25 1 0.95 2 0.0135632 0.00148451
8.6 1.25 1 1 2 0.0119849 0.00157481
8.6 1.25 1 1.05 2 0.00992948 0.00178161
8.6 1.25 1 1.1 2 0.00752602 0.00189738
8.6 1.25 1 1.15 2 0.00440522 0.00216957
8.6 1.25 1 1.2 2 0.000102522 0.00241452

8.7 1.25 1 0 2 0.0230644 2.87053e-09
8.7 1.25 1 0.05 2 0.0230468 6.06045e-05
8.7 1.25 1 0.1 2 0.0229952 0.000118651
8.7 1.25 1 0.15 2 0.0229106 0.000175075
8.7 1.25 1 0.2 2 0.0227764 0.000234363
8.7 1.25 1 0.25 2 0.0226236 0.000289339
8.7 1.25 1 0.3 2 0.0224228 0.000354992
8.7 1.25 1 0.35 2 0.0221704 0.000441756
8.7 1.25 1 0.4 2 0.0218832 0.000469246
8.7 1.25 1 0.45 2 0.0215374 0.000557526
8.7 1.25 1 0.5 2 0.021153 0.000614971
8.7 1.25 1 0.55 2 0.0207004 0.000686707
8.7 1.25 1 0.6 2 0.0201454 0.00078139
8.7 1.25 1 0.65 2 0.0195577 0.000834643
8.7 1.25 1 0.7 2 0.0188495 0.00094214
8.7 1.25 1 0.75 2 0.0180728 0.00101256
8.7 1.25 1 0.8 2 0.0171569 0.00112377
8.7 1.25 1 0.85 2 0.0160345 0.00118337
8.7 1.25 1 0.9 2 0.0148593 0.00130771
8.7 1.25 1 0.95 2 0.0135404 0.00143528
8.7 1.25 1 1 2 0.0119224 0.00159442
8.7 1.25 1 1.05 2 0.00995612 0.00175039
8.7 1.25 1 1.1 2 0.00748507 0.00191771
8.7 1.25 1 1.15 2 0.00449671 0.0020835
8.7 1.25 1 1.2 2 0.00016103 0.00246284

8.8 1.25 1 0 2 0.0228284 5.26836e-09
8.8 1.25 1 0.05 2 0.0228119 5.80672e-05
8.8 1.25 1 0.1 2 0.0227605 0.000115585
8.8 1.25 1 0.15 2 0.0226859 0.000181838
8.8 1.25 1 0.2 2 0.0225612 0.000232977
8.8 1.25 1 0.25 2 0.0223909 0.000302035
8.8 1.25 1 0.3 2 0.0221841 0.000366604
8.8 1.25 1 0.35 2 0.0219647 0.000417621
8.8 1.25 1 0.4 2 0.0216582 0.000482968
8.8 1.25 1 0.45 2 0.0213332 0.000566212
8.8 1.25 1 0.5 2 0.0209441 0.000618824
8.8 1.25 1 0.55 2 0.0204779 0.000723289
8.8 1.25 1 0.6 2 0.0199431 0.000768684
8.8 1.25 1 0.65 2 0.0193322 0.000859731
8.8 1.25 1 0.7 2 0.018677 0.000906111
8.8 1.25 1 0.75 2 0.0178706 0.00102898
8.8 1.25 1 0.8 2 0.0170098 0.00109797
8.8 1.25 1 0.85 2 0.015959 0.00119211
8.8 1.25 1 0.9 2 0.0147756 0.00126585
8.8 1.25 1 0.95 2 0.013459 0.00146331
8.8 1.25 1 1 2 0.0117386 0.00159973
8.8 1.25 1 1.05 2 0.0099597 0.0017526
8.8 1.25 1 1.1 2 0.00762167 0.00189654
8.8 1.25 1 1.15 2 0.0046721 0.00211932
8.8 1.25 1 1.2 2 0.000335521 0.00260027

8.9 1.25 1 0 2 0.0225972 -nan
8.9 1.25 1 0.05 2 0.0225789 5.65003e-05
8.9 1.25 1 0.1 2 0.0225296 0.00011709
8.9 1.25 1 0.15 2 0.022447 0.000178223
8.9 1.25 1 0.2 2 0.0223173 0.000239391
8.9 1.25 1 0.25 2 0.0221723 0.00028519
8.9 1.25 1 0.3 2 0.0219896 0.000354576
8.9 1.25 1 0.35 2 0.0217438 0.000432782
8.9 1.25 1 0.4 2 0.0214582 0.000472914
8.9 1.25 1 0.45 2 0.0211322 0.000550187
8.9 1.25 1 0.5 2 0.0207411 0.000608569
8.9 1.25 1 0.55 2 0.0202903 0.000693845
8.9 1.25 1 0.6 2 0.0197883 0.000730688
8.9 1.25 1 0.65 2 0.0191737 0.000850843
8.9 1.25 1 0.7 2 0.0185153 0.000962572
8.9 1.25 1 0.75 2 0.0177516 0.00100044
8.9 1.25 1 0.8 2 0.0168076 0.0010959
8.9 1.25 1 0.85 2 0.0159271 0.00119895
8.9 1.25 1 0.9 2 0.0146895 0.00128942
8.9 1.25 1 0.95 2 0.0133605 0.00140326
8.9 1.25 1 1 2 0.0118684 0.00157454
8.9 1.25 1 1.05 2 0.0100215 0.00175102
8.9 1.25 1 1.1 2 0.00769889 0.00189617
8.9 1.25 1 1.15 2 0.00465953 0.00209799
8.9 1.25 1 1.2 2 0.000529728 0.00245133

9 1.25 1 0 2 0.0223706 2.79397e-09
9 1.25 1 0.05 2 0.0223553 5.53193e-05
9 1.25 1 0.1 2 0.0223038 0.000113805
9 1.25 1 0.15 2 0.0222291 0.000174936
9 1.25 1 0.2 2 0.0221029 0.000229068
9 1.25 1 0.25 2 0.0219535 0.000290886
9 1.25 1 0.3 2 0.0217603 0.00034909
9 1.25 1 0.35 2 0.0215308 0.0004002
9 1.25 1 0.4 2 0.0212694 0.00047642
9 1.25 1 0.45 2 0.0209297 0.000525983
9 1.25 1 0.5 2 0.0205464 0.000583746
9 1.25 1 0.55 2 0.020117 0.000724552
9 1.25 1 0.6 2 0.019621 0.000777055
9 1.25 1 0.65 2 0.0190241 0.000812318
9 1.25 1 0.7 2 0.0183228 0.000886971
9 1.25 1 0.75 2 0.0175473 0.000990892
9 1.25 1 0.8 2 0.0168076 0.00112016
9 1.25 1 0.85 2 0.015794 0.00121328
9 1.25 1 0.9 2 0.0146914 0.00134384
9 1.25 1 0.95 2 0.0134488 0.00143558
9 1.25 1 1 2 0.0116615 0.00157864
9 1.25 1 1.05 2 0.00998015 0.00169995
9 1.25 1 1.1 2 0.00765881 0.00186811
9 1.25 1 1.15 2 0.00477779 0.00207167
9 1.25 1 1.2 2 0.000525076 0.0024034

9.1 1.25 1 0 2 0.0221485 4.165e-09
9.1 1.25 1 0.05 2 0.022131 5.77703e-05
9.1 1.25 1 0.1 2 0.0220868 0.000108578
9.1 1.25 1 0.15 2 0.0220072 0.000168804
9.1 1.25 1 0.2 2 0.0218888 0.000242653
9.1 1.25 1 0.25 2 0.0217453 0.000287394
9.1 1.25 1 0.3 2 0.0215588 0.000348839
9.1 1.25 1 0.35 2 0.0213495 0.00041166
9.1 1.25 1 0.4 2 0.0210352 0.000479784
9.1 1.25 1 0.45 2 0.0207324 0.000535395
9.1 1.25 1 0.5 2 0.0203237 0.000600853
9.1 1.25 1 0.55 2 0.0199484 0.000688072
9.1 1.25 1 0.6 2 0.019422 0.000731961
9.1 1.25 1 0.65 2 0.0189025 0.000814468
9.1 1.25 1 0.7 2 0.0182155 0.000902964
9.1 1.25 1 0.75 2 0.0174886 0.00100432
9.1 1.25 1 0.8 2 0.0166538 0.00107892
9.1 1.25 1 0.85 2 0.015626 0.00121215
9.1 1.25 1 0.9 2 0.0145091 0.00132969
9.1 1.25 1 0.95 2 0.0132448 0.00140847
9.1 1.25 1 1 2 0.0117104 0.00151839
9.1 1.25 1 1.05 2 0.0099025 0.00168865
9.1 1.25 1 1.1 2 0.0077566 0.00188654
9.1 1.25 1 1.15 2 0.00477519 0.0020384
9.1 1.25 1 1.2 2 0.000697013 0.00236129

9.2 1.25 1 0 2 0.0219308 -nan
9.2 1.25 1 0.05 2 0.0219122 5.56555e-05
9.2 1.25 1 0.1 2 0.0218726 0.000114805
9.2 1.25 1 0.15 2 0.0217872 0.000169618
9.2 1.25 1 0.2 2 0.0216739 0.000222466
9.2 1.25 1 0.25 2 0.0215174 0.000290735
9.2 1.25 1 0.3 2 0.0213468 0.000345914
9.2 1.25 1 0.35 2 0.0211159 0.000409639
9.2 1.25 1 0.4 2 0.0208364 0.000450973
9.2 1.25 1 0.45 2 0.0205256 0.000540037
9.2 1.25 1 0.5 2 0.0201622 0.00060607
9.2 1.25 1 0.55 2 0.0197358 0.00067805
9.2 1.25 1 0.6 2 0.0192341 0.000753384
9.2 1.25 1 0.65 2 0.0186735 0.000785745
9.2 1.25 1 0.7 2 0.0180646 0.000890966
9.2 1.25 1 0.75 2 0.0172703 0.000978624
9.2 1.25 1 0.8 2 0.0164526 0.00104425
9.2 1.25 1 0.85 2 0.0155167 0.00115304
9.2 1.25 1 0.9 2 0.0144236 0.00132156
9.2 1.25 1 0.95 2 0.0132584 0.00135465
9.2 1.25 1 1 2 0.011656 0.00149897
9.2 1.25 1 1.05 2 0.00976186 0.00168995
9.2 1.25 1 1.1 2 0.00780007 0.00181925
9.2 1.25 1 1.15 2 0.00497687 0.00202001
9.2 1.25 1 1.2 2 0.000857482 0.00236124

9.3 1.25 1 0 2 0.0217174 -nan
9.3 1.25 1 0.05 2 0.0217017 5.5599e-05
9.3 1.25 1 0.1 2 0.0216516 0.000110962
9.3 1.25 1 0.15 2 0.0215743 0.000167924
9.3 1.25 1 0.2 2 0.0214641 0.000223119
9.3 1.25 1 0.25 2 0.0213227 0.000280701
9.3 1.25 1 0.3 2 0.0211256 0.000342171
9.3 1.25 1 0.35 2 0.0208928 0.000413492
9.3 1.25 1 0.4 2 0.020616 0.000458215
9.3 1.25 1 0.45 2 0.0203415 0.000518941
9.3 1.25 1 0.5 2 0.0199695 0.000601566
9.3 1.25 1 0.55 2 0.0195738 0.000670594
9.3 1.25 1 0.6 2 0.0190743 0.000738583
9.3 1.25 1 0.65 2 0.018525 0.000805205
9.3 1.25 1 0.7 2 0.0178703 0.000907107
9.3 1.25 1 0.75 2 0.017181 0.00096413
9.3 1.25 1 0.8 2 0.0163876 0.00108259
9.3 1.25 1 0.85 2 0.0153216 0.00113364
9.3 1.25 1 0.9 2 0.0143605 0.00126618
9.3 1.25 1 0.95 2 0.0130761 0.00131044
9.3 1.25 1 1 2 0.0116216 0.00144582
9.3 1.25 1 1.05 2 0.00987075 0.00175289
9.3 1.25 1 1.1 2 0.00765551 0.00181306
9.3 1.25 1 1.15 2 0.00481487 0.00204652
9.3 1.25 1 1.2 2 0.000971227 0.00240343

9.4 1.25 1 0 2 0.021508 -nan
9.4 1.25 1 0.05 2 0.0214928 5.5124e-05
9.4 1.25 1 0.1 2 0.0214485 0.000109617
9.4 1.25 1 0.15 2 0.0213605 0.000165754
9.4 1.25 1 0.2 2 0.0212646 0.000222742
9.4 1.25 1 0.25 2 0.0211095 0.000275491
9.4 1.25 1 0.3 2 0.020942 0.00032627
9.4 1.25 1 0.35 2 0.0207183 0.000390496
9.4 1.25 1 0.4 2 0.0204619 0.000464147
9.4 1.25 1 0.45 2 0.0201319 0.000509227
9.4 1.25 1 0.5 2 0.0198069 0.000571993
9.4 1.25 1 0.55 2 0.0193918 0.000672961
9.4 1.25 1 0.6 2 0.0189171 0.000732775
9.4 1.25 1 0.65 2 0.0183961 0.000816474
9.4 1.25 1 0.7 2 0.0177821 0.000894605
9.4 1.25 1 0.75 2 0.0170339 0.000994835
9.4 1.25 1 0.8 2 0.0162643 0.00104422
9.4 1.25 1 0.85 2 0.0153055 0.0011483
9.4 1.25 1 0.9 2 0.0143196 0.00123913
9.4 1.25 1 0.95 2 0.0130202 0.00128703
9.4 1.25 1 1 2 0.0114817 0.00149856
9.4 1.25 1 1.05 2 0.00982102 0.00162333
9.4 1.25 1 1.1 2 0.00773812 0.00175798
9.4 1.25 1 1.15 2 0.0049113 0.00203219
9.4 1.25 1 1.2 2 0.0010543 0.00235436

9.5 1.25 1 0 2 0.0213027 1.91997e-09
9.5 1.25 1 0.05 2 0.0212896 5.32389e-05
9.5 1.25 1 0.1 2 0.0212424 0.000112103
9.5 1.25 1 0.15 2 0.0211774 0.000163567
9.5 1.25 1 0.2 2 0.0210728 0.000225094
9.5 1.25 1 0.25 2 0.0209235 0.000279382
9.5 1.25 1 0.3 2 0.0207372 0.000343567
9.5 1.25 1 0.35 2 0.0205526 0.000374762
9.5 1.25 1 0.4 2 0.0202834 0.000456986
9.5 1.25 1 0.45 2 0.0199756 0.000528379
9.5 1.25 1 0.5 2 0.0195962 0.000587878
9.5 1.25 1 0.55 2 0.0192614 0.000666847
9.5 1.25 1 0.6 2 0.0187456 0.000675123
9.5 1.25 1 0.65 2 0.0181925 0.000830698
9.5 1.25 1 0.7 2 0.0175759 0.00088917
9.5 1.25 1 0.75 2 0.0168972 0.000966158
9.5 1.25 1 0.8 2 0.0161598 0.00102765
9.5 1.25 1 0.85 2 0.0152178 0.00110859
9.5 1.25 1 0.9 2 0.0141793 0.00122782
9.5 1.25 1 0.95 2 0.0129075 0.00137908
9.5 1.25 1 1 2 0.0116457 0.00147959
9.5 1.25 1 1.05 2 0.00975314 0.00160127
9.5 1.25 1 1.1 2 0.00766769 0.00183635
9.5 1.25 1 1.15 2 0.00491055 0.00196476
9.5 1.25 1 1.2 2 0.00119819 0.00238319

9.6 1.25 1 0 2 0.0211012 -nan
9.6 1.25 1 0.05 2 0.0210845 5.5011e-05
9.6 1.25 1 0.1 2 0.0210448 0.000109981
9.6 1.25 1 0.15 2 0.0209722 0.000156829
9.6 1.25 1 0.2 2 0.0208514 0.00022204
9.6 1.25 1 0.25 2 0.0207135 0.000272238
9.6 1.25 1 0.3 2 0.0205513 0.000327298
9.6 1.25 1 0.35 2 0.0203353 0.000405534
9.6 1.25 1 0.4 2 0.0200825 0.000468876
9.6 1.25 1 0.45 2 0.0198257 0.000515942
9.6 1.25 1 0.5 2 0.0194977 0.000569206
9.6 1.25 1 0.55 2 0.0190337 0.000629295
9.6 1.25 1 0.6 2 0.0185859 0.00072804
9.6 1.25 1 0.65 2 0.0180672 0.000766223
9.6 1.25 1 0.7 2 0.0174716 0.000867067
9.6 1.25 1 0.75 2 0.0167927 0.000925938
9.6 1.25 1 0.8 2 0.015995 0.00100511
9.6 1.25 1 0.85 2 0.0151097 0.00111997
9.6 1.25 1 0.9 2 0.0141093 0.00122114
9.6 1.25 1 0.95 2 0.0129015 0.00136027
9.6 1.25 1 1 2 0.0114524 0.00143088
9.6 1.25 1 1.05 2 0.00970674 0.00161712
9.6 1.25 1 1.1 2 0.0076968 0.0017476
9.6 1.25 1 1.15 2 0.00509319 0.00195889
9.6 1.25 1 1.2 2 0.00121317 0.00228632

9.7 1.25 1 0 2 0.0209036 3.9444e-09
9.7 1.25 1 0.05 2 0.0208901 5.23954e-05
9.7 1.25 1 0.1 2 0.0208483 0.000108513
9.7 1.25 1 0.15 2 0.020774 0.000157701
9.7 1.25 1 0.2 2 0.0206729 0.000228065
9.7 1.25 1 0.25 2 0.0205294 0.000273623
9.7 1.25 1 0.3 2 0.0203731 0.000322415
9.7 1.25 1 0.35 2 0.0201643 0.000380763
9.7 1.25 1 0.4 2 0.0199185 0.000460043
9.7 1.25 1 0.45 2 0.019603 0.000512638
9.7 1.25 1 0.5 2 0.0192554 0.000586847
9.7 1.25 1 0.55 2 0.0188664 0.000651807
9.7 1.25 1 0.6 2 0.0184525 0.000700673
9.7 1.25 1 0.65 2 0.0179528 0.000765179
9.7 1.25 1 0.7 2 0.0173107 0.000850042
9.7 1.25 1 0.75 2 0.0166345 0.000967582
9.7 1.25 1 0.8 2 0.0159316 0.00101479
9.7 1.25 1 0.85 2 0.015013 0.00112051
9.7 1.25 1 0.9 2 0.013962 0.00117255
9.7 1.25 1 0.95 2 0.0127681 0.00131258
9.7 1.25 1 1 2 0.0114035 0.00142252
9.7 1.25 1 1.05 2 0.00972542 0.0015854
9.7 1.25 1 1.1 2 0.00773329 0.00178343
9.7 1.25 1 1.15 2 0.00509835 0.00200921
9.7 1.25 1 1.2 2 0.00137323 0.00221808

9.8 1.25 1 0 2 0.0207096 -nan
9.8 1.25 1 0.05 2 0.020697 5.42855e-05
9.8 1.25 1 0.1 2 0.0206535 0.000108572
9.8 1.25 1 0.15 2 0.0205871 0.000162507
9.8 1.25 1 0.2 2 0.0204833 0.000215643
9.8 1.25 1 0.25 2 0.0203593 0.000262405
9.8 1.25 1 0.3 2 0.0201731 0.000312418
9.8 1.25 1 0.35 2 0.0199847 0.000382413
9.8 1.25 1 0.4 2 0.0197537 0.000429407
9.8 1.25 1 0.45 2 0.0194467 0.000534822
9.8 1.25 1 0.5 2 0.0190895 0.000593252
9.8 1.25 1 0.55 2 0.0187286 0.000662911
9.8 1.25 1 0.6 2 0.0182821 0.000694157
9.8 1.25 1 0.65 2 0.0177787 0.000770201
9.8 1.25 1 0.7 2 0.0171894 0.000834632
9.8 1.25 1 0.75 2 0.0165235 0.000944486
9.8 1.25 1 0.8 2 0.0157919 0.00101744
9.8 1.25 1 0.85 2 0.0148997 0.00111614
9.8 1.25 1 0.9 2 0.0139267 0.00122847
9.8 1.25 1 0.95 2 0.0126849 0.00134484
9.8 1.25 1 1 2 0.0113728 0.00148767
9.8 1.25 1 1.05 2 0.00971342 0.00159914
9.8 1.25 1 1.1 2 0.00771281 0.00169241
9.8 1.25 1 1.15 2 0.00514389 0.00195919
9.8 1.25 1 1.2 2 0.00134555 0.00223749

9.9 1.25 1 0 2 0.0205192 -nan
9.9 1.25 1 0.05 2 0.0205065 5.33603e-05
9.9 1.25 1 0.1 2 0.0204663 0.000105289
9.9 1.25 1 0.15 2 0.0203854 0.000157213
9.9 1.25 1 0.2 2 0.0203042 0.000213439
9.9 1.25 1 0.25 2 0.0201679 0.000273093
9.9 1.25 1 0.3 2 0.0199955 0.000317563
9.9 1.25 1 0.35 2 0.019823 0.000390209
9.9 1.25 1 0.4 2 0.0195875 0.000443597
9.9 1.25 1 0.45 2 0.0192766 0.000495358
9.9 1.25 1 0.5 2 0.0189345 0.000576105
9.9 1.25 1 0.55 2 0.0185773 0.000617115
9.9 1.25 1 0.6 2 0.0181326 0.000678622
9.9 1.25 1 0.65 2 0.0176648 0.000783763
9.9 1.25 1 0.7 2 0.0170634 0.000823212
9.9 1.25 1 0.75 2 0.0164291 0.00093886
9.9 1.25 1 0.8 2 0.0157025 0.0009735
9.9 1.25 1 0.85 2 0.0148604 0.00108691
9.9 1.25 1 0.9 2 0.0137555 0.00119293
9.9 1.25 1 0.95 2 0.0126861 0.00132675
9.9 1.25 1 1 2 0.011252 0.00150303
9.9 1.25 1 1.05 2 0.00971479 0.00155999
9.9 1.25 1 1.1 2 0.0077434 0.00174719
9.9 1.25 1 1.15 2 0.00521706 0.00193945
9.9 1.25 1 1.2 2 0.00154302 0.00223187

10 1.25 1 0 2 0.0203322 9.87817e-10
10 1.25 1 0.05 2 0.0203194 5.24821e-05
10 1.25 1 0.1 2 0.02028 0.000103617
10 1.25 1 0.15 2 0.0202046 0.00016195
10 1.25 1 0.2 2 0.0201115 0.000211583
10 1.25 1 0.25 2 0.0200019 0.000253558
10 1.25 1 0.3 2 0.019807 0.000326413
10 1.25 1 0.35 2 0.0196386 0.000382603
10 1.25 1 0.4 2 0.0194099 0.000444048
10 1.25 1 0.45 2 0.0191118 0.000514222
10 1.25 1 0.5 2 0.0188008 0.000575354
10 1.25 1 0.55 2 0.018401 0.000655326
10 1.25 1 0.6 2 0.0180002 0.000702884
10 1.25 1 0.65 2 0.0174854 0.000767037
10 1.25 1 0.7 2 0.0169883 0.000836601
10 1.25 1 0.75 2 0.0162895 0.000882534
10 1.25 1 0.8 2 0.0155199 0.000962897
10 1.25 1 0.85 2 0.0147285 0.00110953
10 1.25 1 0.9 2 0.0137319 0.00122161
10 1.25 1 0.95 2 0.0126223 0.00135043
10 1.25 1 1 2 0.0113432 0.0014185
10 1.25 1 1.05 2 0.00974024 0.00153712
10 1.25 1 1.1 2 0.0077056 0.00171733
10 1.25 1 1.15 2 0.00515775 0.00186221
10 1.25 1 1.2 2 0.00160701 0.00225351

