alpha b0 d sigma tau Gmean Gstd
0 1.25 1 0 1 0.250002 6.5166e-08
0 1.25 1 0.05 1 0.250006 0.00156414
0 1.25 1 0.1 1 0.250036 0.00317243
0 1.25 1 0.15 1 0.250028 0.00474263
0 1.25 1 0.2 1 0.249997 0.00634258
0 1.25 1 0.25 1 0.250125 0.00798291
0 1.25 1 0.3 1 0.249982 0.00944893
0 1.25 1 0.35 1 0.250025 0.0109825
0 1.25 1 0.4 1 0.250083 0.0126793
0 1.25 1 0.45 1 0.249832 0.0143015
0 1.25 1 0.5 1 0.250086 0.0157872
0 1.25 1 0.55 1 0.249799 0.0172683
0 1.25 1 0.6 1 0.249646 0.0188132
0 1.25 1 0.65 1 0.249922 0.0205527
0 1.25 1 0.7 1 0.250086 0.0222031
0 1.25 1 0.75 1 0.250123 0.0237405
0 1.25 1 0.8 1 0.250148 0.0254
0 1.25 1 0.85 1 0.250485 0.0267213
0 1.25 1 0.9 1 0.249931 0.0283262
0 1.25 1 0.95 1 0.249994 0.0298869
0 1.25 1 1 1 0.250332 0.0318767
0 1.25 1 1.05 1 0.24972 0.0332497
0 1.25 1 1.1 1 0.250339 0.0346581
0 1.25 1 1.15 1 0.250139 0.0367001
0 1.25 1 1.2 1 0.249867 0.037875

0.1 1.25 1 0 1 0.222499 -nan
0.1 1.25 1 0.05 1 0.222315 0.00137532
0.1 1.25 1 0.1 1 0.221837 0.00276734
0.1 1.25 1 0.15 1 0.220984 0.00411621
0.1 1.25 1 0.2 1 0.219793 0.00549116
0.1 1.25 1 0.25 1 0.218337 0.00687241
0.1 1.25 1 0.3 1 0.216623 0.00830915
0.1 1.25 1 0.35 1 0.214435 0.0097361
0.1 1.25 1 0.4 1 0.21187 0.0109305
0.1 1.25 1 0.45 1 0.209091 0.01246
0.1 1.25 1 0.5 1 0.205891 0.0138733
0.1 1.25 1 0.55 1 0.202539 0.0152125
0.1 1.25 1 0.6 1 0.198529 0.0165769
0.1 1.25 1 0.65 1 0.194958 0.0179038
0.1 1.25 1 0.7 1 0.189777 0.0194753
0.1 1.25 1 0.75 1 0.185161 0.0206954
0.1 1.25 1 0.8 1 0.180321 0.0221629
0.1 1.25 1 0.85 1 0.174619 0.0235908
0.1 1.25 1 0.9 1 0.168482 0.0253929
0.1 1.25 1 0.95 1 0.162801 0.0262399
0.1 1.25 1 1 1 0.155402 0.0277276
0.1 1.25 1 1.05 1 0.148755 0.0293492
0.1 1.25 1 1.1 1 0.141163 0.0308115
0.1 1.25 1 1.15 1 0.134168 0.0321525
0.1 1.25 1 1.2 1 0.125899 0.0332897

0.2 1.25 1 0 1 0.200802 -nan
0.2 1.25 1 0.05 1 0.200567 0.00122388
0.2 1.25 1 0.1 1 0.199919 0.00244101
0.2 1.25 1 0.15 1 0.198747 0.00364378
0.2 1.25 1 0.2 1 0.197167 0.00492354
0.2 1.25 1 0.25 1 0.195122 0.0060967
0.2 1.25 1 0.3 1 0.192519 0.00734532
0.2 1.25 1 0.35 1 0.189424 0.00871194
0.2 1.25 1 0.4 1 0.186163 0.00984222
0.2 1.25 1 0.45 1 0.182085 0.0111572
0.2 1.25 1 0.5 1 0.177615 0.0122449
0.2 1.25 1 0.55 1 0.172799 0.0135504
0.2 1.25 1 0.6 1 0.167056 0.0149242
0.2 1.25 1 0.65 1 0.161036 0.0161069
0.2 1.25 1 0.7 1 0.155039 0.0173157
0.2 1.25 1 0.75 1 0.147856 0.0186872
0.2 1.25 1 0.8 1 0.140347 0.0200805
0.2 1.25 1 0.85 1 0.132143 0.0213887
0.2 1.25 1 0.9 1 0.123536 0.0227524
0.2 1.25 1 0.95 1 0.114402 0.0237864
0.2 1.25 1 1 1 0.10466 0.0254134
0.2 1.25 1 1.05 1 0.0940018 0.026609
0.2 1.25 1 1.1 1 0.0831747 0.0280529
0.2 1.25 1 1.15 1 0.0717959 0.0294602
0.2 1.25 1 1.2 1 0.0597473 0.0307755

0.3 1.25 1 0 1 0.183175 3.71597e-08
0.3 1.25 1 0.05 1 0.182927 0.00111035
0.3 1.25 1 0.1 1 0.182204 0.00223147
0.3 1.25 1 0.15 1 0.180895 0.00331247
0.3 1.25 1 0.2 1 0.179143 0.00439738
0.3 1.25 1 0.25 1 0.176793 0.00552591
0.3 1.25 1 0.3 1 0.173849 0.0066071
0.3 1.25 1 0.35 1 0.170768 0.00786793
0.3 1.25 1 0.4 1 0.166882 0.00894003
0.3 1.25 1 0.45 1 0.162542 0.00984139
0.3 1.25 1 0.5 1 0.157501 0.0111864
0.3 1.25 1 0.55 1 0.152177 0.0122989
0.3 1.25 1 0.6 1 0.146057 0.0135392
0.3 1.25 1 0.65 1 0.139155 0.0146476
0.3 1.25 1 0.7 1 0.131856 0.0157844
0.3 1.25 1 0.75 1 0.123869 0.0169823
0.3 1.25 1 0.8 1 0.115342 0.0182468
0.3 1.25 1 0.85 1 0.10621 0.0193878
0.3 1.25 1 0.9 1 0.0961259 0.0207372
0.3 1.25 1 0.95 1 0.0857795 0.0219834
0.3 1.25 1 1 1 0.0737115 0.0232911
0.3 1.25 1 1.05 1 0.0623528 0.0245353
0.3 1.25 1 1.1 1 0.0491587 0.0260377
0.3 1.25 1 1.15 1 0.0354835 0.0267759
0.3 1.25 1 1.2 1 0.0203012 0.0283701

0.4 1.25 1 0 1 0.168531 -nan
0.4 1.25 1 0.05 1 0.168277 0.00100985
0.4 1.25 1 0.1 1 0.167498 0.00199869
0.4 1.25 1 0.15 1 0.166239 0.003005
0.4 1.25 1 0.2 1 0.164497 0.0040319
0.4 1.25 1 0.25 1 0.162164 0.0050567
0.4 1.25 1 0.3 1 0.159369 0.00607449
0.4 1.25 1 0.35 1 0.155813 0.00707539
0.4 1.25 1 0.4 1 0.151942 0.00809533
0.4 1.25 1 0.45 1 0.147488 0.00914222
0.4 1.25 1 0.5 1 0.142311 0.0101848
0.4 1.25 1 0.55 1 0.136777 0.0112745
0.4 1.25 1 0.6 1 0.130651 0.0123428
0.4 1.25 1 0.65 1 0.123841 0.0136018
0.4 1.25 1 0.7 1 0.115975 0.0146094
0.4 1.25 1 0.75 1 0.108147 0.0155688
0.4 1.25 1 0.8 1 0.0991747 0.0170608
0.4 1.25 1 0.85 1 0.0897536 0.0179662
0.4 1.25 1 0.9 1 0.0789151 0.0191896
0.4 1.25 1 0.95 1 0.0675337 0.0202177
0.4 1.25 1 1 1 0.0557506 0.0220063
0.4 1.25 1 1.05 1 0.0424786 0.0230404
0.4 1.25 1 1.1 1 0.0282352 0.0242782
0.4 1.25 1 1.15 1 0.0128687 0.0256721
0.4 1.25 1 1.2 1 -0.00338575 0.026953

0.5 1.25 1 0 1 0.156146 5.79519e-08
0.5 1.25 1 0.05 1 0.1559 0.000917346
0.5 1.25 1 0.1 1 0.155176 0.00184844
0.5 1.25 1 0.15 1 0.153944 0.00276508
0.5 1.25 1 0.2 1 0.152168 0.00372912
0.5 1.25 1 0.25 1 0.149911 0.00459402
0.5 1.25 1 0.3 1 0.147119 0.00567326
0.5 1.25 1 0.35 1 0.14388 0.00642996
0.5 1.25 1 0.4 1 0.140051 0.00756365
0.5 1.25 1 0.45 1 0.135573 0.00843739
0.5 1.25 1 0.5 1 0.130726 0.009528
0.5 1.25 1 0.55 1 0.124992 0.0104785
0.5 1.25 1 0.6 1 0.119286 0.0115547
0.5 1.25 1 0.65 1 0.11224 0.0126238
0.5 1.25 1 0.7 1 0.104884 0.013529
0.5 1.25 1 0.75 1 0.0964945 0.0146404
0.5 1.25 1 0.8 1 0.0877359 0.0157784
0.5 1.25 1 0.85 1 0.0781388 0.0166275
0.5 1.25 1 0.9 1 0.0673848 0.0180519
0.5 1.25 1 0.95 1 0.0561034 0.0190648
0.5 1.25 1 1 1 0.043858 0.0204467
0.5 1.25 1 1.05 1 0.0302275 0.0214189
0.5 1.25 1 1.1 1 0.0157391 0.023047
0.5 1.25 1 1.15 1 -0.000381023 0.0241086
0.5 1.25 1 1.2 1 -0.0179864 0.0257734

0.6 1.25 1 0 1 0.145521 -nan
0.6 1.25 1 0.05 1 0.145278 0.000846349
0.6 1.25 1 0.1 1 0.144569 0.00171719
0.6 1.25 1 0.15 1 0.143434 0.0025586
0.6 1.25 1 0.2 1 0.141825 0.00345685
0.6 1.25 1 0.25 1 0.139653 0.00432232
0.6 1.25 1 0.3 1 0.136906 0.00521407
0.6 1.25 1 0.35 1 0.133857 0.0060585
0.6 1.25 1 0.4 1 0.13017 0.00703349
0.6 1.25 1 0.45 1 0.125861 0.00796292
0.6 1.25 1 0.5 1 0.121329 0.00881761
0.6 1.25 1 0.55 1 0.115921 0.00954289
0.6 1.25 1 0.6 1 0.110023 0.01073
0.6 1.25 1 0.65 1 0.103409 0.011635
0.6 1.25 1 0.7 1 0.096262 0.0126265
0.6 1.25 1 0.75 1 0.0885094 0.0135733
0.6 1.25 1 0.8 1 0.0797705 0.0145069
0.6 1.25 1 0.85 1 0.0702245 0.0159719
0.6 1.25 1 0.9 1 0.0597923 0.0168485
0.6 1.25 1 0.95 1 0.0485299 0.0180128
0.6 1.25 1 1 1 0.0361116 0.0190898
0.6 1.25 1 1.05 1 0.0222518 0.0202005
0.6 1.25 1 1.1 1 0.00821351 0.0215171
0.6 1.25 1 1.15 1 -0.00846714 0.0231453
0.6 1.25 1 1.2 1 -0.0258658 0.0246059

0.7 1.25 1 0 1 0.136295 -nan
0.7 1.25 1 0.05 1 0.136067 0.000802062
0.7 1.25 1 0.1 1 0.135414 0.00162176
0.7 1.25 1 0.15 1 0.134283 0.00242126
0.7 1.25 1 0.2 1 0.132699 0.00323641
0.7 1.25 1 0.25 1 0.130671 0.00402855
0.7 1.25 1 0.3 1 0.128254 0.00481052
0.7 1.25 1 0.35 1 0.125346 0.00567141
0.7 1.25 1 0.4 1 0.121867 0.00651945
0.7 1.25 1 0.45 1 0.117834 0.00740515
0.7 1.25 1 0.5 1 0.113249 0.0081883
0.7 1.25 1 0.55 1 0.108318 0.0090627
0.7 1.25 1 0.6 1 0.102845 0.0101392
0.7 1.25 1 0.65 1 0.0963528 0.0108112
0.7 1.25 1 0.7 1 0.0894769 0.0118709
0.7 1.25 1 0.75 1 0.0821457 0.0128703
0.7 1.25 1 0.8 1 0.0738311 0.0136593
0.7 1.25 1 0.85 1 0.0644377 0.0147476
0.7 1.25 1 0.9 1 0.0547305 0.015798
0.7 1.25 1 0.95 1 0.0436535 0.0170337
0.7 1.25 1 1 1 0.0312629 0.0183215
0.7 1.25 1 1.05 1 0.0183964 0.0192518
0.7 1.25 1 1.1 1 0.00373034 0.0204418
0.7 1.25 1 1.15 1 -0.0122958 0.0218514
0.7 1.25 1 1.2 1 -0.0305005 0.0230052

0.8 1.25 1 0 1 0.128967 -nan
0.8 1.25 1 0.05 1 0.12877 0.000756519
0.8 1.25 1 0.1 1 0.128139 0.00151758
0.8 1.25 1 0.15 1 0.127079 0.00228091
0.8 1.25 1 0.2 1 0.125639 0.00301818
0.8 1.25 1 0.25 1 0.123812 0.00374164
0.8 1.25 1 0.3 1 0.12146 0.00458045
0.8 1.25 1 0.35 1 0.118457 0.00533624
0.8 1.25 1 0.4 1 0.115308 0.00612669
0.8 1.25 1 0.45 1 0.111589 0.0068939
0.8 1.25 1 0.5 1 0.107343 0.00774752
0.8 1.25 1 0.55 1 0.102479 0.00863573
0.8 1.25 1 0.6 1 0.0973536 0.00947302
0.8 1.25 1 0.65 1 0.0914554 0.0103399
0.8 1.25 1 0.7 1 0.0847156 0.0110988
0.8 1.25 1 0.75 1 0.0775799 0.0120674
0.8 1.25 1 0.8 1 0.0694879 0.0132645
0.8 1.25 1 0.85 1 0.0607412 0.0139947
0.8 1.25 1 0.9 1 0.0512552 0.0149287
0.8 1.25 1 0.95 1 0.0406 0.0161552
0.8 1.25 1 1 1 0.0292741 0.0172512
0.8 1.25 1 1.05 1 0.0159806 0.0184767
0.8 1.25 1 1.1 1 0.0017839 0.0193587
0.8 1.25 1 1.15 1 -0.0144331 0.0212038
0.8 1.25 1 1.2 1 -0.0324466 0.0228675

0.9 1.25 1 0 1 0.121721 -nan
0.9 1.25 1 0.05 1 0.121522 0.000703694
0.9 1.25 1 0.1 1 0.120943 0.0014295
0.9 1.25 1 0.15 1 0.120002 0.0021361
0.9 1.25 1 0.2 1 0.118668 0.00288
0.9 1.25 1 0.25 1 0.116821 0.00361068
0.9 1.25 1 0.3 1 0.114621 0.00438139
0.9 1.25 1 0.35 1 0.112043 0.00503774
0.9 1.25 1 0.4 1 0.109051 0.00582298
0.9 1.25 1 0.45 1 0.105422 0.00663124
0.9 1.25 1 0.5 1 0.101357 0.00735926
0.9 1.25 1 0.55 1 0.0970501 0.00816197
0.9 1.25 1 0.6 1 0.0920959 0.00896143
0.9 1.25 1 0.65 1 0.0864608 0.00977246
0.9 1.25 1 0.7 1 0.0803375 0.0106403
0.9 1.25 1 0.75 1 0.0734941 0.0114944
0.9 1.25 1 0.8 1 0.065992 0.0123887
0.9 1.25 1 0.85 1 0.0576578 0.0132654
0.9 1.25 1 0.9 1 0.048398 0.0141266
0.9 1.25 1 0.95 1 0.0385214 0.0154491
0.9 1.25 1 1 1 0.0272779 0.0163885
0.9 1.25 1 1.05 1 0.0150215 0.0178544
0.9 1.25 1 1.1 1 0.000984272 0.0189157
0.9 1.25 1 1.15 1 -0.0146454 0.0203928
0.9 1.25 1 1.2 1 -0.0323138 0.0217186

1 1.25 1 0 1 0.115265 -nan
1 1.25 1 0.05 1 0.115076 0.000667324
1 1.25 1 0.1 1 0.114525 0.00133427
1 1.25 1 0.15 1 0.113637 0.00202468
1 1.25 1 0.2 1 0.112413 0.00273514
1 1.25 1 0.25 1 0.110683 0.003387
1 1.25 1 0.3 1 0.108625 0.00403879
1 1.25 1 0.35 1 0.106226 0.00472398
1 1.25 1 0.4 1 0.10339 0.00553525
1 1.25 1 0.45 1 0.100089 0.00623928
1 1.25 1 0.5 1 0.0964738 0.00688584
1 1.25 1 0.55 1 0.0921206 0.00776541
1 1.25 1 0.6 1 0.087563 0.00841354
1 1.25 1 0.65 1 0.0823485 0.0090883
1 1.25 1 0.7 1 0.0763709 0.0100393
1 1.25 1 0.75 1 0.0697848 0.0108445
1 1.25 1 0.8 1 0.0631455 0.0118229
1 1.25 1 0.85 1 0.0552013 0.0128054
1 1.25 1 0.9 1 0.0464994 0.0135801
1 1.25 1 0.95 1 0.0369074 0.0145909
1 1.25 1 1 1 0.0265981 0.0155488
1 1.25 1 1.05 1 0.0146039 0.0170603
1 1.25 1 1.1 1 0.00119973 0.0182171
1 1.25 1 1.15 1 -0.0137325 0.0194707
1 1.25 1 1.2 1 -0.0313979 0.0208648

1.1 1.25 1 0 1 0.109474 -nan
1.1 1.25 1 0.05 1 0.109297 0.000629707
1.1 1.25 1 0.1 1 0.1088 0.00128721
1.1 1.25 1 0.15 1 0.107999 0.00194299
1.1 1.25 1 0.2 1 0.106755 0.0025632
1.1 1.25 1 0.25 1 0.105236 0.00316504
1.1 1.25 1 0.3 1 0.103374 0.00384317
1.1 1.25 1 0.35 1 0.101037 0.00456566
1.1 1.25 1 0.4 1 0.0984211 0.00522313
1.1 1.25 1 0.45 1 0.0953559 0.00584794
1.1 1.25 1 0.5 1 0.0919111 0.0066322
1.1 1.25 1 0.55 1 0.0879327 0.00729678
1.1 1.25 1 0.6 1 0.0837352 0.00804277
1.1 1.25 1 0.65 1 0.0786588 0.00874088
1.1 1.25 1 0.7 1 0.0733315 0.00943629
1.1 1.25 1 0.75 1 0.0672396 0.0104187
1.1 1.25 1 0.8 1 0.0608608 0.0111519
1.1 1.25 1 0.85 1 0.0532975 0.0120029
1.1 1.25 1 0.9 1 0.045295 0.0129274
1.1 1.25 1 0.95 1 0.0361663 0.0140261
1.1 1.25 1 1 1 0.0258699 0.0149962
1.1 1.25 1 1.05 1 0.0148682 0.0159922
1.1 1.25 1 1.1 1 0.00187744 0.0174656
1.1 1.25 1 1.15 1 -0.0125279 0.0185076
1.1 1.25 1 1.2 1 -0.0294344 0.0202497

1.2 1.25 1 0 1 0.103754 3.59978e-08
1.2 1.25 1 0.05 1 0.1036 0.000600481
1.2 1.25 1 0.1 1 0.10313 0.00119868
1.2 1.25 1 0.15 1 0.102369 0.00181075
1.2 1.25 1 0.2 1 0.101279 0.00239509
1.2 1.25 1 0.25 1 0.0998651 0.0030231
1.2 1.25 1 0.3 1 0.0980564 0.00367632
1.2 1.25 1 0.35 1 0.0959744 0.00426389
1.2 1.25 1 0.4 1 0.0935027 0.00490203
1.2 1.25 1 0.45 1 0.0906725 0.00555034
1.2 1.25 1 0.5 1 0.0874221 0.00626949
1.2 1.25 1 0.55 1 0.0839715 0.00686251
1.2 1.25 1 0.6 1 0.0797936 0.00760076
1.2 1.25 1 0.65 1 0.075389 0.00828795
1.2 1.25 1 0.7 1 0.0702819 0.0090997
1.2 1.25 1 0.75 1 0.064797 0.00985443
1.2 1.25 1 0.8 1 0.0585818 0.0106574
1.2 1.25 1 0.85 1 0.0515913 0.0115441
1.2 1.25 1 0.9 1 0.0440154 0.0122875
1.2 1.25 1 0.95 1 0.0357684 0.0131318
1.2 1.25 1 1 1 0.0261271 0.0143352
1.2 1.25 1 1.05 1 0.015718 0.0154884
1.2 1.25 1 1.1 1 0.00337762 0.0167429
1.2 1.25 1 1.15 1 -0.0107332 0.0177754
1.2 1.25 1 1.2 1 -0.0265562 0.0196791

1.3 1.25 1 0 1 0.0990592 -nan
1.3 1.25 1 0.05 1 0.0989081 0.000574171
1.3 1.25 1 0.1 1 0.0984712 0.00115539
1.3 1.25 1 0.15 1 0.0977472 0.00172171
1.3 1.25 1 0.2 1 0.0967344 0.00228865
1.3 1.25 1 0.25 1 0.0954714 0.00289434
1.3 1.25 1 0.3 1 0.0938133 0.00349052
1.3 1.25 1 0.35 1 0.0917856 0.00404211
1.3 1.25 1 0.4 1 0.0896172 0.0046772
1.3 1.25 1 0.45 1 0.0868755 0.00528885
1.3 1.25 1 0.5 1 0.0838511 0.00590163
1.3 1.25 1 0.55 1 0.0805022 0.00662452
1.3 1.25 1 0.6 1 0.0767354 0.00726162
1.3 1.25 1 0.65 1 0.0726094 0.0079433
1.3 1.25 1 0.7 1 0.0678147 0.00872129
1.3 1.25 1 0.75 1 0.0627273 0.0094021
1.3 1.25 1 0.8 1 0.0567041 0.0101135
1.3 1.25 1 0.85 1 0.0504798 0.011118
1.3 1.25 1 0.9 1 0.0433784 0.0118521
1.3 1.25 1 0.95 1 0.035282 0.0127278
1.3 1.25 1 1 1 0.0263923 0.0137721
1.3 1.25 1 1.05 1 0.0159266 0.0150079
1.3 1.25 1 1.1 1 0.00459362 0.016127
1.3 1.25 1 1.15 1 -0.00835687 0.0174317
1.3 1.25 1 1.2 1 -0.0243084 0.0190283

1.4 1.25 1 0 1 0.094778 6.11702e-08
1.4 1.25 1 0.05 1 0.0946492 0.00054977
1.4 1.25 1 0.1 1 0.0942332 0.00111006
1.4 1.25 1 0.15 1 0.0935617 0.00165415
1.4 1.25 1 0.2 1 0.0926355 0.00222323
1.4 1.25 1 0.25 1 0.0913898 0.00275166
1.4 1.25 1 0.3 1 0.089761 0.00334649
1.4 1.25 1 0.35 1 0.0880437 0.00388123
1.4 1.25 1 0.4 1 0.0859004 0.00446948
1.4 1.25 1 0.45 1 0.0834333 0.00511245
1.4 1.25 1 0.5 1 0.0806484 0.00562657
1.4 1.25 1 0.55 1 0.0774367 0.00632306
1.4 1.25 1 0.6 1 0.0739124 0.00692616
1.4 1.25 1 0.65 1 0.0701297 0.00761385
1.4 1.25 1 0.7 1 0.0658041 0.00825969
1.4 1.25 1 0.75 1 0.0608625 0.00895745
1.4 1.25 1 0.8 1 0.0554014 0.00987178
1.4 1.25 1 0.85 1 0.0493492 0.0104896
1.4 1.25 1 0.9 1 0.0426867 0.0113742
1.4 1.25 1 0.95 1 0.0350819 0.0122872
1.4 1.25 1 1 1 0.0268438 0.0130776
1.4 1.25 1 1.05 1 0.0171965 0.014256
1.4 1.25 1 1.1 1 0.00663273 0.0153659
1.4 1.25 1 1.15 1 -0.00612292 0.0167215
1.4 1.25 1 1.2 1 -0.0212954 0.0184075

1.5 1.25 1 0 1 0.0908575 6.53653e-08
1.5 1.25 1 0.05 1 0.0907341 0.000522418
1.5 1.25 1 0.1 1 0.0903685 0.00103301
1.5 1.25 1 0.15 1 0.0897148 0.00157549
1.5 1.25 1 0.2 1 0.0888122 0.00209718
1.5 1.25 1 0.25 1 0.0876976 0.00264348
1.5 1.25 1 0.3 1 0.0863433 0.00320187
1.5 1.25 1 0.35 1 0.0845627 0.0037689
1.5 1.25 1 0.4 1 0.0826194 0.00430855
1.5 1.25 1 0.45 1 0.0803418 0.00485829
1.5 1.25 1 0.5 1 0.0776923 0.0054368
1.5 1.25 1 0.55 1 0.0747463 0.00612222
1.5 1.25 1 0.6 1 0.07142 0.00665322
1.5 1.25 1 0.65 1 0.0677374 0.00728755
1.5 1.25 1 0.7 1 0.0637615 0.0078899
1.5 1.25 1 0.75 1 0.0590563 0.00870273
1.5 1.25 1 0.8 1 0.0539683 0.00924194
1.5 1.25 1 0.85 1 0.04839 0.00989101
1.5 1.25 1 0.9 1 0.042164 0.0107856
1.5 1.25 1 0.95 1 0.0348923 0.0117494
1.5 1.25 1 1 1 0.0272661 0.0126419
1.5 1.25 1 1.05 1 0.0181115 0.0135934
1.5 1.25 1 1.1 1 0.00794814 0.0149331
1.5 1.25 1 1.15 1 -0.0042669 0.0160939
1.5 1.25 1 1.2 1 -0.0186952 0.0176162

1.6 1.25 1 0 1 0.0872534 5.1121e-08
1.6 1.25 1 0.05 1 0.0871343 0.000505803
1.6 1.25 1 0.1 1 0.0867659 0.00101396
1.6 1.25 1 0.15 1 0.0861805 0.00150215
1.6 1.25 1 0.2 1 0.0853607 0.00201731
1.6 1.25 1 0.25 1 0.0842728 0.00254444
1.6 1.25 1 0.3 1 0.0829864 0.00307201
1.6 1.25 1 0.35 1 0.0813938 0.00356433
1.6 1.25 1 0.4 1 0.0795144 0.00413973
1.6 1.25 1 0.45 1 0.0773752 0.00465767
1.6 1.25 1 0.5 1 0.0749106 0.00524599
1.6 1.25 1 0.55 1 0.0722282 0.00583688
1.6 1.25 1 0.6 1 0.0691452 0.00639477
1.6 1.25 1 0.65 1 0.0654986 0.00703441
1.6 1.25 1 0.7 1 0.0617999 0.00761466
1.6 1.25 1 0.75 1 0.0575721 0.0083561
1.6 1.25 1 0.8 1 0.0528207 0.00914029
1.6 1.25 1 0.85 1 0.0474156 0.00968051
1.6 1.25 1 0.9 1 0.0414667 0.0104397
1.6 1.25 1 0.95 1 0.0350109 0.0112328
1.6 1.25 1 1 1 0.0273635 0.0120707
1.6 1.25 1 1.05 1 0.0189028 0.013213
1.6 1.25 1 1.1 1 0.00925468 0.0144931
1.6 1.25 1 1.15 1 -0.00210749 0.0156189
1.6 1.25 1 1.2 1 -0.0158877 0.0172585

1.7 1.25 1 0 1 0.0839283 -nan
1.7 1.25 1 0.05 1 0.0838148 0.000487818
1.7 1.25 1 0.1 1 0.0834908 0.000960628
1.7 1.25 1 0.15 1 0.082921 0.00145618
1.7 1.25 1 0.2 1 0.0821599 0.00195065
1.7 1.25 1 0.25 1 0.0811441 0.00245123
1.7 1.25 1 0.3 1 0.0798618 0.00295147
1.7 1.25 1 0.35 1 0.0783718 0.00343703
1.7 1.25 1 0.4 1 0.0767358 0.00397017
1.7 1.25 1 0.45 1 0.0746924 0.00444799
1.7 1.25 1 0.5 1 0.0724632 0.00500604
1.7 1.25 1 0.55 1 0.0698937 0.00555497
1.7 1.25 1 0.6 1 0.0670393 0.00614952
1.7 1.25 1 0.65 1 0.0638576 0.00666097
1.7 1.25 1 0.7 1 0.0601697 0.00730649
1.7 1.25 1 0.75 1 0.0560544 0.00798778
1.7 1.25 1 0.8 1 0.051442 0.00859899
1.7 1.25 1 0.85 1 0.0467817 0.00931468
1.7 1.25 1 0.9 1 0.0409603 0.0100815
1.7 1.25 1 0.95 1 0.0346965 0.0108585
1.7 1.25 1 1 1 0.0278672 0.0118468
1.7 1.25 1 1.05 1 0.0198812 0.0126611
1.7 1.25 1 1.1 1 0.0107114 0.0138187
1.7 1.25 1 1.15 1 -0.000303232 0.0150063
1.7 1.25 1 1.2 1 -0.0134907 0.0164033

1.8 1.25 1 0 1 0.0808508 -nan
1.8 1.25 1 0.05 1 0.0807447 0.000463937
1.8 1.25 1 0.1 1 0.0804399 0.000924998
1.8 1.25 1 0.15 1 0.0799219 0.00140021
1.8 1.25 1 0.2 1 0.0791719 0.00185768
1.8 1.25 1 0.25 1 0.0782542 0.00233309
1.8 1.25 1 0.3 1 0.0770816 0.00283792
1.8 1.25 1 0.35 1 0.0757099 0.0032984
1.8 1.25 1 0.4 1 0.074037 0.00377009
1.8 1.25 1 0.45 1 0.0721645 0.00429182
1.8 1.25 1 0.5 1 0.0700869 0.00486723
1.8 1.25 1 0.55 1 0.067714 0.00533437
1.8 1.25 1 0.6 1 0.0649666 0.00595025
1.8 1.25 1 0.65 1 0.0619614 0.00657295
1.8 1.25 1 0.7 1 0.0584879 0.00706804
1.8 1.25 1 0.75 1 0.0548197 0.00768698
1.8 1.25 1 0.8 1 0.0506848 0.00835156
1.8 1.25 1 0.85 1 0.0459105 0.00906665
1.8 1.25 1 0.9 1 0.040637 0.00976393
1.8 1.25 1 0.95 1 0.0348578 0.0103667
1.8 1.25 1 1 1 0.0284466 0.011255
1.8 1.25 1 1.05 1 0.0207082 0.0122049
1.8 1.25 1 1.1 1 0.0120299 0.0133111
1.8 1.25 1 1.15 1 0.00147167 0.0146767
1.8 1.25 1 1.2 1 -0.0111041 0.0160364

1.9 1.25 1 0 1 0.0779938 4.1263e-08
1.9 1.25 1 0.05 1 0.0778954 0.000444838
1.9 1.25 1 0.1 1 0.0776055 0.000902089
1.9 1.25 1 0.15 1 0.0771212 0.00134259
1.9 1.25 1 0.2 1 0.0764274 0.00180257
1.9 1.25 1 0.25 1 0.075531 0.00226824
1.9 1.25 1 0.3 1 0.074448 0.00274606
1.9 1.25 1 0.35 1 0.073161 0.00318915
1.9 1.25 1 0.4 1 0.0716342 0.00367047
1.9 1.25 1 0.45 1 0.0699174 0.00417751
1.9 1.25 1 0.5 1 0.0678371 0.00463112
1.9 1.25 1 0.55 1 0.0655683 0.00517493
1.9 1.25 1 0.6 1 0.0630022 0.00572387
1.9 1.25 1 0.65 1 0.0602304 0.00624573
1.9 1.25 1 0.7 1 0.0570245 0.0068649
1.9 1.25 1 0.75 1 0.0535413 0.00731724
1.9 1.25 1 0.8 1 0.0495865 0.0079979
1.9 1.25 1 0.85 1 0.0452862 0.00866767
1.9 1.25 1 0.9 1 0.040384 0.00945853
1.9 1.25 1 0.95 1 0.0348219 0.0100247
1.9 1.25 1 1 1 0.0285894 0.010859
1.9 1.25 1 1.05 1 0.0216988 0.0120313
1.9 1.25 1 1.1 1 0.0130283 0.0130671
1.9 1.25 1 1.15 1 0.00337104 0.0139911
1.9 1.25 1 1.2 1 -0.00844741 0.0155197

2 1.25 1 0 1 0.0753342 3.41809e-08
2 1.25 1 0.05 1 0.0752423 0.000430902
2 1.25 1 0.1 1 0.0749715 0.00087184
2 1.25 1 0.15 1 0.074527 0.00131143
2 1.25 1 0.2 1 0.0738924 0.00174742
2 1.25 1 0.25 1 0.0730301 0.00219434
2 1.25 1 0.3 1 0.0720207 0.00261594
2 1.25 1 0.35 1 0.0708075 0.00305144
2 1.25 1 0.4 1 0.0693766 0.00355981
2 1.25 1 0.45 1 0.0676679 0.00398773
2 1.25 1 0.5 1 0.0658017 0.00446334
2 1.25 1 0.55 1 0.0637097 0.0049968
2 1.25 1 0.6 1 0.0612442 0.00556946
2 1.25 1 0.65 1 0.0586649 0.00595885
2 1.25 1 0.7 1 0.0555731 0.00651165
2 1.25 1 0.75 1 0.0524045 0.0071818
2 1.25 1 0.8 1 0.0487603 0.00772267
2 1.25 1 0.85 1 0.0444888 0.00842886
2 1.25 1 0.9 1 0.0399171 0.00904621
2 1.25 1 0.95 1 0.0346502 0.00984526
2 1.25 1 1 1 0.0288195 0.0106311
2 1.25 1 1.05 1 0.0219823 0.0115259
2 1.25 1 1.1 1 0.0141221 0.0125748
2 1.25 1 1.15 1 0.00505758 0.0135876
2 1.25 1 1.2 1 -0.00626884 0.0153507

2.1 1.25 1 0 1 0.0728522 5.4305e-09
2.1 1.25 1 0.05 1 0.0727639 0.000416814
2.1 1.25 1 0.1 1 0.072511 0.000837977
2.1 1.25 1 0.15 1 0.0720968 0.00126425
2.1 1.25 1 0.2 1 0.0715218 0.00167565
2.1 1.25 1 0.25 1 0.0707216 0.00210112
2.1 1.25 1 0.3 1 0.0697245 0.00255545
2.1 1.25 1 0.35 1 0.0685424 0.0029722
2.1 1.25 1 0.4 1 0.0672322 0.00342615
2.1 1.25 1 0.45 1 0.0656893 0.00386392
2.1 1.25 1 0.5 1 0.0639697 0.00431731
2.1 1.25 1 0.55 1 0.0619359 0.00489768
2.1 1.25 1 0.6 1 0.0597816 0.00532874
2.1 1.25 1 0.65 1 0.0571033 0.00581297
2.1 1.25 1 0.7 1 0.054438 0.00642559
2.1 1.25 1 0.75 1 0.0512174 0.006855
2.1 1.25 1 0.8 1 0.0476526 0.00755711
2.1 1.25 1 0.85 1 0.0438949 0.00819928
2.1 1.25 1 0.9 1 0.039562 0.0087668
2.1 1.25 1 0.95 1 0.0345175 0.00947593
2.1 1.25 1 1 1 0.028993 0.0102755
2.1 1.25 1 1.05 1 0.0228321 0.0111571
2.1 1.25 1 1.1 1 0.0152095 0.0121785
2.1 1.25 1 1.15 1 0.0064472 0.0131883
2.1 1.25 1 1.2 1 -0.00471758 0.0148298

2.2 1.25 1 0 1 0.0705302 -nan
2.2 1.25 1 0.05 1 0.0704474 0.000402787
2.2 1.25 1 0.1 1 0.070189 0.000814612
2.2 1.25 1 0.15 1 0.0697933 0.00122161
2.2 1.25 1 0.2 1 0.0692703 0.00162638
2.2 1.25 1 0.25 1 0.0684942 0.00201856
2.2 1.25 1 0.3 1 0.0676307 0.00246461
2.2 1.25 1 0.35 1 0.0665602 0.00289988
2.2 1.25 1 0.4 1 0.0652762 0.00326564
2.2 1.25 1 0.45 1 0.0637699 0.00378422
2.2 1.25 1 0.5 1 0.0621603 0.00418248
2.2 1.25 1 0.55 1 0.0602858 0.00463334
2.2 1.25 1 0.6 1 0.0580141 0.00516484
2.2 1.25 1 0.65 1 0.0557324 0.00562073
2.2 1.25 1 0.7 1 0.0530621 0.00616834
2.2 1.25 1 0.75 1 0.0500833 0.00669126
2.2 1.25 1 0.8 1 0.0468401 0.00728799
2.2 1.25 1 0.85 1 0.0431608 0.00792626
2.2 1.25 1 0.9 1 0.0391403 0.00859789
2.2 1.25 1 0.95 1 0.0343619 0.0092496
2.2 1.25 1 1 1 0.0293688 0.00999508
2.2 1.25 1 1.05 1 0.0231133 0.0108792
2.2 1.25 1 1.1 1 0.0162022 0.0116838
2.2 1.25 1 1.15 1 0.00788372 0.0126836
2.2 1.25 1 1.2 1 -0.00242086 0.014093

2.3 1.25 1 0 1 0.0683532 -nan
2.3 1.25 1 0.05 1 0.0682712 0.00039288
2.3 1.25 1 0.1 1 0.0680551 0.000784848
2.3 1.25 1 0.15 1 0.0676715 0.0011942
2.3 1.25 1 0.2 1 0.0671213 0.0015925
2.3 1.25 1 0.25 1 0.0664645 0.00197733
2.3 1.25 1 0.3 1 0.0655847 0.00236231
2.3 1.25 1 0.35 1 0.0645719 0.00278216
2.3 1.25 1 0.4 1 0.0634234 0.00322889
2.3 1.25 1 0.45 1 0.0619938 0.00367843
2.3 1.25 1 0.5 1 0.0604272 0.00409742
2.3 1.25 1 0.55 1 0.0586265 0.00450736
2.3 1.25 1 0.6 1 0.0566149 0.00503802
2.3 1.25 1 0.65 1 0.0544082 0.00550782
2.3 1.25 1 0.7 1 0.0517462 0.00595296
2.3 1.25 1 0.75 1 0.0492521 0.00653941
2.3 1.25 1 0.8 1 0.0459016 0.00693075
2.3 1.25 1 0.85 1 0.0427313 0.00768097
2.3 1.25 1 0.9 1 0.0386035 0.00828292
2.3 1.25 1 0.95 1 0.0342263 0.00896525
2.3 1.25 1 1 1 0.0294429 0.0097361
2.3 1.25 1 1.05 1 0.0234832 0.0105388
2.3 1.25 1 1.1 1 0.0169471 0.0114131
2.3 1.25 1 1.15 1 0.00901912 0.0123719
2.3 1.25 1 1.2 1 -0.000783229 0.0139089

2.4 1.25 1 0 1 0.0663079 4.66406e-08
2.4 1.25 1 0.05 1 0.0662396 0.000379718
2.4 1.25 1 0.1 1 0.0660384 0.00075792
2.4 1.25 1 0.15 1 0.0656566 0.00114705
2.4 1.25 1 0.2 1 0.0651819 0.00152844
2.4 1.25 1 0.25 1 0.0644754 0.00191053
2.4 1.25 1 0.3 1 0.0637335 0.00229424
2.4 1.25 1 0.35 1 0.0627648 0.00271933
2.4 1.25 1 0.4 1 0.0616056 0.00313129
2.4 1.25 1 0.45 1 0.0602951 0.00355818
2.4 1.25 1 0.5 1 0.058868 0.00399809
2.4 1.25 1 0.55 1 0.0571908 0.00439438
2.4 1.25 1 0.6 1 0.0552871 0.00484541
2.4 1.25 1 0.65 1 0.0531456 0.00536087
2.4 1.25 1 0.7 1 0.0507706 0.00580657
2.4 1.25 1 0.75 1 0.048065 0.0063701
2.4 1.25 1 0.8 1 0.0452589 0.00686357
2.4 1.25 1 0.85 1 0.0419892 0.00733871
2.4 1.25 1 0.9 1 0.0381618 0.00796366
2.4 1.25 1 0.95 1 0.0341933 0.00866882
2.4 1.25 1 1 1 0.0293815 0.00930891
2.4 1.25 1 1.05 1 0.0239498 0.010081
2.4 1.25 1 1.1 1 0.017605 0.0108627
2.4 1.25 1 1.15 1 0.0101272 0.0121117
2.4 1.25 1 1.2 1 0.00072544 0.0134011

2.5 1.25 1 0 1 0.0643827 3.49091e-08
2.5 1.25 1 0.05 1 0.0643211 0.00037105
2.5 1.25 1 0.1 1 0.0641241 0.000736352
2.5 1.25 1 0.15 1 0.0637722 0.00111499
2.5 1.25 1 0.2 1 0.0632916 0.00147398
2.5 1.25 1 0.25 1 0.0626582 0.00186758
2.5 1.25 1 0.3 1 0.0619185 0.00223977
2.5 1.25 1 0.35 1 0.0610422 0.00262214
2.5 1.25 1 0.4 1 0.0599804 0.00307462
2.5 1.25 1 0.45 1 0.0587121 0.00345555
2.5 1.25 1 0.5 1 0.0572958 0.00384902
2.5 1.25 1 0.55 1 0.0558299 0.00427946
2.5 1.25 1 0.6 1 0.0540116 0.00477921
2.5 1.25 1 0.65 1 0.0519453 0.00516577
2.5 1.25 1 0.7 1 0.0496661 0.0056102
2.5 1.25 1 0.75 1 0.0472041 0.00609812
2.5 1.25 1 0.8 1 0.044404 0.00665199
2.5 1.25 1 0.85 1 0.0411881 0.00716164
2.5 1.25 1 0.9 1 0.0377816 0.00773771
2.5 1.25 1 0.95 1 0.0338298 0.00840876
2.5 1.25 1 1 1 0.0294336 0.00910858
2.5 1.25 1 1.05 1 0.0244608 0.00980153
2.5 1.25 1 1.1 1 0.0183051 0.0105769
2.5 1.25 1 1.15 1 0.011176 0.0117052
2.5 1.25 1 1.2 1 0.00229857 0.0132793

2.6 1.25 1 0 1 0.0625671 -nan
2.6 1.25 1 0.05 1 0.0625057 0.000359965
2.6 1.25 1 0.1 1 0.0623162 0.000719996
2.6 1.25 1 0.15 1 0.0620221 0.00108986
2.6 1.25 1 0.2 1 0.0615609 0.00143337
2.6 1.25 1 0.25 1 0.0609534 0.0017879
2.6 1.25 1 0.3 1 0.0602702 0.00217257
2.6 1.25 1 0.35 1 0.0593543 0.00257282
2.6 1.25 1 0.4 1 0.0583389 0.00294973
2.6 1.25 1 0.45 1 0.0571759 0.00332809
2.6 1.25 1 0.5 1 0.0558743 0.00375935
2.6 1.25 1 0.55 1 0.0544119 0.00418029
2.6 1.25 1 0.6 1 0.052694 0.00462511
2.6 1.25 1 0.65 1 0.0507782 0.00497877
2.6 1.25 1 0.7 1 0.0487451 0.0054727
2.6 1.25 1 0.75 1 0.0462783 0.00590755
2.6 1.25 1 0.8 1 0.0436675 0.00654748
2.6 1.25 1 0.85 1 0.0406964 0.00701703
2.6 1.25 1 0.9 1 0.0373992 0.00756964
2.6 1.25 1 0.95 1 0.0337359 0.00822323
2.6 1.25 1 1 1 0.0294255 0.00886032
2.6 1.25 1 1.05 1 0.0245054 0.00958307
2.6 1.25 1 1.1 1 0.0190235 0.0103755
2.6 1.25 1 1.15 1 0.0119824 0.0114415
2.6 1.25 1 1.2 1 0.00350239 0.0129721

2.7 1.25 1 0 1 0.060852 -nan
2.7 1.25 1 0.05 1 0.0607923 0.000346276
2.7 1.25 1 0.1 1 0.0606046 0.000694957
2.7 1.25 1 0.15 1 0.0603003 0.00105755
2.7 1.25 1 0.2 1 0.0598866 0.00140158
2.7 1.25 1 0.25 1 0.0593065 0.00178683
2.7 1.25 1 0.3 1 0.0586109 0.00212912
2.7 1.25 1 0.35 1 0.0577707 0.00247638
2.7 1.25 1 0.4 1 0.0568445 0.00289231
2.7 1.25 1 0.45 1 0.0557674 0.00326067
2.7 1.25 1 0.5 1 0.0544832 0.00363095
2.7 1.25 1 0.55 1 0.053147 0.00403481
2.7 1.25 1 0.6 1 0.0515069 0.00444763
2.7 1.25 1 0.65 1 0.0495918 0.00486893
2.7 1.25 1 0.7 1 0.0476429 0.00533466
2.7 1.25 1 0.75 1 0.0453994 0.00584769
2.7 1.25 1 0.8 1 0.042952 0.00632036
2.7 1.25 1 0.85 1 0.0401742 0.00681812
2.7 1.25 1 0.9 1 0.0369538 0.0072888
2.7 1.25 1 0.95 1 0.0333404 0.00798393
2.7 1.25 1 1 1 0.0293926 0.00858194
2.7 1.25 1 1.05 1 0.0248894 0.0094254
2.7 1.25 1 1.1 1 0.0193548 0.0101368
2.7 1.25 1 1.15 1 0.0128403 0.0110478
2.7 1.25 1 1.2 1 0.00472254 0.0124053

2.8 1.25 1 0 1 0.0592292 3.42823e-08
2.8 1.25 1 0.05 1 0.059174 0.00033813
2.8 1.25 1 0.1 1 0.058999 0.00068167
2.8 1.25 1 0.15 1 0.058701 0.00102035
2.8 1.25 1 0.2 1 0.0583082 0.00137812
2.8 1.25 1 0.25 1 0.0577852 0.0017219
2.8 1.25 1 0.3 1 0.0571048 0.00208358
2.8 1.25 1 0.35 1 0.0563366 0.00241421
2.8 1.25 1 0.4 1 0.055428 0.00276042
2.8 1.25 1 0.45 1 0.0544343 0.00318523
2.8 1.25 1 0.5 1 0.0532158 0.00357486
2.8 1.25 1 0.55 1 0.0517749 0.00392323
2.8 1.25 1 0.6 1 0.0503506 0.00437286
2.8 1.25 1 0.65 1 0.0486205 0.00476335
2.8 1.25 1 0.7 1 0.0466873 0.00521658
2.8 1.25 1 0.75 1 0.0445844 0.00555392
2.8 1.25 1 0.8 1 0.0420903 0.00603793
2.8 1.25 1 0.85 1 0.0394215 0.00660979
2.8 1.25 1 0.9 1 0.0364935 0.00724811
2.8 1.25 1 0.95 1 0.033138 0.00767681
2.8 1.25 1 1 1 0.0293529 0.00842386
2.8 1.25 1 1.05 1 0.0248575 0.00905683
2.8 1.25 1 1.1 1 0.0195722 0.00997803
2.8 1.25 1 1.15 1 0.0135515 0.0109415
2.8 1.25 1 1.2 1 0.00599272 0.0120687

2.9 1.25 1 0 1 0.0576915 1.85097e-08
2.9 1.25 1 0.05 1 0.0576436 0.000334697
2.9 1.25 1 0.1 1 0.0574759 0.000665623
2.9 1.25 1 0.15 1 0.0572079 0.000998626
2.9 1.25 1 0.2 1 0.0568393 0.00133147
2.9 1.25 1 0.25 1 0.0563142 0.00167619
2.9 1.25 1 0.3 1 0.0557251 0.00201921
2.9 1.25 1 0.35 1 0.0549762 0.00238448
2.9 1.25 1 0.4 1 0.0541052 0.0027089
2.9 1.25 1 0.45 1 0.0531025 0.00308145
2.9 1.25 1 0.5 1 0.0519583 0.00345712
2.9 1.25 1 0.55 1 0.050773 0.00386813
2.9 1.25 1 0.6 1 0.0492753 0.00424731
2.9 1.25 1 0.65 1 0.0476082 0.00463297
2.9 1.25 1 0.7 1 0.045807 0.00509882
2.9 1.25 1 0.75 1 0.0437113 0.00548169
2.9 1.25 1 0.8 1 0.0414901 0.00597068
2.9 1.25 1 0.85 1 0.0390228 0.00649529
2.9 1.25 1 0.9 1 0.0360591 0.00693098
2.9 1.25 1 0.95 1 0.0329132 0.00751434
2.9 1.25 1 1 1 0.0292152 0.00817862
2.9 1.25 1 1.05 1 0.0251429 0.00880839
2.9 1.25 1 1.1 1 0.0200523 0.00958706
2.9 1.25 1 1.15 1 0.0142304 0.0106592
2.9 1.25 1 1.2 1 0.00684435 0.0117032

3 1.25 1 0 1 0.0562322 -nan
3 1.25 1 0.05 1 0.0561816 0.000319454
3 1.25 1 0.1 1 0.0560198 0.000647053
3 1.25 1 0.15 1 0.0557718 0.000977181
3 1.25 1 0.2 1 0.0553976 0.00130483
3 1.25 1 0.25 1 0.0549298 0.00162995
3 1.25 1 0.3 1 0.0543597 0.00196249
3 1.25 1 0.35 1 0.0536301 0.00231843
3 1.25 1 0.4 1 0.0528591 0.00264479
3 1.25 1 0.45 1 0.0519197 0.0030032
3 1.25 1 0.5 1 0.0507654 0.00338185
3 1.25 1 0.55 1 0.0495116 0.00370281
3 1.25 1 0.6 1 0.0481476 0.00410713
3 1.25 1 0.65 1 0.0466043 0.00452406
3 1.25 1 0.7 1 0.0448708 0.00491195
3 1.25 1 0.75 1 0.0429581 0.00535806
3 1.25 1 0.8 1 0.0407743 0.00578486
3 1.25 1 0.85 1 0.0383492 0.00629431
3 1.25 1 0.9 1 0.0355867 0.0068117
3 1.25 1 0.95 1 0.0326049 0.00733828
3 1.25 1 1 1 0.0290089 0.00804021
3 1.25 1 1.05 1 0.0251905 0.00853724
3 1.25 1 1.1 1 0.0203618 0.00945338
3 1.25 1 1.15 1 0.0147823 0.0103151
3 1.25 1 1.2 1 0.00759363 0.0115015

3.1 1.25 1 0 1 0.0548455 -nan
3.1 1.25 1 0.05 1 0.0547945 0.000311512
3.1 1.25 1 0.1 1 0.0546382 0.000634901
3.1 1.25 1 0.15 1 0.0544152 0.000947485
3.1 1.25 1 0.2 1 0.0540348 0.00126696
3.1 1.25 1 0.25 1 0.0536204 0.00157366
3.1 1.25 1 0.3 1 0.0530466 0.00190775
3.1 1.25 1 0.35 1 0.0523844 0.00221782
3.1 1.25 1 0.4 1 0.051629 0.00257807
3.1 1.25 1 0.45 1 0.0506828 0.00292987
3.1 1.25 1 0.5 1 0.0496014 0.00330206
3.1 1.25 1 0.55 1 0.0484264 0.00359969
3.1 1.25 1 0.6 1 0.0471719 0.00402548
3.1 1.25 1 0.65 1 0.0456488 0.00442354
3.1 1.25 1 0.7 1 0.0439947 0.00479813
3.1 1.25 1 0.75 1 0.0421976 0.00518521
3.1 1.25 1 0.8 1 0.040157 0.00570625
3.1 1.25 1 0.85 1 0.0377099 0.00607329
3.1 1.25 1 0.9 1 0.0352124 0.00667809
3.1 1.25 1 0.95 1 0.0323232 0.00720917
3.1 1.25 1 1 1 0.0289128 0.00774453
3.1 1.25 1 1.05 1 0.0251467 0.00848566
3.1 1.25 1 1.1 1 0.0207451 0.00913216
3.1 1.25 1 1.15 1 0.0152746 0.00995116
3.1 1.25 1 1.2 1 0.00848691 0.0112308

3.2 1.25 1 0 1 0.0535261 -nan
3.2 1.25 1 0.05 1 0.0534786 0.00030906
3.2 1.25 1 0.1 1 0.0533319 0.00062328
3.2 1.25 1 0.15 1 0.0531123 0.000927284
3.2 1.25 1 0.2 1 0.052757 0.00124249
3.2 1.25 1 0.25 1 0.0523442 0.00154418
3.2 1.25 1 0.3 1 0.0518446 0.00186321
3.2 1.25 1 0.35 1 0.051183 0.00219991
3.2 1.25 1 0.4 1 0.0504563 0.00253183
3.2 1.25 1 0.45 1 0.0495712 0.00285641
3.2 1.25 1 0.5 1 0.0485714 0.00323429
3.2 1.25 1 0.55 1 0.0474897 0.00357919
3.2 1.25 1 0.6 1 0.0462075 0.00392158
3.2 1.25 1 0.65 1 0.0448203 0.00432168
3.2 1.25 1 0.7 1 0.0432134 0.00463809
3.2 1.25 1 0.75 1 0.0414446 0.0051053
3.2 1.25 1 0.8 1 0.039506 0.00553961
3.2 1.25 1 0.85 1 0.0373166 0.00600738
3.2 1.25 1 0.9 1 0.034697 0.00646022
3.2 1.25 1 0.95 1 0.0319878 0.00691134
3.2 1.25 1 1 1 0.0287806 0.00756232
3.2 1.25 1 1.05 1 0.0251066 0.00822491
3.2 1.25 1 1.1 1 0.0208042 0.00903773
3.2 1.25 1 1.15 1 0.0156363 0.00988398
3.2 1.25 1 1.2 1 0.00910177 0.011084

3.3 1.25 1 0 1 0.0522691 2.84778e-08
3.3 1.25 1 0.05 1 0.0522293 0.000299369
3.3 1.25 1 0.1 1 0.0520989 0.000608295
3.3 1.25 1 0.15 1 0.0518621 0.000901931
3.3 1.25 1 0.2 1 0.0515508 0.00121484
3.3 1.25 1 0.25 1 0.0511336 0.00150403
3.3 1.25 1 0.3 1 0.0506106 0.00181411
3.3 1.25 1 0.35 1 0.0500123 0.00213994
3.3 1.25 1 0.4 1 0.0492821 0.00244811
3.3 1.25 1 0.45 1 0.048498 0.00279246
3.3 1.25 1 0.5 1 0.0475103 0.00308719
3.3 1.25 1 0.55 1 0.0464531 0.00348857
3.3 1.25 1 0.6 1 0.0452549 0.00380068
3.3 1.25 1 0.65 1 0.0438907 0.00415208
3.3 1.25 1 0.7 1 0.0424425 0.00460871
3.3 1.25 1 0.75 1 0.04079 0.00497146
3.3 1.25 1 0.8 1 0.0388015 0.00540399
3.3 1.25 1 0.85 1 0.0367399 0.00584837
3.3 1.25 1 0.9 1 0.0343622 0.00626371
3.3 1.25 1 0.95 1 0.0316721 0.00693837
3.3 1.25 1 1 1 0.0287244 0.00736809
3.3 1.25 1 1.05 1 0.0251635 0.00801533
3.3 1.25 1 1.1 1 0.0210905 0.00873471
3.3 1.25 1 1.15 1 0.0160973 0.00965191
3.3 1.25 1 1.2 1 0.00979856 0.010687

3.4 1.25 1 0 1 0.0510702 2.72322e-08
3.4 1.25 1 0.05 1 0.0510289 0.000291496
3.4 1.25 1 0.1 1 0.0508998 0.000584866
3.4 1.25 1 0.15 1 0.0506788 0.000889143
3.4 1.25 1 0.2 1 0.0503829 0.00117692
3.4 1.25 1 0.25 1 0.0499549 0.00148654
3.4 1.25 1 0.3 1 0.04949 0.00179289
3.4 1.25 1 0.35 1 0.0489222 0.0020967
3.4 1.25 1 0.4 1 0.048207 0.00239819
3.4 1.25 1 0.45 1 0.0473974 0.0027168
3.4 1.25 1 0.5 1 0.0465594 0.00305947
3.4 1.25 1 0.55 1 0.0454908 0.00341133
3.4 1.25 1 0.6 1 0.0443782 0.00373302
3.4 1.25 1 0.65 1 0.0431058 0.00410415
3.4 1.25 1 0.7 1 0.0416199 0.00446057
3.4 1.25 1 0.75 1 0.0400048 0.00485643
3.4 1.25 1 0.8 1 0.0382271 0.00525183
3.4 1.25 1 0.85 1 0.0362949 0.00574061
3.4 1.25 1 0.9 1 0.0338989 0.00618018
3.4 1.25 1 0.95 1 0.0313307 0.00662156
3.4 1.25 1 1 1 0.0283384 0.00725499
3.4 1.25 1 1.05 1 0.0249935 0.00783903
3.4 1.25 1 1.1 1 0.0212627 0.00860594
3.4 1.25 1 1.15 1 0.0164627 0.00935631
3.4 1.25 1 1.2 1 0.0105151 0.0103302

3.5 1.25 1 0 1 0.0499255 2.72879e-08
3.5 1.25 1 0.05 1 0.0498853 0.000286706
3.5 1.25 1 0.1 1 0.0497618 0.000571835
3.5 1.25 1 0.15 1 0.0495461 0.000866092
3.5 1.25 1 0.2 1 0.0492694 0.00115399
3.5 1.25 1 0.25 1 0.0488581 0.00144761
3.5 1.25 1 0.3 1 0.0483965 0.00175152
3.5 1.25 1 0.35 1 0.0478908 0.00206006
3.5 1.25 1 0.4 1 0.0471877 0.00239089
3.5 1.25 1 0.45 1 0.0464985 0.00265215
3.5 1.25 1 0.5 1 0.0455729 0.00295694
3.5 1.25 1 0.55 1 0.0446302 0.00332263
3.5 1.25 1 0.6 1 0.043448 0.00366649
3.5 1.25 1 0.65 1 0.0421955 0.00399698
3.5 1.25 1 0.7 1 0.0409146 0.00435895
3.5 1.25 1 0.75 1 0.0393165 0.00472282
3.5 1.25 1 0.8 1 0.0375763 0.00519963
3.5 1.25 1 0.85 1 0.0356697 0.00558293
3.5 1.25 1 0.9 1 0.0336257 0.00598654
3.5 1.25 1 0.95 1 0.0310077 0.00660013
3.5 1.25 1 1 1 0.0281582 0.00700698
3.5 1.25 1 1.05 1 0.0251149 0.00762411
3.5 1.25 1 1.1 1 0.0212291 0.00836561
3.5 1.25 1 1.15 1 0.0165945 0.0092049
3.5 1.25 1 1.2 1 0.0110372 0.0101775

3.6 1.25 1 0 1 0.0488313 3.83599e-08
3.6 1.25 1 0.05 1 0.048794 0.000281777
3.6 1.25 1 0.1 1 0.0486739 0.000557148
3.6 1.25 1 0.15 1 0.0484732 0.00084371
3.6 1.25 1 0.2 1 0.0482013 0.00113477
3.6 1.25 1 0.25 1 0.0478504 0.00140658
3.6 1.25 1 0.3 1 0.0473968 0.00171222
3.6 1.25 1 0.35 1 0.0468736 0.00197854
3.6 1.25 1 0.4 1 0.0462376 0.00228819
3.6 1.25 1 0.45 1 0.0455082 0.00261109
3.6 1.25 1 0.5 1 0.0447109 0.00293098
3.6 1.25 1 0.55 1 0.043758 0.00326912
3.6 1.25 1 0.6 1 0.0426145 0.00360774
3.6 1.25 1 0.65 1 0.0415486 0.00391141
3.6 1.25 1 0.7 1 0.0402203 0.00422292
3.6 1.25 1 0.75 1 0.038673 0.00466057
3.6 1.25 1 0.8 1 0.0370347 0.00510194
3.6 1.25 1 0.85 1 0.0351993 0.00551539
3.6 1.25 1 0.9 1 0.0331436 0.00583521
3.6 1.25 1 0.95 1 0.0307187 0.00649112
3.6 1.25 1 1 1 0.0281351 0.00691791
3.6 1.25 1 1.05 1 0.0250638 0.00742026
3.6 1.25 1 1.1 1 0.0213899 0.00817216
3.6 1.25 1 1.15 1 0.0170449 0.00899284
3.6 1.25 1 1.2 1 0.0116622 0.00996369

3.7 1.25 1 0 1 0.0477844 -nan
3.7 1.25 1 0.05 1 0.0477461 0.000273529
3.7 1.25 1 0.1 1 0.0476314 0.000548979
3.7 1.25 1 0.15 1 0.0474378 0.000831224
3.7 1.25 1 0.2 1 0.0471678 0.00110556
3.7 1.25 1 0.25 1 0.0468412 0.00141011
3.7 1.25 1 0.3 1 0.0464156 0.00168657
3.7 1.25 1 0.35 1 0.0458822 0.00193121
3.7 1.25 1 0.4 1 0.0452805 0.00225108
3.7 1.25 1 0.45 1 0.0445783 0.0025473
3.7 1.25 1 0.5 1 0.0437956 0.00284831
3.7 1.25 1 0.55 1 0.0429038 0.00313324
3.7 1.25 1 0.6 1 0.0419681 0.00349002
3.7 1.25 1 0.65 1 0.0408006 0.00382344
3.7 1.25 1 0.7 1 0.0394322 0.00417117
3.7 1.25 1 0.75 1 0.0380554 0.00455098
3.7 1.25 1 0.8 1 0.0365122 0.00495257
3.7 1.25 1 0.85 1 0.0347225 0.00533863
3.7 1.25 1 0.9 1 0.0327521 0.00579388
3.7 1.25 1 0.95 1 0.0304613 0.00624749
3.7 1.25 1 1 1 0.0278838 0.00681953
3.7 1.25 1 1.05 1 0.0249531 0.00735515
3.7 1.25 1 1.1 1 0.0213953 0.00800689
3.7 1.25 1 1.15 1 0.0172011 0.00876596
3.7 1.25 1 1.2 1 0.0120514 0.00966401

3.8 1.25 1 0 1 0.0467817 2.16119e-08
3.8 1.25 1 0.05 1 0.0467434 0.000270351
3.8 1.25 1 0.1 1 0.0466361 0.000536954
3.8 1.25 1 0.15 1 0.0464397 0.000817426
3.8 1.25 1 0.2 1 0.0461852 0.00107555
3.8 1.25 1 0.25 1 0.045867 0.00136042
3.8 1.25 1 0.3 1 0.0454594 0.00161378
3.8 1.25 1 0.35 1 0.044958 0.00191394
3.8 1.25 1 0.4 1 0.0443509 0.00217723
3.8 1.25 1 0.45 1 0.0436921 0.00253563
3.8 1.25 1 0.5 1 0.0429778 0.00280697
3.8 1.25 1 0.55 1 0.0421388 0.00311467
3.8 1.25 1 0.6 1 0.0410871 0.00344048
3.8 1.25 1 0.65 1 0.0400103 0.00374367
3.8 1.25 1 0.7 1 0.0389 0.00403899
3.8 1.25 1 0.75 1 0.0374643 0.00446327
3.8 1.25 1 0.8 1 0.035855 0.00482961
3.8 1.25 1 0.85 1 0.034123 0.00527428
3.8 1.25 1 0.9 1 0.0322552 0.00567547
3.8 1.25 1 0.95 1 0.0300474 0.00619259
3.8 1.25 1 1 1 0.0276255 0.00663223
3.8 1.25 1 1.05 1 0.0248878 0.00716078
3.8 1.25 1 1.1 1 0.0215225 0.00781252
3.8 1.25 1 1.15 1 0.0175406 0.0086371
3.8 1.25 1 1.2 1 0.012258 0.00951092

3.9 1.25 1 0 1 0.0458205 2.02335e-08
3.9 1.25 1 0.05 1 0.0457842 0.000259826
3.9 1.25 1 0.1 1 0.0456766 0.000526611
3.9 1.25 1 0.15 1 0.0455095 0.000793861
3.9 1.25 1 0.2 1 0.0452815 0.00106976
3.9 1.25 1 0.25 1 0.0449498 0.00132305
3.9 1.25 1 0.3 1 0.0445514 0.00160342
3.9 1.25 1 0.35 1 0.0440764 0.00186617
3.9 1.25 1 0.4 1 0.0435129 0.00216833
3.9 1.25 1 0.45 1 0.0428921 0.00246658
3.9 1.25 1 0.5 1 0.0421533 0.00276098
3.9 1.25 1 0.55 1 0.0413471 0.00305492
3.9 1.25 1 0.6 1 0.0404001 0.00338047
3.9 1.25 1 0.65 1 0.039297 0.00373323
3.9 1.25 1 0.7 1 0.0381057 0.00402478
3.9 1.25 1 0.75 1 0.0369041 0.00438948
3.9 1.25 1 0.8 1 0.035363 0.00475456
3.9 1.25 1 0.85 1 0.033724 0.00511702
3.9 1.25 1 0.9 1 0.0318544 0.00551323
3.9 1.25 1 0.95 1 0.0297364 0.0059609
3.9 1.25 1 1 1 0.0274253 0.0064534
3.9 1.25 1 1.05 1 0.0247416 0.00705436
3.9 1.25 1 1.1 1 0.0214562 0.00772927
3.9 1.25 1 1.15 1 0.0174489 0.00834556
3.9 1.25 1 1.2 1 0.0126369 0.00926425

4 1.25 1 0 1 0.0448983 -nan
4 1.25 1 0.05 1 0.0448711 0.000259758
4 1.25 1 0.1 1 0.0447615 0.000515178
4 1.25 1 0.15 1 0.0446076 0.000766924
4 1.25 1 0.2 1 0.0443715 0.00103775
4 1.25 1 0.25 1 0.0440597 0.00130846
4 1.25 1 0.3 1 0.0436788 0.00157885
4 1.25 1 0.35 1 0.0432122 0.00181833
4 1.25 1 0.4 1 0.0426914 0.00211496
4 1.25 1 0.45 1 0.0420523 0.00240739
4 1.25 1 0.5 1 0.0413949 0.00269238
4 1.25 1 0.55 1 0.0405596 0.00301777
4 1.25 1 0.6 1 0.0396996 0.003315
4 1.25 1 0.65 1 0.0386657 0.00362956
4 1.25 1 0.7 1 0.0374588 0.00394063
4 1.25 1 0.75 1 0.0362683 0.00428264
4 1.25 1 0.8 1 0.0348681 0.00463894
4 1.25 1 0.85 1 0.0332759 0.00502562
4 1.25 1 0.9 1 0.0313991 0.00543188
4 1.25 1 0.95 1 0.0294737 0.00593217
4 1.25 1 1 1 0.0271394 0.00633171
4 1.25 1 1.05 1 0.0244497 0.00684557
4 1.25 1 1.1 1 0.0214175 0.00760676
4 1.25 1 1.15 1 0.0178198 0.00835684
4 1.25 1 1.2 1 0.0129457 0.00924053

4.1 1.25 1 0 1 0.0440127 -nan
4.1 1.25 1 0.05 1 0.0439792 0.000254785
4.1 1.25 1 0.1 1 0.0438822 0.000509875
4.1 1.25 1 0.15 1 0.0437212 0.000768926
4.1 1.25 1 0.2 1 0.0434755 0.00101406
4.1 1.25 1 0.25 1 0.0432189 0.00128494
4.1 1.25 1 0.3 1 0.0428513 0.00154225
4.1 1.25 1 0.35 1 0.0423892 0.00180521
4.1 1.25 1 0.4 1 0.0419293 0.00210279
4.1 1.25 1 0.45 1 0.0413162 0.0023836
4.1 1.25 1 0.5 1 0.0405976 0.00263518
4.1 1.25 1 0.55 1 0.0398455 0.00293311
4.1 1.25 1 0.6 1 0.0389758 0.0032489
4.1 1.25 1 0.65 1 0.0380053 0.00353502
4.1 1.25 1 0.7 1 0.0369199 0.00386123
4.1 1.25 1 0.75 1 0.0357517 0.00421796
4.1 1.25 1 0.8 1 0.0343717 0.00454278
4.1 1.25 1 0.85 1 0.032798 0.00493974
4.1 1.25 1 0.9 1 0.03112 0.00534649
4.1 1.25 1 0.95 1 0.0291421 0.00569115
4.1 1.25 1 1 1 0.0269403 0.00625987
4.1 1.25 1 1.05 1 0.0243606 0.00669405
4.1 1.25 1 1.1 1 0.0213929 0.00739673
4.1 1.25 1 1.15 1 0.0177721 0.00809355
4.1 1.25 1 1.2 1 0.0132541 0.00896335

4.2 1.25 1 0 1 0.0431616 -nan
4.2 1.25 1 0.05 1 0.0431256 0.00024731
4.2 1.25 1 0.1 1 0.0430443 0.000493954
4.2 1.25 1 0.15 1 0.042881 0.000745442
4.2 1.25 1 0.2 1 0.0426689 0.00100767
4.2 1.25 1 0.25 1 0.0423638 0.00125147
4.2 1.25 1 0.3 1 0.0420291 0.00151823
4.2 1.25 1 0.35 1 0.0416131 0.00178131
4.2 1.25 1 0.4 1 0.0411409 0.00207408
4.2 1.25 1 0.45 1 0.0405123 0.0023102
4.2 1.25 1 0.5 1 0.0398553 0.002588
4.2 1.25 1 0.55 1 0.0391401 0.00288277
4.2 1.25 1 0.6 1 0.0382425 0.00315979
4.2 1.25 1 0.65 1 0.0374384 0.00348883
4.2 1.25 1 0.7 1 0.0362741 0.0038008
4.2 1.25 1 0.75 1 0.0350916 0.00414007
4.2 1.25 1 0.8 1 0.033826 0.00444336
4.2 1.25 1 0.85 1 0.0323355 0.00482883
4.2 1.25 1 0.9 1 0.0306897 0.00520928
4.2 1.25 1 0.95 1 0.0287065 0.00564359
4.2 1.25 1 1 1 0.0266909 0.00615135
4.2 1.25 1 1.05 1 0.0241944 0.00656171
4.2 1.25 1 1.1 1 0.0214145 0.00719714
4.2 1.25 1 1.15 1 0.017821 0.00795522
4.2 1.25 1 1.2 1 0.0134842 0.00898987

4.3 1.25 1 0 1 0.042343 -nan
4.3 1.25 1 0.05 1 0.0423117 0.000244166
4.3 1.25 1 0.1 1 0.042223 0.000484547
4.3 1.25 1 0.15 1 0.0420822 0.000738786
4.3 1.25 1 0.2 1 0.0418713 0.000974606
4.3 1.25 1 0.25 1 0.0415984 0.00121883
4.3 1.25 1 0.3 1 0.0412513 0.00149497
4.3 1.25 1 0.35 1 0.0408498 0.00173856
4.3 1.25 1 0.4 1 0.0403947 0.00202989
4.3 1.25 1 0.45 1 0.0398224 0.00225041
4.3 1.25 1 0.5 1 0.0391766 0.0025358
4.3 1.25 1 0.55 1 0.0384967 0.0028119
4.3 1.25 1 0.6 1 0.0376423 0.00313072
4.3 1.25 1 0.65 1 0.0367919 0.00339027
4.3 1.25 1 0.7 1 0.0357609 0.0037234
4.3 1.25 1 0.75 1 0.0345855 0.00406214
4.3 1.25 1 0.8 1 0.033276 0.00439469
4.3 1.25 1 0.85 1 0.0319141 0.00472957
4.3 1.25 1 0.9 1 0.0303017 0.00510525
4.3 1.25 1 0.95 1 0.0285112 0.00561116
4.3 1.25 1 1 1 0.0264173 0.00598755
4.3 1.25 1 1.05 1 0.0242254 0.00651931
4.3 1.25 1 1.1 1 0.0212643 0.00711359
4.3 1.25 1 1.15 1 0.0180032 0.00778586
4.3 1.25 1 1.2 1 0.013674 0.00869889

4.4 1.25 1 0 1 0.041555 -nan
4.4 1.25 1 0.05 1 0.0415234 0.000238245
4.4 1.25 1 0.1 1 0.0414456 0.000480072
4.4 1.25 1 0.15 1 0.0412923 0.000714194
4.4 1.25 1 0.2 1 0.0410998 0.000952229
4.4 1.25 1 0.25 1 0.0408237 0.00119935
4.4 1.25 1 0.3 1 0.0404988 0.0014697
4.4 1.25 1 0.35 1 0.0401178 0.00170739
4.4 1.25 1 0.4 1 0.0396503 0.00197316
4.4 1.25 1 0.45 1 0.0391097 0.00223488
4.4 1.25 1 0.5 1 0.0384932 0.00251935
4.4 1.25 1 0.55 1 0.0377943 0.00276344
4.4 1.25 1 0.6 1 0.0370436 0.00306865
4.4 1.25 1 0.65 1 0.0361736 0.00335409
4.4 1.25 1 0.7 1 0.0351938 0.00366484
4.4 1.25 1 0.75 1 0.0341178 0.00399821
4.4 1.25 1 0.8 1 0.0328519 0.004327
4.4 1.25 1 0.85 1 0.0314606 0.00464744
4.4 1.25 1 0.9 1 0.0298565 0.00505577
4.4 1.25 1 0.95 1 0.0282104 0.00548145
4.4 1.25 1 1 1 0.0261252 0.00593623
4.4 1.25 1 1.05 1 0.0239642 0.00635743
4.4 1.25 1 1.1 1 0.0211592 0.00697827
4.4 1.25 1 1.15 1 0.0180672 0.00771211
4.4 1.25 1 1.2 1 0.013927 0.00850162

4.5 1.25 1 0 1 0.040796 -nan
4.5 1.25 1 0.05 1 0.0407716 0.000237776
4.5 1.25 1 0.1 1 0.0406887 0.000469827
4.5 1.25 1 0.15 1 0.0405516 0.000705644
4.5 1.25 1 0.2 1 0.0403647 0.000946211
4.5 1.25 1 0.25 1 0.0401113 0.00119666
4.5 1.25 1 0.3 1 0.0397788 0.00144772
4.5 1.25 1 0.35 1 0.039433 0.00166143
4.5 1.25 1 0.4 1 0.0389585 0.0019158
4.5 1.25 1 0.45 1 0.0384394 0.00221141
4.5 1.25 1 0.5 1 0.0378587 0.00245966
4.5 1.25 1 0.55 1 0.0372004 0.00274402
4.5 1.25 1 0.6 1 0.0364325 0.00299321
4.5 1.25 1 0.65 1 0.035609 0.00331632
4.5 1.25 1 0.7 1 0.034637 0.00357794
4.5 1.25 1 0.75 1 0.0335968 0.00393939
4.5 1.25 1 0.8 1 0.0323962 0.0043072
4.5 1.25 1 0.85 1 0.0310661 0.00461127
4.5 1.25 1 0.9 1 0.0295757 0.00498482
4.5 1.25 1 0.95 1 0.0278026 0.00530248
4.5 1.25 1 1 1 0.026004 0.00575662
4.5 1.25 1 1.05 1 0.0238135 0.00623646
4.5 1.25 1 1.1 1 0.0211445 0.00689312
4.5 1.25 1 1.15 1 0.0179003 0.00758308
4.5 1.25 1 1.2 1 0.0140067 0.00835389

4.6 1.25 1 0 1 0.0401363 -nan
4.6 1.25 1 0.05 1 0.0401139 0.000232092
4.6 1.25 1 0.1 1 0.0400299 0.000460843
4.6 1.25 1 0.15 1 0.0398943 0.000693631
4.6 1.25 1 0.2 1 0.0397071 0.000931366
4.6 1.25 1 0.25 1 0.0394533 0.00117891
4.6 1.25 1 0.3 1 0.0391684 0.00142365
4.6 1.25 1 0.35 1 0.0387854 0.00164929
4.6 1.25 1 0.4 1 0.0383414 0.00190724
4.6 1.25 1 0.45 1 0.0378561 0.00218838
4.6 1.25 1 0.5 1 0.0373131 0.00238645
4.6 1.25 1 0.55 1 0.0366757 0.00269565
4.6 1.25 1 0.6 1 0.0359059 0.0029404
4.6 1.25 1 0.65 1 0.0351573 0.00325249
4.6 1.25 1 0.7 1 0.0340994 0.00359186
4.6 1.25 1 0.75 1 0.0331536 0.00385389
4.6 1.25 1 0.8 1 0.0320351 0.00421655
4.6 1.25 1 0.85 1 0.0306461 0.00454649
4.6 1.25 1 0.9 1 0.0292393 0.00493215
4.6 1.25 1 0.95 1 0.0276166 0.00529343
4.6 1.25 1 1 1 0.0256542 0.00572957
4.6 1.25 1 1.05 1 0.0236227 0.00623714
4.6 1.25 1 1.1 1 0.0210959 0.00670708
4.6 1.25 1 1.15 1 0.0179937 0.00742539
4.6 1.25 1 1.2 1 0.0141673 0.00823399

4.7 1.25 1 0 1 0.0394281 -nan
4.7 1.25 1 0.05 1 0.0394016 0.00022934
4.7 1.25 1 0.1 1 0.0393256 0.000459688
4.7 1.25 1 0.15 1 0.039204 0.000682391
4.7 1.25 1 0.2 1 0.0389926 0.000922193
4.7 1.25 1 0.25 1 0.0387889 0.00114374
4.7 1.25 1 0.3 1 0.038451 0.00138642
4.7 1.25 1 0.35 1 0.0381175 0.00163
4.7 1.25 1 0.4 1 0.0376858 0.00185802
4.7 1.25 1 0.45 1 0.0372018 0.00209553
4.7 1.25 1 0.5 1 0.036655 0.00235401
4.7 1.25 1 0.55 1 0.036034 0.00265576
4.7 1.25 1 0.6 1 0.0353863 0.00293149
4.7 1.25 1 0.65 1 0.0345445 0.00318248
4.7 1.25 1 0.7 1 0.0336979 0.00346693
4.7 1.25 1 0.75 1 0.0326218 0.00383064
4.7 1.25 1 0.8 1 0.0315471 0.00409891
4.7 1.25 1 0.85 1 0.0303471 0.00445631
4.7 1.25 1 0.9 1 0.0289075 0.00475429
4.7 1.25 1 0.95 1 0.0272989 0.00520043
4.7 1.25 1 1 1 0.0253475 0.00560865
4.7 1.25 1 1.05 1 0.0233418 0.0061375
4.7 1.25 1 1.1 1 0.0209468 0.00664064
4.7 1.25 1 1.15 1 0.0180982 0.00719557
4.7 1.25 1 1.2 1 0.0143166 0.00811042

4.8 1.25 1 0 1 0.0387446 -nan
4.8 1.25 1 0.05 1 0.0387163 0.000225219
4.8 1.25 1 0.1 1 0.0386404 0.000447912
4.8 1.25 1 0.15 1 0.0385101 0.000671256
4.8 1.25 1 0.2 1 0.0383383 0.000898601
4.8 1.25 1 0.25 1 0.038119 0.00112785
4.8 1.25 1 0.3 1 0.037832 0.00136526
4.8 1.25 1 0.35 1 0.0374884 0.00159871
4.8 1.25 1 0.4 1 0.0370878 0.00182279
4.8 1.25 1 0.45 1 0.036618 0.0020712
4.8 1.25 1 0.5 1 0.0360824 0.00235281
4.8 1.25 1 0.55 1 0.035467 0.00258385
4.8 1.25 1 0.6 1 0.0347432 0.00287287
4.8 1.25 1 0.65 1 0.0341079 0.00312846
4.8 1.25 1 0.7 1 0.0331765 0.00342352
4.8 1.25 1 0.75 1 0.0321917 0.00370188
4.8 1.25 1 0.8 1 0.0310477 0.00400916
4.8 1.25 1 0.85 1 0.0298338 0.00444476
4.8 1.25 1 0.9 1 0.0286048 0.00468879
4.8 1.25 1 0.95 1 0.026956 0.00510247
4.8 1.25 1 1 1 0.0252175 0.00558326
4.8 1.25 1 1.05 1 0.0231618 0.00599183
4.8 1.25 1 1.1 1 0.0208045 0.00642725
4.8 1.25 1 1.15 1 0.0179879 0.00710405
4.8 1.25 1 1.2 1 0.0144169 0.00793986

4.9 1.25 1 0 1 0.0380846 -nan
4.9 1.25 1 0.05 1 0.0380568 0.000218112
4.9 1.25 1 0.1 1 0.0379869 0.000440107
4.9 1.25 1 0.15 1 0.0378664 0.000651579
4.9 1.25 1 0.2 1 0.0376945 0.000890963
4.9 1.25 1 0.25 1 0.0374777 0.00112316
4.9 1.25 1 0.3 1 0.0371909 0.00135394
4.9 1.25 1 0.35 1 0.036882 0.00158048
4.9 1.25 1 0.4 1 0.0365102 0.00183901
4.9 1.25 1 0.45 1 0.0360343 0.00204299
4.9 1.25 1 0.5 1 0.0354914 0.00229975
4.9 1.25 1 0.55 1 0.034887 0.00254494
4.9 1.25 1 0.6 1 0.0342728 0.00277236
4.9 1.25 1 0.65 1 0.0334928 0.00307866
4.9 1.25 1 0.7 1 0.0326729 0.00335477
4.9 1.25 1 0.75 1 0.0316879 0.00366257
4.9 1.25 1 0.8 1 0.0306728 0.00400017
4.9 1.25 1 0.85 1 0.0295046 0.00430744
4.9 1.25 1 0.9 1 0.0281932 0.00465688
4.9 1.25 1 0.95 1 0.0267859 0.005027
4.9 1.25 1 1 1 0.0250144 0.00537965
4.9 1.25 1 1.05 1 0.0230504 0.00577077
4.9 1.25 1 1.1 1 0.0206733 0.00639251
4.9 1.25 1 1.15 1 0.017959 0.00699895
4.9 1.25 1 1.2 1 0.0144036 0.00782561

5 1.25 1 0 1 0.0374467 2.42948e-08
5 1.25 1 0.05 1 0.0374255 0.000215701
5 1.25 1 0.1 1 0.0373563 0.000430949
5 1.25 1 0.15 1 0.0372398 0.000653622
5 1.25 1 0.2 1 0.0370616 0.000879428
5 1.25 1 0.25 1 0.0368333 0.00109428
5 1.25 1 0.3 1 0.0365861 0.00132525
5 1.25 1 0.35 1 0.0362474 0.00156303
5 1.25 1 0.4 1 0.0358771 0.0017822
5 1.25 1 0.45 1 0.0354753 0.00201884
5 1.25 1 0.5 1 0.0349391 0.00227289
5 1.25 1 0.55 1 0.0343754 0.00252252
5 1.25 1 0.6 1 0.0337419 0.00279339
5 1.25 1 0.65 1 0.0329679 0.003036
5 1.25 1 0.7 1 0.032169 0.00333466
5 1.25 1 0.75 1 0.0312442 0.00359109
5 1.25 1 0.8 1 0.0302171 0.00391185
5 1.25 1 0.85 1 0.0291125 0.00429814
5 1.25 1 0.9 1 0.0278808 0.00462329
5 1.25 1 0.95 1 0.0264064 0.00495141
5 1.25 1 1 1 0.0247627 0.00532481
5 1.25 1 1.05 1 0.0228379 0.00577315
5 1.25 1 1.1 1 0.0206431 0.00619947
5 1.25 1 1.15 1 0.0178503 0.00695464
5 1.25 1 1.2 1 0.0146019 0.00784027

5.1 1.25 1 0 1 0.0367573 -nan
5.1 1.25 1 0.05 1 0.0367394 6.79039e-05
5.1 1.25 1 0.1 1 0.0366707 0.000126823
5.1 1.25 1 0.15 1 0.036556 0.000200836
5.1 1.25 1 0.2 1 0.0363932 0.000265856
5.1 1.25 1 0.25 1 0.0362088 0.000330253
5.1 1.25 1 0.3 1 0.0359509 0.00040637
5.1 1.25 1 0.35 1 0.0356333 0.000455001
5.1 1.25 1 0.4 1 0.0352893 0.000522898
5.1 1.25 1 0.45 1 0.0348612 0.000595898
5.1 1.25 1 0.5 1 0.0344289 0.000706077
5.1 1.25 1 0.55 1 0.0338823 0.000757396
5.1 1.25 1 0.6 1 0.0332142 0.000852029
5.1 1.25 1 0.65 1 0.0325588 0.000934198
5.1 1.25 1 0.7 1 0.0318545 0.00106573
5.1 1.25 1 0.75 1 0.0309785 0.0010755
5.1 1.25 1 0.8 1 0.0300446 0.00120613
5.1 1.25 1 0.85 1 0.0288864 0.00132947
5.1 1.25 1 0.9 1 0.0277152 0.0013778
5.1 1.25 1 0.95 1 0.0263572 0.0015659
5.1 1.25 1 1 1 0.0248084 0.00173829
5.1 1.25 1 1.05 1 0.0230806 0.00178825
5.1 1.25 1 1.1 1 0.0209786 0.0019905
5.1 1.25 1 1.15 1 0.0183394 0.00207297
5.1 1.25 1 1.2 1 0.0153013 0.00238804

5.2 1.25 1 0 1 0.0361602 -nan
5.2 1.25 1 0.05 1 0.0361409 6.49748e-05
5.2 1.25 1 0.1 1 0.0360779 0.000131854
5.2 1.25 1 0.15 1 0.0359718 0.000195205
5.2 1.25 1 0.2 1 0.0358175 0.000260579
5.2 1.25 1 0.25 1 0.0356405 0.000335674
5.2 1.25 1 0.3 1 0.0353728 0.000399741
5.2 1.25 1 0.35 1 0.0350814 0.000467107
5.2 1.25 1 0.4 1 0.0347635 0.000534148
5.2 1.25 1 0.45 1 0.0343091 0.000614623
5.2 1.25 1 0.5 1 0.0338547 0.000672911
5.2 1.25 1 0.55 1 0.0334479 0.000778925
5.2 1.25 1 0.6 1 0.032804 0.000816825
5.2 1.25 1 0.65 1 0.0320345 0.000913569
5.2 1.25 1 0.7 1 0.0314422 0.000973697
5.2 1.25 1 0.75 1 0.0305757 0.00111785
5.2 1.25 1 0.8 1 0.0296309 0.00118326
5.2 1.25 1 0.85 1 0.0285641 0.00125827
5.2 1.25 1 0.9 1 0.0273425 0.00137764
5.2 1.25 1 0.95 1 0.0260453 0.00149188
5.2 1.25 1 1 1 0.0246085 0.00161369
5.2 1.25 1 1.05 1 0.0228992 0.00175152
5.2 1.25 1 1.1 1 0.0208928 0.00189341
5.2 1.25 1 1.15 1 0.0184947 0.0020174
5.2 1.25 1 1.2 1 0.015254 0.00236988

5.3 1.25 1 0 1 0.0355823 -nan
5.3 1.25 1 0.05 1 0.0355652 6.5037e-05
5.3 1.25 1 0.1 1 0.0355074 0.000131361
5.3 1.25 1 0.15 1 0.0354073 0.000187442
5.3 1.25 1 0.2 1 0.0352633 0.000255434
5.3 1.25 1 0.25 1 0.0350819 0.00033565
5.3 1.25 1 0.3 1 0.034828 0.000394629
5.3 1.25 1 0.35 1 0.034551 0.000460732
5.3 1.25 1 0.4 1 0.0341929 0.00051553
5.3 1.25 1 0.45 1 0.0338293 0.000586363
5.3 1.25 1 0.5 1 0.0334006 0.000674911
5.3 1.25 1 0.55 1 0.0328854 0.000708671
5.3 1.25 1 0.6 1 0.0322728 0.000851644
5.3 1.25 1 0.65 1 0.031617 0.000879921
5.3 1.25 1 0.7 1 0.030964 0.00102917
5.3 1.25 1 0.75 1 0.0301777 0.00109273
5.3 1.25 1 0.8 1 0.0292466 0.00117705
5.3 1.25 1 0.85 1 0.0281907 0.00127173
5.3 1.25 1 0.9 1 0.0271166 0.00138382
5.3 1.25 1 0.95 1 0.025713 0.00147827
5.3 1.25 1 1 1 0.0244579 0.00160574
5.3 1.25 1 1.05 1 0.0226034 0.00166383
5.3 1.25 1 1.1 1 0.0206513 0.00183256
5.3 1.25 1 1.15 1 0.0183834 0.00199189
5.3 1.25 1 1.2 1 0.0153883 0.00228788

5.4 1.25 1 0 1 0.0350227 -nan
5.4 1.25 1 0.05 1 0.0349979 6.4607e-05
5.4 1.25 1 0.1 1 0.0349469 0.000126614
5.4 1.25 1 0.15 1 0.0348388 0.000195949
5.4 1.25 1 0.2 1 0.0347101 0.000258645
5.4 1.25 1 0.25 1 0.0345211 0.000320824
5.4 1.25 1 0.3 1 0.0342854 0.000383071
5.4 1.25 1 0.35 1 0.0340044 0.000432582
5.4 1.25 1 0.4 1 0.0337113 0.000503446
5.4 1.25 1 0.45 1 0.0333298 0.000569182
5.4 1.25 1 0.5 1 0.0328845 0.000646397
5.4 1.25 1 0.55 1 0.0324138 0.00069345
5.4 1.25 1 0.6 1 0.0318587 0.000799159
5.4 1.25 1 0.65 1 0.0312004 0.000886079
5.4 1.25 1 0.7 1 0.0306057 0.000986662
5.4 1.25 1 0.75 1 0.0297294 0.00104298
5.4 1.25 1 0.8 1 0.0288734 0.00114006
5.4 1.25 1 0.85 1 0.0278257 0.00125664
5.4 1.25 1 0.9 1 0.0267926 0.00132054
5.4 1.25 1 0.95 1 0.0254387 0.00142001
5.4 1.25 1 1 1 0.0242292 0.00150908
5.4 1.25 1 1.05 1 0.022455 0.00166309
5.4 1.25 1 1.1 1 0.0206287 0.0018894
5.4 1.25 1 1.15 1 0.0182826 0.00200541
5.4 1.25 1 1.2 1 0.0153375 0.00221189

5.5 1.25 1 0 1 0.0344804 -nan
5.5 1.25 1 0.05 1 0.0344619 6.4562e-05
5.5 1.25 1 0.1 1 0.0344096 0.000119617
5.5 1.25 1 0.15 1 0.0343019 0.000188566
5.5 1.25 1 0.2 1 0.0341675 0.000244919
5.5 1.25 1 0.25 1 0.0339756 0.000310144
5.5 1.25 1 0.3 1 0.0337734 0.000386387
5.5 1.25 1 0.35 1 0.0335106 0.000431688
5.5 1.25 1 0.4 1 0.0331865 0.000508756
5.5 1.25 1 0.45 1 0.0328248 0.000581066
5.5 1.25 1 0.5 1 0.032387 0.000656486
5.5 1.25 1 0.55 1 0.0319643 0.000731203
5.5 1.25 1 0.6 1 0.031391 0.000807142
5.5 1.25 1 0.65 1 0.0307615 0.000868846
5.5 1.25 1 0.7 1 0.0301427 0.000945122
5.5 1.25 1 0.75 1 0.0294181 0.00104565
5.5 1.25 1 0.8 1 0.0284834 0.00117544
5.5 1.25 1 0.85 1 0.0275002 0.00118589
5.5 1.25 1 0.9 1 0.0264945 0.00130314
5.5 1.25 1 0.95 1 0.025239 0.00140603
5.5 1.25 1 1 1 0.0238999 0.00157016
5.5 1.25 1 1.05 1 0.0223194 0.0016717
5.5 1.25 1 1.1 1 0.0204925 0.00178861
5.5 1.25 1 1.15 1 0.0182458 0.00198728
5.5 1.25 1 1.2 1 0.0154385 0.00222917

5.6 1.25 1 0 1 0.0339547 -nan
5.6 1.25 1 0.05 1 0.0339318 6.39267e-05
5.6 1.25 1 0.1 1 0.0338763 0.000115695
5.6 1.25 1 0.15 1 0.0337904 0.000184803
5.6 1.25 1 0.2 1 0.03366 0.000243464
5.6 1.25 1 0.25 1 0.0334753 0.000312837
5.6 1.25 1 0.3 1 0.0332484 0.000367506
5.6 1.25 1 0.35 1 0.0329968 0.00045417
5.6 1.25 1 0.4 1 0.0326977 0.000508859
5.6 1.25 1 0.45 1 0.0323561 0.000570303
5.6 1.25 1 0.5 1 0.0319553 0.000618157
5.6 1.25 1 0.55 1 0.0314636 0.000707928
5.6 1.25 1 0.6 1 0.0309493 0.000783885
5.6 1.25 1 0.65 1 0.0304146 0.000831299
5.6 1.25 1 0.7 1 0.0297523 0.00091712
5.6 1.25 1 0.75 1 0.0289834 0.00102481
5.6 1.25 1 0.8 1 0.0282344 0.00111396
5.6 1.25 1 0.85 1 0.0272233 0.00118751
5.6 1.25 1 0.9 1 0.0262628 0.00133032
5.6 1.25 1 0.95 1 0.0249683 0.00135309
5.6 1.25 1 1 1 0.0237563 0.00145863
5.6 1.25 1 1.05 1 0.0221138 0.00164894
5.6 1.25 1 1.1 1 0.0203062 0.00177142
5.6 1.25 1 1.15 1 0.0181546 0.00197361
5.6 1.25 1 1.2 1 0.015421 0.00214883

5.7 1.25 1 0 1 0.0334448 5.54899e-09
5.7 1.25 1 0.05 1 0.0334259 6.22249e-05
5.7 1.25 1 0.1 1 0.0333728 0.000125167
5.7 1.25 1 0.15 1 0.033285 0.000180069
5.7 1.25 1 0.2 1 0.0331558 0.00025318
5.7 1.25 1 0.25 1 0.0329757 0.000305175
5.7 1.25 1 0.3 1 0.0327623 0.000367655
5.7 1.25 1 0.35 1 0.0324911 0.000438506
5.7 1.25 1 0.4 1 0.0322325 0.000493257
5.7 1.25 1 0.45 1 0.0319001 0.000564856
5.7 1.25 1 0.5 1 0.0315045 0.000651768
5.7 1.25 1 0.55 1 0.0310089 0.000714119
5.7 1.25 1 0.6 1 0.0305642 0.000758583
5.7 1.25 1 0.65 1 0.0299475 0.000849277
5.7 1.25 1 0.7 1 0.02933 0.000933683
5.7 1.25 1 0.75 1 0.0286286 0.000982318
5.7 1.25 1 0.8 1 0.0278375 0.00106085
5.7 1.25 1 0.85 1 0.0269491 0.00119261
5.7 1.25 1 0.9 1 0.0259159 0.00129513
5.7 1.25 1 0.95 1 0.0247025 0.00137243
5.7 1.25 1 1 1 0.0234415 0.00148281
5.7 1.25 1 1.05 1 0.0219122 0.00159646
5.7 1.25 1 1.1 1 0.0201481 0.00176395
5.7 1.25 1 1.15 1 0.0180768 0.00186343
5.7 1.25 1 1.2 1 0.0155205 0.00214791

5.8 1.25 1 0 1 0.0329501 -nan
5.8 1.25 1 0.05 1 0.0329311 6.22089e-05
5.8 1.25 1 0.1 1 0.0328803 0.000118099
5.8 1.25 1 0.15 1 0.0327874 0.000179627
5.8 1.25 1 0.2 1 0.0326673 0.000238642
5.8 1.25 1 0.25 1 0.032488 0.000297819
5.8 1.25 1 0.3 1 0.0323024 0.000365089
5.8 1.25 1 0.35 1 0.0320666 0.000413227
5.8 1.25 1 0.4 1 0.0317875 0.000486291
5.8 1.25 1 0.45 1 0.0314513 0.000552952
5.8 1.25 1 0.5 1 0.0310662 0.000628651
5.8 1.25 1 0.55 1 0.0306301 0.00068263
5.8 1.25 1 0.6 1 0.0301499 0.000784462
5.8 1.25 1 0.65 1 0.029561 0.000839476
5.8 1.25 1 0.7 1 0.0289602 0.000918545
5.8 1.25 1 0.75 1 0.0282254 0.00098693
5.8 1.25 1 0.8 1 0.0274866 0.00109447
5.8 1.25 1 0.85 1 0.0266177 0.00112905
5.8 1.25 1 0.9 1 0.0256338 0.00132597
5.8 1.25 1 0.95 1 0.024493 0.00140739
5.8 1.25 1 1 1 0.0232042 0.00148945
5.8 1.25 1 1.05 1 0.0217831 0.00153774
5.8 1.25 1 1.1 1 0.0199047 0.00170182
5.8 1.25 1 1.15 1 0.0180418 0.0018581
5.8 1.25 1 1.2 1 0.0153312 0.00208355

5.9 1.25 1 0 1 0.0324698 6.1777e-09
5.9 1.25 1 0.05 1 0.0324557 5.88895e-05
5.9 1.25 1 0.1 1 0.0323993 0.000117964
5.9 1.25 1 0.15 1 0.032314 0.000179721
5.9 1.25 1 0.2 1 0.0322011 0.000238675
5.9 1.25 1 0.25 1 0.032036 0.000294242
5.9 1.25 1 0.3 1 0.0318336 0.00037227
5.9 1.25 1 0.35 1 0.0315785 0.000419508
5.9 1.25 1 0.4 1 0.0313216 0.000496762
5.9 1.25 1 0.45 1 0.0310091 0.000547294
5.9 1.25 1 0.5 1 0.030651 0.000615824
5.9 1.25 1 0.55 1 0.0302172 0.000699503
5.9 1.25 1 0.6 1 0.0297233 0.00074406
5.9 1.25 1 0.65 1 0.0291871 0.000826625
5.9 1.25 1 0.7 1 0.0285583 0.000917973
5.9 1.25 1 0.75 1 0.0278908 0.000965496
5.9 1.25 1 0.8 1 0.0271148 0.00108629
5.9 1.25 1 0.85 1 0.0263065 0.00111185
5.9 1.25 1 0.9 1 0.0253423 0.0012293
5.9 1.25 1 0.95 1 0.0242137 0.00133725
5.9 1.25 1 1 1 0.0229934 0.00152304
5.9 1.25 1 1.05 1 0.0215346 0.00154538
5.9 1.25 1 1.1 1 0.0200285 0.00170788
5.9 1.25 1 1.15 1 0.017917 0.00181547
5.9 1.25 1 1.2 1 0.0154989 0.00205558

6 1.25 1 0 1 0.0320034 5.1434e-09
6 1.25 1 0.05 1 0.0319836 5.84088e-05
6 1.25 1 0.1 1 0.0319387 0.000112226
6 1.25 1 0.15 1 0.0318536 0.000171479
6 1.25 1 0.2 1 0.031744 0.000224939
6 1.25 1 0.25 1 0.0315717 0.000289575
6 1.25 1 0.3 1 0.0313836 0.000356473
6 1.25 1 0.35 1 0.0311525 0.00041076
6 1.25 1 0.4 1 0.0308945 0.000480172
6 1.25 1 0.45 1 0.0305209 0.000559889
6 1.25 1 0.5 1 0.0302141 0.000596352
6 1.25 1 0.55 1 0.029802 0.00068499
6 1.25 1 0.6 1 0.0293571 0.000717906
6 1.25 1 0.65 1 0.0288013 0.00083301
6 1.25 1 0.7 1 0.0282353 0.000876905
6 1.25 1 0.75 1 0.0275808 0.000940972
6 1.25 1 0.8 1 0.0267608 0.00105802
6 1.25 1 0.85 1 0.0259791 0.00114963
6 1.25 1 0.9 1 0.0250117 0.0011873
6 1.25 1 0.95 1 0.0239441 0.00132597
6 1.25 1 1 1 0.0228021 0.00138248
6 1.25 1 1.05 1 0.0213153 0.00161229
6 1.25 1 1.1 1 0.019733 0.00164026
6 1.25 1 1.15 1 0.0178159 0.00180845
6 1.25 1 1.2 1 0.0154303 0.00200771

6.1 1.25 1 0 1 0.0315502 7.69399e-09
6.1 1.25 1 0.05 1 0.0315359 5.59836e-05
6.1 1.25 1 0.1 1 0.0314862 0.000115296
6.1 1.25 1 0.15 1 0.0314181 0.000168259
6.1 1.25 1 0.2 1 0.0312844 0.000229483
6.1 1.25 1 0.25 1 0.0311293 0.000290002
6.1 1.25 1 0.3 1 0.0309541 0.000351066
6.1 1.25 1 0.35 1 0.0307118 0.000400454
6.1 1.25 1 0.4 1 0.030469 0.000476759
6.1 1.25 1 0.45 1 0.0301279 0.000522511
6.1 1.25 1 0.5 1 0.029801 0.000595986
6.1 1.25 1 0.55 1 0.0294206 0.000652752
6.1 1.25 1 0.6 1 0.0289681 0.000716351
6.1 1.25 1 0.65 1 0.0284236 0.000801785
6.1 1.25 1 0.7 1 0.027846 0.000912541
6.1 1.25 1 0.75 1 0.0272408 0.000929472
6.1 1.25 1 0.8 1 0.0264511 0.00100836
6.1 1.25 1 0.85 1 0.0256762 0.0011403
6.1 1.25 1 0.9 1 0.0248621 0.00119919
6.1 1.25 1 0.95 1 0.0237965 0.00126078
6.1 1.25 1 1 1 0.022588 0.00141296
6.1 1.25 1 1.05 1 0.0211641 0.0015289
6.1 1.25 1 1.1 1 0.0196682 0.00162024
6.1 1.25 1 1.15 1 0.0178205 0.00190618
6.1 1.25 1 1.2 1 0.0153425 0.00199203

6.2 1.25 1 0 1 0.0311097 -nan
6.2 1.25 1 0.05 1 0.031096 5.53257e-05
6.2 1.25 1 0.1 1 0.0310449 0.000115033
6.2 1.25 1 0.15 1 0.0309623 0.000165688
6.2 1.25 1 0.2 1 0.0308595 0.000220871
6.2 1.25 1 0.25 1 0.0307092 0.000284445
6.2 1.25 1 0.3 1 0.0305162 0.000345424
6.2 1.25 1 0.35 1 0.0303026 0.000391332
6.2 1.25 1 0.4 1 0.030045 0.000468518
6.2 1.25 1 0.45 1 0.0297514 0.000518722
6.2 1.25 1 0.5 1 0.0294268 0.00058945
6.2 1.25 1 0.55 1 0.0290116 0.000668741
6.2 1.25 1 0.6 1 0.0285589 0.000692447
6.2 1.25 1 0.65 1 0.028077 0.000770662
6.2 1.25 1 0.7 1 0.0275124 0.000827841
6.2 1.25 1 0.75 1 0.026913 0.000913098
6.2 1.25 1 0.8 1 0.0261616 0.00099856
6.2 1.25 1 0.85 1 0.0254184 0.00105351
6.2 1.25 1 0.9 1 0.0244935 0.0012098
6.2 1.25 1 0.95 1 0.0234318 0.00124538
6.2 1.25 1 1 1 0.0223871 0.00144682
6.2 1.25 1 1.05 1 0.0209638 0.00148352
6.2 1.25 1 1.1 1 0.0196055 0.0016237
6.2 1.25 1 1.15 1 0.0175465 0.00179102
6.2 1.25 1 1.2 1 0.015391 0.0018871

6.3 1.25 1 0 1 0.0306813 -nan
6.3 1.25 1 0.05 1 0.030667 5.38961e-05
6.3 1.25 1 0.1 1 0.0306171 0.000117573
6.3 1.25 1 0.15 1 0.0305431 0.000170589
6.3 1.25 1 0.2 1 0.030437 0.000222369
6.3 1.25 1 0.25 1 0.0302983 0.000280753
6.3 1.25 1 0.3 1 0.0301034 0.000325951
6.3 1.25 1 0.35 1 0.0299005 0.000385093
6.3 1.25 1 0.4 1 0.0296571 0.000468501
6.3 1.25 1 0.45 1 0.0293622 0.00049539
6.3 1.25 1 0.5 1 0.0290195 0.000591641
6.3 1.25 1 0.55 1 0.0286265 0.000649248
6.3 1.25 1 0.6 1 0.0282512 0.000722996
6.3 1.25 1 0.65 1 0.027705 0.000747148
6.3 1.25 1 0.7 1 0.0272096 0.000843656
6.3 1.25 1 0.75 1 0.0266553 0.000915617
6.3 1.25 1 0.8 1 0.0258105 0.000963134
6.3 1.25 1 0.85 1 0.0251134 0.00110352
6.3 1.25 1 0.9 1 0.0241558 0.00117228
6.3 1.25 1 0.95 1 0.0233182 0.00131016
6.3 1.25 1 1 1 0.0221259 0.0014111
6.3 1.25 1 1.05 1 0.0208783 0.00146301
6.3 1.25 1 1.1 1 0.0192437 0.00166569
6.3 1.25 1 1.15 1 0.0175849 0.0017944
6.3 1.25 1 1.2 1 0.0153623 0.00194474

6.4 1.25 1 0 1 0.0302646 6.74003e-09
6.4 1.25 1 0.05 1 0.0302521 5.23449e-05
6.4 1.25 1 0.1 1 0.0302017 0.000112811
6.4 1.25 1 0.15 1 0.0301245 0.000165412
6.4 1.25 1 0.2 1 0.0300219 0.000212829
6.4 1.25 1 0.25 1 0.0298774 0.000271038
6.4 1.25 1 0.3 1 0.0297201 0.00033817
6.4 1.25 1 0.35 1 0.0295048 0.000382805
6.4 1.25 1 0.4 1 0.0292566 0.000429451
6.4 1.25 1 0.45 1 0.029008 0.000524241
6.4 1.25 1 0.5 1 0.0286867 0.000578297
6.4 1.25 1 0.55 1 0.0282621 0.000641008
6.4 1.25 1 0.6 1 0.0278739 0.000698177
6.4 1.25 1 0.65 1 0.0273715 0.000783891
6.4 1.25 1 0.7 1 0.0268619 0.000829861
6.4 1.25 1 0.75 1 0.0263028 0.000950867
6.4 1.25 1 0.8 1 0.0256454 0.00102926
6.4 1.25 1 0.85 1 0.0247919 0.0010579
6.4 1.25 1 0.9 1 0.0239733 0.00117634
6.4 1.25 1 0.95 1 0.0229328 0.00121213
6.4 1.25 1 1 1 0.0219525 0.00133351
6.4 1.25 1 1.05 1 0.020661 0.00146511
6.4 1.25 1 1.1 1 0.0192299 0.00152619
6.4 1.25 1 1.15 1 0.0173941 0.0017535
6.4 1.25 1 1.2 1 0.0151491 0.00195737

6.5 1.25 1 0 1 0.0298591 2.79397e-09
6.5 1.25 1 0.05 1 0.0298452 5.38891e-05
6.5 1.25 1 0.1 1 0.0297988 0.000105539
6.5 1.25 1 0.15 1 0.0297313 0.000164354
6.5 1.25 1 0.2 1 0.0296144 0.000212275
6.5 1.25 1 0.25 1 0.0294605 0.00027492
6.5 1.25 1 0.3 1 0.0293258 0.00031809
6.5 1.25 1 0.35 1 0.0291388 0.000383055
6.5 1.25 1 0.4 1 0.0288537 0.00043866
6.5 1.25 1 0.45 1 0.0286306 0.000496029
6.5 1.25 1 0.5 1 0.028281 0.00057204
6.5 1.25 1 0.55 1 0.0279419 0.000620052
6.5 1.25 1 0.6 1 0.027528 0.000717521
6.5 1.25 1 0.65 1 0.0270665 0.00075424
6.5 1.25 1 0.7 1 0.0265117 0.000807128
6.5 1.25 1 0.75 1 0.0259824 0.000924335
6.5 1.25 1 0.8 1 0.025335 0.000948418
6.5 1.25 1 0.85 1 0.0245453 0.0010727
6.5 1.25 1 0.9 1 0.0237684 0.00112378
6.5 1.25 1 0.95 1 0.022739 0.00125229
6.5 1.25 1 1 1 0.0216832 0.00134907
6.5 1.25 1 1.05 1 0.0204259 0.00145094
6.5 1.25 1 1.1 1 0.0190957 0.001599
6.5 1.25 1 1.15 1 0.0174087 0.00170386
6.5 1.25 1 1.2 1 0.0152292 0.00187711

6.6 1.25 1 0 1 0.0294644 -nan
6.6 1.25 1 0.05 1 0.029449 5.21873e-05
6.6 1.25 1 0.1 1 0.0294121 0.00010538
6.6 1.25 1 0.15 1 0.0293318 0.000156303
6.6 1.25 1 0.2 1 0.0292293 0.000208887
6.6 1.25 1 0.25 1 0.0290988 0.000277333
6.6 1.25 1 0.3 1 0.0289647 0.000337094
6.6 1.25 1 0.35 1 0.0287364 0.000373405
6.6 1.25 1 0.4 1 0.0285213 0.0004362
6.6 1.25 1 0.45 1 0.0282568 0.000507383
6.6 1.25 1 0.5 1 0.027909 0.000549498
6.6 1.25 1 0.55 1 0.0276146 0.00060747
6.6 1.25 1 0.6 1 0.0272037 0.000669108
6.6 1.25 1 0.65 1 0.0267512 0.000742392
6.6 1.25 1 0.7 1 0.0262019 0.000839628
6.6 1.25 1 0.75 1 0.0256896 0.000917659
6.6 1.25 1 0.8 1 0.0250181 0.000977534
6.6 1.25 1 0.85 1 0.0242663 0.00105914
6.6 1.25 1 0.9 1 0.0234574 0.00113796
6.6 1.25 1 0.95 1 0.0226069 0.00117924
6.6 1.25 1 1 1 0.0215108 0.0013557
6.6 1.25 1 1.05 1 0.0203142 0.00143688
6.6 1.25 1 1.1 1 0.0188936 0.00154138
6.6 1.25 1 1.15 1 0.0171566 0.00173357
6.6 1.25 1 1.2 1 0.0152374 0.0018169

6.7 1.25 1 0 1 0.02908 -nan
6.7 1.25 1 0.05 1 0.0290647 5.27923e-05
6.7 1.25 1 0.1 1 0.0290233 0.000104289
6.7 1.25 1 0.15 1 0.0289596 0.000158448
6.7 1.25 1 0.2 1 0.0288553 0.000209873
6.7 1.25 1 0.25 1 0.0287267 0.000270489
6.7 1.25 1 0.3 1 0.0285714 0.000313345
6.7 1.25 1 0.35 1 0.0283651 0.00036276
6.7 1.25 1 0.4 1 0.0281732 0.000422388
6.7 1.25 1 0.45 1 0.0278925 0.000493503
6.7 1.25 1 0.5 1 0.027592 0.000553373
6.7 1.25 1 0.55 1 0.0272538 0.000614142
6.7 1.25 1 0.6 1 0.0268664 0.000688973
6.7 1.25 1 0.65 1 0.0263755 0.000766838
6.7 1.25 1 0.7 1 0.0258964 0.00080795
6.7 1.25 1 0.75 1 0.0254442 0.000873835
6.7 1.25 1 0.8 1 0.0247614 0.00098163
6.7 1.25 1 0.85 1 0.0240527 0.00106036
6.7 1.25 1 0.9 1 0.0232495 0.00109291
6.7 1.25 1 0.95 1 0.0223913 0.00120168
6.7 1.25 1 1 1 0.0213432 0.00125551
6.7 1.25 1 1.05 1 0.0201367 0.00143711
6.7 1.25 1 1.1 1 0.018807 0.00154411
6.7 1.25 1 1.15 1 0.01719 0.0016804
6.7 1.25 1 1.2 1 0.0150057 0.00193241

6.8 1.25 1 0 1 0.0287055 -nan
6.8 1.25 1 0.05 1 0.0286933 5.24068e-05
6.8 1.25 1 0.1 1 0.0286552 0.000106543
6.8 1.25 1 0.15 1 0.0285844 0.000155046
6.8 1.25 1 0.2 1 0.028495 0.000204522
6.8 1.25 1 0.25 1 0.0283681 0.000266189
6.8 1.25 1 0.3 1 0.0282172 0.000306888
6.8 1.25 1 0.35 1 0.0279922 0.000382508
6.8 1.25 1 0.4 1 0.0278066 0.00044863
6.8 1.25 1 0.45 1 0.0275636 0.000476702
6.8 1.25 1 0.5 1 0.0272689 0.000516398
6.8 1.25 1 0.55 1 0.026888 0.000598583
6.8 1.25 1 0.6 1 0.0265749 0.000673733
6.8 1.25 1 0.65 1 0.0261194 0.000757649
6.8 1.25 1 0.7 1 0.0256016 0.000787942
6.8 1.25 1 0.75 1 0.0251133 0.000861928
6.8 1.25 1 0.8 1 0.024479 0.000931598
6.8 1.25 1 0.85 1 0.0237642 0.00101397
6.8 1.25 1 0.9 1 0.0229756 0.00110778
6.8 1.25 1 0.95 1 0.0221963 0.00117972
6.8 1.25 1 1 1 0.0211675 0.00132376
6.8 1.25 1 1.05 1 0.0200371 0.00138121
6.8 1.25 1 1.1 1 0.0186392 0.00150742
6.8 1.25 1 1.15 1 0.016964 0.00161869
6.8 1.25 1 1.2 1 0.0150658 0.0017839

6.9 1.25 1 0 1 0.0283405 6.2475e-09
6.9 1.25 1 0.05 1 0.0283279 4.95462e-05
6.9 1.25 1 0.1 1 0.0282871 9.84696e-05
6.9 1.25 1 0.15 1 0.0282161 0.000151809
6.9 1.25 1 0.2 1 0.0281243 0.000198977
6.9 1.25 1 0.25 1 0.028009 0.000260603
6.9 1.25 1 0.3 1 0.0278592 0.00030649
6.9 1.25 1 0.35 1 0.0276644 0.000357416
6.9 1.25 1 0.4 1 0.0274645 0.000416431
6.9 1.25 1 0.45 1 0.0272039 0.000481636
6.9 1.25 1 0.5 1 0.0269315 0.00052592
6.9 1.25 1 0.55 1 0.0266025 0.000596687
6.9 1.25 1 0.6 1 0.02623 0.000629575
6.9 1.25 1 0.65 1 0.0258184 0.000697054
6.9 1.25 1 0.7 1 0.0253077 0.000801006
6.9 1.25 1 0.75 1 0.02478 0.000857301
6.9 1.25 1 0.8 1 0.024247 0.000942787
6.9 1.25 1 0.85 1 0.0235616 0.00100917
6.9 1.25 1 0.9 1 0.0227145 0.00105051
6.9 1.25 1 0.95 1 0.0219462 0.00118763
6.9 1.25 1 1 1 0.0209598 0.00125125
6.9 1.25 1 1.05 1 0.019824 0.0013598
6.9 1.25 1 1.1 1 0.0184011 0.00148946
6.9 1.25 1 1.15 1 0.0169567 0.00161131
6.9 1.25 1 1.2 1 0.0149631 0.00181924

7 1.25 1 0 1 0.0279847 -nan
7 1.25 1 0.05 1 0.0279707 5.11915e-05
7 1.25 1 0.1 1 0.0279343 0.000106077
7 1.25 1 0.15 1 0.027863 0.000154189
7 1.25 1 0.2 1 0.0277796 0.000199058
7 1.25 1 0.25 1 0.0276542 0.000264081
7 1.25 1 0.3 1 0.0275054 0.00030273
7 1.25 1 0.35 1 0.0273238 0.000377194
7 1.25 1 0.4 1 0.0271227 0.000406209
7 1.25 1 0.45 1 0.0268902 0.000483418
7 1.25 1 0.5 1 0.0265982 0.000551157
7 1.25 1 0.55 1 0.0262795 0.000581745
7 1.25 1 0.6 1 0.0258991 0.000619787
7 1.25 1 0.65 1 0.0255002 0.000708945
7 1.25 1 0.7 1 0.0250733 0.000797387
7 1.25 1 0.75 1 0.0245341 0.000861257
7 1.25 1 0.8 1 0.0239958 0.000926258
7 1.25 1 0.85 1 0.0233144 0.000976677
7 1.25 1 0.9 1 0.022598 0.00106633
7 1.25 1 0.95 1 0.0217421 0.00113904
7 1.25 1 1 1 0.0207134 0.00124273
7 1.25 1 1.05 1 0.0196667 0.00138441
7 1.25 1 1.1 1 0.0183646 0.00149176
7 1.25 1 1.15 1 0.0167499 0.00157253
7 1.25 1 1.2 1 0.014927 0.00176212

7.1 1.25 1 0 1 0.0276378 -nan
7.1 1.25 1 0.05 1 0.0276246 5.15719e-05
7.1 1.25 1 0.1 1 0.0275876 9.59083e-05
7.1 1.25 1 0.15 1 0.0275187 0.00014831
7.1 1.25 1 0.2 1 0.0274306 0.000198882
7.1 1.25 1 0.25 1 0.0273269 0.00025828
7.1 1.25 1 0.3 1 0.0271846 0.000300806
7.1 1.25 1 0.35 1 0.027015 0.000363132
7.1 1.25 1 0.4 1 0.026785 0.000410527
7.1 1.25 1 0.45 1 0.02657 0.000463384
7.1 1.25 1 0.5 1 0.0262888 0.000491606
7.1 1.25 1 0.55 1 0.0259848 0.00057456
7.1 1.25 1 0.6 1 0.0255991 0.000650142
7.1 1.25 1 0.65 1 0.025216 0.000730786
7.1 1.25 1 0.7 1 0.0247722 0.000792042
7.1 1.25 1 0.75 1 0.0243078 0.000860499
7.1 1.25 1 0.8 1 0.0236694 0.000906856
7.1 1.25 1 0.85 1 0.0230813 0.00100362
7.1 1.25 1 0.9 1 0.0222734 0.00105796
7.1 1.25 1 0.95 1 0.0215179 0.00114408
7.1 1.25 1 1 1 0.0205035 0.00122779
7.1 1.25 1 1.05 1 0.0194521 0.00134081
7.1 1.25 1 1.1 1 0.0182471 0.00144715
7.1 1.25 1 1.15 1 0.0167348 0.00160241
7.1 1.25 1 1.2 1 0.0147829 0.00177608

7.2 1.25 1 0 1 0.0272993 3.56162e-09
7.2 1.25 1 0.05 1 0.0272871 4.88751e-05
7.2 1.25 1 0.1 1 0.0272512 0.000101036
7.2 1.25 1 0.15 1 0.0271932 0.000146977
7.2 1.25 1 0.2 1 0.027103 0.000199002
7.2 1.25 1 0.25 1 0.026994 0.000246937
7.2 1.25 1 0.3 1 0.0268464 0.000301907
7.2 1.25 1 0.35 1 0.0266694 0.000342891
7.2 1.25 1 0.4 1 0.0264635 0.000407889
7.2 1.25 1 0.45 1 0.0262486 0.000450958
7.2 1.25 1 0.5 1 0.0259699 0.000520632
7.2 1.25 1 0.55 1 0.0256725 0.000577793
7.2 1.25 1 0.6 1 0.0253045 0.000651553
7.2 1.25 1 0.65 1 0.0249325 0.000713273
7.2 1.25 1 0.7 1 0.0245177 0.000738443
7.2 1.25 1 0.75 1 0.0240335 0.000850994
7.2 1.25 1 0.8 1 0.0234949 0.000877427
7.2 1.25 1 0.85 1 0.0228476 0.000968678
7.2 1.25 1 0.9 1 0.0220903 0.00105019
7.2 1.25 1 0.95 1 0.021305 0.00112589
7.2 1.25 1 1 1 0.0203197 0.00120336
7.2 1.25 1 1.05 1 0.0193533 0.00137167
7.2 1.25 1 1.1 1 0.0180876 0.00139603
7.2 1.25 1 1.15 1 0.0166485 0.00155164
7.2 1.25 1 1.2 1 0.0148675 0.00176491

7.3 1.25 1 0 1 0.0269691 2.75489e-09
7.3 1.25 1 0.05 1 0.0269575 4.86945e-05
7.3 1.25 1 0.1 1 0.0269215 9.59985e-05
7.3 1.25 1 0.15 1 0.0268608 0.000146724
7.3 1.25 1 0.2 1 0.0267846 0.000196337
7.3 1.25 1 0.25 1 0.0266557 0.000243953
7.3 1.25 1 0.3 1 0.0265347 0.00030434
7.3 1.25 1 0.35 1 0.0263647 0.00036068
7.3 1.25 1 0.4 1 0.0261815 0.000408513
7.3 1.25 1 0.45 1 0.025948 0.000451155
7.3 1.25 1 0.5 1 0.0256962 0.000528903
7.3 1.25 1 0.55 1 0.0253787 0.000558512
7.3 1.25 1 0.6 1 0.0250312 0.000623279
7.3 1.25 1 0.65 1 0.0246759 0.000660588
7.3 1.25 1 0.7 1 0.0241966 0.000737473
7.3 1.25 1 0.75 1 0.0237712 0.000825586
7.3 1.25 1 0.8 1 0.0231597 0.000928982
7.3 1.25 1 0.85 1 0.0225395 0.000994495
7.3 1.25 1 0.9 1 0.0218821 0.00105561
7.3 1.25 1 0.95 1 0.0210915 0.00112885
7.3 1.25 1 1 1 0.0202725 0.00121991
7.3 1.25 1 1.05 1 0.0191631 0.00136646
7.3 1.25 1 1.1 1 0.0179748 0.00144131
7.3 1.25 1 1.15 1 0.0165407 0.00156925
7.3 1.25 1 1.2 1 0.0147018 0.00169535

7.4 1.25 1 0 1 0.0266468 -nan
7.4 1.25 1 0.05 1 0.0266349 4.83355e-05
7.4 1.25 1 0.1 1 0.0266026 9.55768e-05
7.4 1.25 1 0.15 1 0.0265448 0.000145285
7.4 1.25 1 0.2 1 0.0264591 0.000192633
7.4 1.25 1 0.25 1 0.0263493 0.000250608
7.4 1.25 1 0.3 1 0.0262211 0.000285541
7.4 1.25 1 0.35 1 0.026067 0.000343752
7.4 1.25 1 0.4 1 0.0258873 0.000405287
7.4 1.25 1 0.45 1 0.025658 0.000455414
7.4 1.25 1 0.5 1 0.0253666 0.000535621
7.4 1.25 1 0.55 1 0.0250815 0.000537573
7.4 1.25 1 0.6 1 0.0247625 0.000592086
7.4 1.25 1 0.65 1 0.0244005 0.000661154
7.4 1.25 1 0.7 1 0.024019 0.000754151
7.4 1.25 1 0.75 1 0.0234771 0.000823614
7.4 1.25 1 0.8 1 0.0229487 0.000862856
7.4 1.25 1 0.85 1 0.0223476 0.000978171
7.4 1.25 1 0.9 1 0.0217784 0.00106949
7.4 1.25 1 0.95 1 0.0209197 0.00110796
7.4 1.25 1 1 1 0.0199521 0.00119168
7.4 1.25 1 1.05 1 0.0189913 0.00134156
7.4 1.25 1 1.1 1 0.0178189 0.00139018
7.4 1.25 1 1.15 1 0.0164832 0.00151804
7.4 1.25 1 1.2 1 0.0145857 0.00178739

7.5 1.25 1 0 1 0.0263321 -nan
7.5 1.25 1 0.05 1 0.0263198 4.60701e-05
7.5 1.25 1 0.1 1 0.0262841 9.32994e-05
7.5 1.25 1 0.15 1 0.0262299 0.000149926
7.5 1.25 1 0.2 1 0.0261553 0.000193029
7.5 1.25 1 0.25 1 0.0260642 0.000238316
7.5 1.25 1 0.3 1 0.0259146 0.000293996
7.5 1.25 1 0.35 1 0.0257333 0.000345939
7.5 1.25 1 0.4 1 0.0255653 0.000381139
7.5 1.25 1 0.45 1 0.0253428 0.000444212
7.5 1.25 1 0.5 1 0.0251068 0.000509951
7.5 1.25 1 0.55 1 0.0247834 0.000565532
7.5 1.25 1 0.6 1 0.0245019 0.000615167
7.5 1.25 1 0.65 1 0.0241213 0.000681157
7.5 1.25 1 0.7 1 0.0236902 0.000716848
7.5 1.25 1 0.75 1 0.0232372 0.00079754
7.5 1.25 1 0.8 1 0.022731 0.000848337
7.5 1.25 1 0.85 1 0.0221761 0.000918077
7.5 1.25 1 0.9 1 0.0214253 0.000979538
7.5 1.25 1 0.95 1 0.0207067 0.00108333
7.5 1.25 1 1 1 0.0198163 0.00116852
7.5 1.25 1 1.05 1 0.0188928 0.00128183
7.5 1.25 1 1.1 1 0.0177995 0.00142696
7.5 1.25 1 1.15 1 0.0163413 0.00154489
7.5 1.25 1 1.2 1 0.0145387 0.00169754

7.6 1.25 1 0 1 0.0260248 5.58794e-09
7.6 1.25 1 0.05 1 0.0260157 4.6604e-05
7.6 1.25 1 0.1 1 0.0259833 9.06563e-05
7.6 1.25 1 0.15 1 0.0259204 0.000138474
7.6 1.25 1 0.2 1 0.0258519 0.000185111
7.6 1.25 1 0.25 1 0.0257494 0.000240289
7.6 1.25 1 0.3 1 0.025613 0.000291892
7.6 1.25 1 0.35 1 0.0254706 0.000319617
7.6 1.25 1 0.4 1 0.0252932 0.000384708
7.6 1.25 1 0.45 1 0.0250642 0.000440324
7.6 1.25 1 0.5 1 0.0248229 0.000485372
7.6 1.25 1 0.55 1 0.0245245 0.00055559
7.6 1.25 1 0.6 1 0.0242563 0.000627553
7.6 1.25 1 0.65 1 0.0238443 0.00065996
7.6 1.25 1 0.7 1 0.0235149 0.00073971
7.6 1.25 1 0.75 1 0.0230055 0.000792531
7.6 1.25 1 0.8 1 0.0224655 0.000876608
7.6 1.25 1 0.85 1 0.0218795 0.00094274
7.6 1.25 1 0.9 1 0.021255 0.000961524
7.6 1.25 1 0.95 1 0.0205297 0.00102923
7.6 1.25 1 1 1 0.0196778 0.00118173
7.6 1.25 1 1.05 1 0.018695 0.00128188
7.6 1.25 1 1.1 1 0.0175647 0.00141965
7.6 1.25 1 1.15 1 0.016164 0.00149635
7.6 1.25 1 1.2 1 0.0145002 0.00167699

7.7 1.25 1 0 1 0.0257246 2.28127e-09
7.7 1.25 1 0.05 1 0.0257144 4.83829e-05
7.7 1.25 1 0.1 1 0.0256803 9.39792e-05
7.7 1.25 1 0.15 1 0.0256324 0.000144519
7.7 1.25 1 0.2 1 0.0255609 0.000182904
7.7 1.25 1 0.25 1 0.0254481 0.000226623
7.7 1.25 1 0.3 1 0.0253267 0.000289142
7.7 1.25 1 0.35 1 0.0251886 0.000329703
7.7 1.25 1 0.4 1 0.0249683 0.000385694
7.7 1.25 1 0.45 1 0.0248023 0.000453348
7.7 1.25 1 0.5 1 0.02453 0.000480982
7.7 1.25 1 0.55 1 0.0242794 0.000539754
7.7 1.25 1 0.6 1 0.0239676 0.000618611
7.7 1.25 1 0.65 1 0.0236202 0.000660739
7.7 1.25 1 0.7 1 0.0231953 0.000701515
7.7 1.25 1 0.75 1 0.0227474 0.000758517
7.7 1.25 1 0.8 1 0.0222899 0.00083751
7.7 1.25 1 0.85 1 0.0216883 0.000898066
7.7 1.25 1 0.9 1 0.0210845 0.000977203
7.7 1.25 1 0.95 1 0.020334 0.00108858
7.7 1.25 1 1 1 0.0194825 0.00122155
7.7 1.25 1 1.05 1 0.0185576 0.00122165
7.7 1.25 1 1.1 1 0.017484 0.00135425
7.7 1.25 1 1.15 1 0.0162004 0.0015025
7.7 1.25 1 1.2 1 0.0144887 0.00164242

7.8 1.25 1 0 1 0.0254312 -nan
7.8 1.25 1 0.05 1 0.0254214 4.60452e-05
7.8 1.25 1 0.1 1 0.0253861 9.18314e-05
7.8 1.25 1 0.15 1 0.0253318 0.000139984
7.8 1.25 1 0.2 1 0.0252645 0.000190865
7.8 1.25 1 0.25 1 0.0251719 0.000230402
7.8 1.25 1 0.3 1 0.025032 0.000270984
7.8 1.25 1 0.35 1 0.0248953 0.000319682
7.8 1.25 1 0.4 1 0.0247356 0.000373072
7.8 1.25 1 0.45 1 0.0245281 0.000434463
7.8 1.25 1 0.5 1 0.0242983 0.000480918
7.8 1.25 1 0.55 1 0.0240088 0.000532347
7.8 1.25 1 0.6 1 0.0237208 0.000603755
7.8 1.25 1 0.65 1 0.0233805 0.00065495
7.8 1.25 1 0.7 1 0.0229608 0.000693029
7.8 1.25 1 0.75 1 0.0225643 0.000800595
7.8 1.25 1 0.8 1 0.0220357 0.000854277
7.8 1.25 1 0.85 1 0.0214915 0.000875337
7.8 1.25 1 0.9 1 0.0208384 0.000971561
7.8 1.25 1 0.95 1 0.0200909 0.00107437
7.8 1.25 1 1 1 0.0192697 0.00113188
7.8 1.25 1 1.05 1 0.0184117 0.00125453
7.8 1.25 1 1.1 1 0.0172783 0.00135845
7.8 1.25 1 1.15 1 0.0160362 0.00150996
7.8 1.25 1 1.2 1 0.0143568 0.00161155

7.9 1.25 1 0 1 0.0251445 3.66662e-09
7.9 1.25 1 0.05 1 0.0251367 4.36342e-05
7.9 1.25 1 0.1 1 0.0251051 9.35702e-05
7.9 1.25 1 0.15 1 0.0250509 0.000137933
7.9 1.25 1 0.2 1 0.0249833 0.000182463
7.9 1.25 1 0.25 1 0.0248877 0.000225713
7.9 1.25 1 0.3 1 0.0247719 0.000284265
7.9 1.25 1 0.35 1 0.024607 0.000314434
7.9 1.25 1 0.4 1 0.0244492 0.000389269
7.9 1.25 1 0.45 1 0.0242442 0.000401891
7.9 1.25 1 0.5 1 0.0240323 0.000504692
7.9 1.25 1 0.55 1 0.023784 0.000532008
7.9 1.25 1 0.6 1 0.0234213 0.00058749
7.9 1.25 1 0.65 1 0.023144 0.000646442
7.9 1.25 1 0.7 1 0.0227804 0.00069005
7.9 1.25 1 0.75 1 0.0222673 0.000760356
7.9 1.25 1 0.8 1 0.0218466 0.000831335
7.9 1.25 1 0.85 1 0.0212238 0.000883551
7.9 1.25 1 0.9 1 0.0207249 0.000925964
7.9 1.25 1 0.95 1 0.0199071 0.00109617
7.9 1.25 1 1 1 0.0191186 0.00111836
7.9 1.25 1 1.05 1 0.0182081 0.00125822
7.9 1.25 1 1.1 1 0.0171466 0.00135668
7.9 1.25 1 1.15 1 0.0158968 0.00143624
7.9 1.25 1 1.2 1 0.014313 0.00160038

8 1.25 1 0 1 0.0248642 1.71095e-09
8 1.25 1 0.05 1 0.0248521 4.4406e-05
8 1.25 1 0.1 1 0.0248234 8.78737e-05
8 1.25 1 0.15 1 0.0247697 0.000133909
8 1.25 1 0.2 1 0.0246898 0.000182179
8 1.25 1 0.25 1 0.0246048 0.000217479
8 1.25 1 0.3 1 0.0244974 0.000274241
8 1.25 1 0.35 1 0.0243562 0.000320222
8 1.25 1 0.4 1 0.0241799 0.000382324
8 1.25 1 0.45 1 0.0239965 0.000428182
8 1.25 1 0.5 1 0.0237567 0.000479435
8 1.25 1 0.55 1 0.0235189 0.000544351
8 1.25 1 0.6 1 0.0232163 0.000565298
8 1.25 1 0.65 1 0.0229089 0.000618768
8 1.25 1 0.7 1 0.0225161 0.000694369
8 1.25 1 0.75 1 0.0220896 0.000724755
8 1.25 1 0.8 1 0.0216337 0.000806719
8 1.25 1 0.85 1 0.0211011 0.000881429
8 1.25 1 0.9 1 0.0204563 0.000967775
8 1.25 1 0.95 1 0.0197939 0.00104556
8 1.25 1 1 1 0.018982 0.00112894
8 1.25 1 1.05 1 0.018108 0.00121616
8 1.25 1 1.1 1 0.0170632 0.00134225
8 1.25 1 1.15 1 0.0157702 0.00144931
8 1.25 1 1.2 1 0.0142057 0.00165845

8.1 1.25 1 0 1 0.02459 -nan
8.1 1.25 1 0.05 1 0.0245808 4.55191e-05
8.1 1.25 1 0.1 1 0.0245469 8.89758e-05
8.1 1.25 1 0.15 1 0.0244939 0.000135335
8.1 1.25 1 0.2 1 0.024429 0.000183554
8.1 1.25 1 0.25 1 0.0243361 0.000218902
8.1 1.25 1 0.3 1 0.0242375 0.000267038
8.1 1.25 1 0.35 1 0.0240709 0.000317287
8.1 1.25 1 0.4 1 0.0239298 0.000374959
8.1 1.25 1 0.45 1 0.0237267 0.000408717
8.1 1.25 1 0.5 1 0.0235106 0.000469921
8.1 1.25 1 0.55 1 0.0232381 0.000537899
8.1 1.25 1 0.6 1 0.0229643 0.000579161
8.1 1.25 1 0.65 1 0.0226566 0.000620376
8.1 1.25 1 0.7 1 0.0222633 0.000672125
8.1 1.25 1 0.75 1 0.0218989 0.000749204
8.1 1.25 1 0.8 1 0.0213959 0.000815252
8.1 1.25 1 0.85 1 0.020864 0.000862325
8.1 1.25 1 0.9 1 0.0203031 0.000960968
8.1 1.25 1 0.95 1 0.0195824 0.00103867
8.1 1.25 1 1 1 0.0187794 0.00108557
8.1 1.25 1 1.05 1 0.0180413 0.00124955
8.1 1.25 1 1.1 1 0.0169813 0.00129717
8.1 1.25 1 1.15 1 0.0156716 0.00143409
8.1 1.25 1 1.2 1 0.0141913 0.00152654

8.2 1.25 1 0 1 0.0243219 -nan
8.2 1.25 1 0.05 1 0.0243116 4.35679e-05
8.2 1.25 1 0.1 1 0.024283 8.75018e-05
8.2 1.25 1 0.15 1 0.0242354 0.000132182
8.2 1.25 1 0.2 1 0.0241716 0.000183415
8.2 1.25 1 0.25 1 0.0240777 0.000222163
8.2 1.25 1 0.3 1 0.0239681 0.000264272
8.2 1.25 1 0.35 1 0.0238196 0.000319729
8.2 1.25 1 0.4 1 0.0236579 0.000362786
8.2 1.25 1 0.45 1 0.0234936 0.000409387
8.2 1.25 1 0.5 1 0.0232536 0.000467707
8.2 1.25 1 0.55 1 0.023013 0.000502395
8.2 1.25 1 0.6 1 0.0227419 0.000567167
8.2 1.25 1 0.65 1 0.022435 0.000608499
8.2 1.25 1 0.7 1 0.022108 0.000687577
8.2 1.25 1 0.75 1 0.0216698 0.000731713
8.2 1.25 1 0.8 1 0.0212007 0.000806967
8.2 1.25 1 0.85 1 0.0206378 0.000873578
8.2 1.25 1 0.9 1 0.0201196 0.000924015
8.2 1.25 1 0.95 1 0.0194709 0.00101527
8.2 1.25 1 1 1 0.0187031 0.00111122
8.2 1.25 1 1.05 1 0.0178105 0.00121117
8.2 1.25 1 1.1 1 0.0167811 0.00129357
8.2 1.25 1 1.15 1 0.0155953 0.00138106
8.2 1.25 1 1.2 1 0.0140286 0.00154617

8.3 1.25 1 0 1 0.0240595 -nan
8.3 1.25 1 0.05 1 0.0240523 4.46723e-05
8.3 1.25 1 0.1 1 0.0240234 8.76237e-05
8.3 1.25 1 0.15 1 0.0239718 0.000129268
8.3 1.25 1 0.2 1 0.0239005 0.00017599
8.3 1.25 1 0.25 1 0.0238017 0.00021672
8.3 1.25 1 0.3 1 0.0237029 0.000270203
8.3 1.25 1 0.35 1 0.0235781 0.00030919
8.3 1.25 1 0.4 1 0.0234285 0.000353128
8.3 1.25 1 0.45 1 0.023219 0.000404074
8.3 1.25 1 0.5 1 0.0230149 0.000463342
8.3 1.25 1 0.55 1 0.0227639 0.000537146
8.3 1.25 1 0.6 1 0.0225075 0.000552408
8.3 1.25 1 0.65 1 0.0222015 0.000605537
8.3 1.25 1 0.7 1 0.0218435 0.000689379
8.3 1.25 1 0.75 1 0.0214545 0.000733174
8.3 1.25 1 0.8 1 0.0209988 0.00081466
8.3 1.25 1 0.85 1 0.0204423 0.000840231
8.3 1.25 1 0.9 1 0.0199399 0.000944206
8.3 1.25 1 0.95 1 0.019266 0.00101594
8.3 1.25 1 1 1 0.0185149 0.00107857
8.3 1.25 1 1.05 1 0.0176599 0.00118156
8.3 1.25 1 1.1 1 0.0166226 0.00125073
8.3 1.25 1 1.15 1 0.0155503 0.00140018
8.3 1.25 1 1.2 1 0.0139416 0.00155052

8.4 1.25 1 0 1 0.0238028 -nan
8.4 1.25 1 0.05 1 0.0237928 4.20978e-05
8.4 1.25 1 0.1 1 0.0237671 8.85389e-05
8.4 1.25 1 0.15 1 0.0237068 0.000135604
8.4 1.25 1 0.2 1 0.0236578 0.000165326
8.4 1.25 1 0.25 1 0.0235734 0.000209904
8.4 1.25 1 0.3 1 0.0234644 0.000275333
8.4 1.25 1 0.35 1 0.0233316 0.000300887
8.4 1.25 1 0.4 1 0.0231867 0.000362171
8.4 1.25 1 0.45 1 0.0230018 0.000394498
8.4 1.25 1 0.5 1 0.0227762 0.000448262
8.4 1.25 1 0.55 1 0.0225563 0.00050576
8.4 1.25 1 0.6 1 0.0222517 0.000552159
8.4 1.25 1 0.65 1 0.0219735 0.000623274
8.4 1.25 1 0.7 1 0.0216346 0.000674975
8.4 1.25 1 0.75 1 0.0212554 0.000717736
8.4 1.25 1 0.8 1 0.0207963 0.000794367
8.4 1.25 1 0.85 1 0.0203437 0.000843253
8.4 1.25 1 0.9 1 0.0197612 0.000926173
8.4 1.25 1 0.95 1 0.0190172 0.000995996
8.4 1.25 1 1 1 0.0184002 0.00109203
8.4 1.25 1 1.05 1 0.0175879 0.0011717
8.4 1.25 1 1.1 1 0.016525 0.00129862
8.4 1.25 1 1.15 1 0.0154322 0.00139213
8.4 1.25 1 1.2 1 0.0139214 0.00148971

8.5 1.25 1 0 1 0.0235515 -nan
8.5 1.25 1 0.05 1 0.0235429 4.09477e-05
8.5 1.25 1 0.1 1 0.0235119 8.47828e-05
8.5 1.25 1 0.15 1 0.023474 0.000133813
8.5 1.25 1 0.2 1 0.0234172 0.000177393
8.5 1.25 1 0.25 1 0.0233259 0.000218007
8.5 1.25 1 0.3 1 0.0232175 0.000262185
8.5 1.25 1 0.35 1 0.0230835 0.00030058
8.5 1.25 1 0.4 1 0.0229302 0.000356103
8.5 1.25 1 0.45 1 0.0227437 0.000393835
8.5 1.25 1 0.5 1 0.0225414 0.000466727
8.5 1.25 1 0.55 1 0.0223361 0.000493546
8.5 1.25 1 0.6 1 0.0220474 0.000529424
8.5 1.25 1 0.65 1 0.0217756 0.000610139
8.5 1.25 1 0.7 1 0.0214095 0.000662993
8.5 1.25 1 0.75 1 0.0210275 0.000709544
8.5 1.25 1 0.8 1 0.02061 0.000758718
8.5 1.25 1 0.85 1 0.020159 0.00083682
8.5 1.25 1 0.9 1 0.0195505 0.000903037
8.5 1.25 1 0.95 1 0.0189212 0.000958837
8.5 1.25 1 1 1 0.0182069 0.00107247
8.5 1.25 1 1.05 1 0.017445 0.00118225
8.5 1.25 1 1.1 1 0.0164186 0.00124736
8.5 1.25 1 1.15 1 0.0153769 0.00136047
8.5 1.25 1 1.2 1 0.0138624 0.00147406

8.6 1.25 1 0 1 0.0233054 2.20883e-09
8.6 1.25 1 0.05 1 0.0232972 4.17034e-05
8.6 1.25 1 0.1 1 0.0232702 8.41782e-05
8.6 1.25 1 0.15 1 0.0232262 0.000124583
8.6 1.25 1 0.2 1 0.0231592 0.000166868
8.6 1.25 1 0.25 1 0.0230766 0.000214848
8.6 1.25 1 0.3 1 0.0229874 0.000262745
8.6 1.25 1 0.35 1 0.0228383 0.000302864
8.6 1.25 1 0.4 1 0.0226978 0.000336056
8.6 1.25 1 0.45 1 0.0225211 0.000370439
8.6 1.25 1 0.5 1 0.0223396 0.00043297
8.6 1.25 1 0.55 1 0.0221267 0.000506828
8.6 1.25 1 0.6 1 0.0218534 0.000556859
8.6 1.25 1 0.65 1 0.0215499 0.000606697
8.6 1.25 1 0.7 1 0.0211968 0.000629897
8.6 1.25 1 0.75 1 0.0208303 0.000733396
8.6 1.25 1 0.8 1 0.0204212 0.000768333
8.6 1.25 1 0.85 1 0.019916 0.000843711
8.6 1.25 1 0.9 1 0.0193465 0.000917169
8.6 1.25 1 0.95 1 0.0187549 0.000980666
8.6 1.25 1 1 1 0.0180656 0.0010861
8.6 1.25 1 1.05 1 0.0172689 0.00110652
8.6 1.25 1 1.1 1 0.0163279 0.00124804
8.6 1.25 1 1.15 1 0.0152859 0.00136899
8.6 1.25 1 1.2 1 0.013788 0.00149832

8.7 1.25 1 0 1 0.0230644 2.87053e-09
8.7 1.25 1 0.05 1 0.0230545 4.19856e-05
8.7 1.25 1 0.1 1 0.023031 8.25588e-05
8.7 1.25 1 0.15 1 0.0229782 0.000125633
8.7 1.25 1 0.2 1 0.0229255 0.000167662
8.7 1.25 1 0.25 1 0.0228366 0.000214512
8.7 1.25 1 0.3 1 0.0227333 0.000257068
8.7 1.25 1 0.35 1 0.0226108 0.000300072
8.7 1.25 1 0.4 1 0.0224792 0.000352118
8.7 1.25 1 0.45 1 0.0222896 0.000377981
8.7 1.25 1 0.5 1 0.022136 0.000424941
8.7 1.25 1 0.55 1 0.0218916 0.000495728
8.7 1.25 1 0.6 1 0.0216309 0.00054022
8.7 1.25 1 0.65 1 0.0213273 0.000591586
8.7 1.25 1 0.7 1 0.0209992 0.000640278
8.7 1.25 1 0.75 1 0.0206545 0.000696325
8.7 1.25 1 0.8 1 0.0202082 0.000755342
8.7 1.25 1 0.85 1 0.0197203 0.000855946
8.7 1.25 1 0.9 1 0.0192285 0.000905507
8.7 1.25 1 0.95 1 0.0185885 0.000969432
8.7 1.25 1 1 1 0.017877 0.00103867
8.7 1.25 1 1.05 1 0.017196 0.00115185
8.7 1.25 1 1.1 1 0.0161422 0.00120262
8.7 1.25 1 1.15 1 0.0151067 0.00131722
8.7 1.25 1 1.2 1 0.0137475 0.00146064

8.8 1.25 1 0 1 0.0228284 5.26836e-09
8.8 1.25 1 0.05 1 0.0228211 3.92258e-05
8.8 1.25 1 0.1 1 0.0227947 8.12593e-05
8.8 1.25 1 0.15 1 0.0227531 0.000121495
8.8 1.25 1 0.2 1 0.0226844 0.000165694
8.8 1.25 1 0.25 1 0.0225971 0.000209243
8.8 1.25 1 0.3 1 0.0225136 0.000251111
8.8 1.25 1 0.35 1 0.0223967 0.000301864
8.8 1.25 1 0.4 1 0.0222682 0.000332265
8.8 1.25 1 0.45 1 0.0220815 0.000393415
8.8 1.25 1 0.5 1 0.0218646 0.000412241
8.8 1.25 1 0.55 1 0.0216797 0.000486571
8.8 1.25 1 0.6 1 0.0214335 0.000549045
8.8 1.25 1 0.65 1 0.0211572 0.000607086
8.8 1.25 1 0.7 1 0.0208139 0.0006409
8.8 1.25 1 0.75 1 0.0204412 0.00070258
8.8 1.25 1 0.8 1 0.0199728 0.000733819
8.8 1.25 1 0.85 1 0.0195511 0.000829868
8.8 1.25 1 0.9 1 0.0190698 0.000912839
8.8 1.25 1 0.95 1 0.0185033 0.000940319
8.8 1.25 1 1 1 0.0177736 0.00107929
8.8 1.25 1 1.05 1 0.0169787 0.00109212
8.8 1.25 1 1.1 1 0.0160542 0.0012307
8.8 1.25 1 1.15 1 0.0149936 0.00128131
8.8 1.25 1 1.2 1 0.0135898 0.00142719

8.9 1.25 1 0 1 0.0225972 -nan
8.9 1.25 1 0.05 1 0.0225908 4.19342e-05
8.9 1.25 1 0.1 1 0.022564 8.34464e-05
8.9 1.25 1 0.15 1 0.0225237 0.000119984
8.9 1.25 1 0.2 1 0.022462 0.000169203
8.9 1.25 1 0.25 1 0.0223786 0.000204823
8.9 1.25 1 0.3 1 0.0222709 0.000260641
8.9 1.25 1 0.35 1 0.0221688 0.000301009
8.9 1.25 1 0.4 1 0.022028 0.000339677
8.9 1.25 1 0.45 1 0.0218649 0.000390283
8.9 1.25 1 0.5 1 0.0216925 0.000423748
8.9 1.25 1 0.55 1 0.0214421 0.000478268
8.9 1.25 1 0.6 1 0.0212086 0.0005223
8.9 1.25 1 0.65 1 0.0209318 0.000585815
8.9 1.25 1 0.7 1 0.0206191 0.000640786
8.9 1.25 1 0.75 1 0.0202499 0.000700766
8.9 1.25 1 0.8 1 0.0198633 0.000758316
8.9 1.25 1 0.85 1 0.019379 0.000836665
8.9 1.25 1 0.9 1 0.0189129 0.000861773
8.9 1.25 1 0.95 1 0.0182779 0.000978445
8.9 1.25 1 1 1 0.0176591 0.00105189
8.9 1.25 1 1.05 1 0.0168767 0.00109512
8.9 1.25 1 1.1 1 0.0159547 0.00117632
8.9 1.25 1 1.15 1 0.0149595 0.00133023
8.9 1.25 1 1.2 1 0.0135612 0.00144929

9 1.25 1 0 1 0.0223706 2.79397e-09
9 1.25 1 0.05 1 0.0223638 4.14225e-05
9 1.25 1 0.1 1 0.0223394 7.96882e-05
9 1.25 1 0.15 1 0.0222993 0.000121438
9 1.25 1 0.2 1 0.0222355 0.000159484
9 1.25 1 0.25 1 0.022167 0.000204061
9 1.25 1 0.3 1 0.0220593 0.000243496
9 1.25 1 0.35 1 0.0219526 0.000287701
9 1.25 1 0.4 1 0.0217966 0.000350749
9 1.25 1 0.45 1 0.0216206 0.000387499
9 1.25 1 0.5 1 0.0214673 0.000424533
9 1.25 1 0.55 1 0.0212499 0.000477701
9 1.25 1 0.6 1 0.0210204 0.000525045
9 1.25 1 0.65 1 0.0207382 0.000572477
9 1.25 1 0.7 1 0.0204603 0.000648328
9 1.25 1 0.75 1 0.0200557 0.00068074
9 1.25 1 0.8 1 0.0197093 0.000727697
9 1.25 1 0.85 1 0.01925 0.000852929
9 1.25 1 0.9 1 0.0187278 0.000904614
9 1.25 1 0.95 1 0.0181148 0.000983489
9 1.25 1 1 1 0.0174981 0.00101436
9 1.25 1 1.05 1 0.0167258 0.00110163
9 1.25 1 1.1 1 0.0159183 0.00119945
9 1.25 1 1.15 1 0.0147733 0.00134717
9 1.25 1 1.2 1 0.0134293 0.00151558

9.1 1.25 1 0 1 0.0221485 4.165e-09
9.1 1.25 1 0.05 1 0.0221395 4.13473e-05
9.1 1.25 1 0.1 1 0.0221127 7.90761e-05
9.1 1.25 1 0.15 1 0.0220706 0.000121506
9.1 1.25 1 0.2 1 0.0220187 0.000165235
9.1 1.25 1 0.25 1 0.0219402 0.000204412
9.1 1.25 1 0.3 1 0.0218461 0.00024234
9.1 1.25 1 0.35 1 0.0217358 0.000290685
9.1 1.25 1 0.4 1 0.021607 0.00034293
9.1 1.25 1 0.45 1 0.0214525 0.000385651
9.1 1.25 1 0.5 1 0.0212882 0.000424892
9.1 1.25 1 0.55 1 0.0210745 0.000477995
9.1 1.25 1 0.6 1 0.0208324 0.000519456
9.1 1.25 1 0.65 1 0.0205673 0.000565118
9.1 1.25 1 0.7 1 0.0202731 0.000612009
9.1 1.25 1 0.75 1 0.0198625 0.000679121
9.1 1.25 1 0.8 1 0.0194832 0.000731432
9.1 1.25 1 0.85 1 0.0190913 0.000807481
9.1 1.25 1 0.9 1 0.0185764 0.00087431
9.1 1.25 1 0.95 1 0.018006 0.000889375
9.1 1.25 1 1 1 0.0173184 0.000979877
9.1 1.25 1 1.05 1 0.0165913 0.00107551
9.1 1.25 1 1.1 1 0.0156956 0.00121886
9.1 1.25 1 1.15 1 0.0147229 0.00129006
9.1 1.25 1 1.2 1 0.0133945 0.00140693

9.2 1.25 1 0 1 0.0219308 -nan
9.2 1.25 1 0.05 1 0.0219249 3.87019e-05
9.2 1.25 1 0.1 1 0.0219014 7.85037e-05
9.2 1.25 1 0.15 1 0.0218591 0.000128475
9.2 1.25 1 0.2 1 0.0217975 0.000151227
9.2 1.25 1 0.25 1 0.0217299 0.000197786
9.2 1.25 1 0.3 1 0.0216282 0.000238957
9.2 1.25 1 0.35 1 0.0215318 0.000297461
9.2 1.25 1 0.4 1 0.0213953 0.000327805
9.2 1.25 1 0.45 1 0.0212367 0.000366828
9.2 1.25 1 0.5 1 0.0210504 0.000423713
9.2 1.25 1 0.55 1 0.0208517 0.000468905
9.2 1.25 1 0.6 1 0.0206381 0.000526601
9.2 1.25 1 0.65 1 0.020367 0.000558862
9.2 1.25 1 0.7 1 0.0200416 0.000612586
9.2 1.25 1 0.75 1 0.019723 0.000689858
9.2 1.25 1 0.8 1 0.0193474 0.000717943
9.2 1.25 1 0.85 1 0.0189107 0.00078225
9.2 1.25 1 0.9 1 0.0184127 0.000844788
9.2 1.25 1 0.95 1 0.0178468 0.00092588
9.2 1.25 1 1 1 0.0172355 0.000984204
9.2 1.25 1 1.05 1 0.0164499 0.00110854
9.2 1.25 1 1.1 1 0.0156395 0.00116731
9.2 1.25 1 1.15 1 0.0146486 0.00124891
9.2 1.25 1 1.2 1 0.0133666 0.00143811

9.3 1.25 1 0 1 0.0217174 -nan
9.3 1.25 1 0.05 1 0.0217084 3.90246e-05
9.3 1.25 1 0.1 1 0.0216909 7.93024e-05
9.3 1.25 1 0.15 1 0.0216527 0.000120293
9.3 1.25 1 0.2 1 0.0215894 0.000160556
9.3 1.25 1 0.25 1 0.0215178 0.000193648
9.3 1.25 1 0.3 1 0.0214443 0.000239022
9.3 1.25 1 0.35 1 0.0213051 0.000280756
9.3 1.25 1 0.4 1 0.0211877 0.000331463
9.3 1.25 1 0.45 1 0.0210314 0.000369041
9.3 1.25 1 0.5 1 0.0208665 0.000417594
9.3 1.25 1 0.55 1 0.0206732 0.000458478
9.3 1.25 1 0.6 1 0.0204502 0.000523579
9.3 1.25 1 0.65 1 0.0201962 0.000563844
9.3 1.25 1 0.7 1 0.0198469 0.000604034
9.3 1.25 1 0.75 1 0.0195575 0.000683006
9.3 1.25 1 0.8 1 0.0191591 0.000740025
9.3 1.25 1 0.85 1 0.0187281 0.000788016
9.3 1.25 1 0.9 1 0.0182463 0.000822303
9.3 1.25 1 0.95 1 0.0177483 0.000908267
9.3 1.25 1 1 1 0.0170674 0.000964433
9.3 1.25 1 1.05 1 0.0163345 0.00104455
9.3 1.25 1 1.1 1 0.0155123 0.00121704
9.3 1.25 1 1.15 1 0.0144735 0.00130348
9.3 1.25 1 1.2 1 0.0132288 0.00142032

9.4 1.25 1 0 1 0.021508 -nan
9.4 1.25 1 0.05 1 0.021501 3.88414e-05
9.4 1.25 1 0.1 1 0.021473 7.78566e-05
9.4 1.25 1 0.15 1 0.0214365 0.000114773
9.4 1.25 1 0.2 1 0.021383 0.000162332
9.4 1.25 1 0.25 1 0.0213085 0.000192428
9.4 1.25 1 0.3 1 0.0212271 0.000242946
9.4 1.25 1 0.35 1 0.021124 0.000288755
9.4 1.25 1 0.4 1 0.0209862 0.000330303
9.4 1.25 1 0.45 1 0.0208231 0.000360652
9.4 1.25 1 0.5 1 0.0206636 0.000415008
9.4 1.25 1 0.55 1 0.0204937 0.000446459
9.4 1.25 1 0.6 1 0.0202761 0.000517105
9.4 1.25 1 0.65 1 0.0199942 0.000556541
9.4 1.25 1 0.7 1 0.0196885 0.000612519
9.4 1.25 1 0.75 1 0.0193484 0.000687125
9.4 1.25 1 0.8 1 0.0189883 0.000739536
9.4 1.25 1 0.85 1 0.0185465 0.000745452
9.4 1.25 1 0.9 1 0.0180804 0.000835712
9.4 1.25 1 0.95 1 0.0175926 0.000913871
9.4 1.25 1 1 1 0.0169037 0.00101137
9.4 1.25 1 1.05 1 0.0162256 0.00103993
9.4 1.25 1 1.1 1 0.0154199 0.00114139
9.4 1.25 1 1.15 1 0.0143946 0.0012358
9.4 1.25 1 1.2 1 0.0131787 0.0013893

9.5 1.25 1 0 1 0.0213027 1.91997e-09
9.5 1.25 1 0.05 1 0.0212937 3.88868e-05
9.5 1.25 1 0.1 1 0.0212757 7.87742e-05
9.5 1.25 1 0.15 1 0.0212379 0.000113574
9.5 1.25 1 0.2 1 0.0211798 0.000154968
9.5 1.25 1 0.25 1 0.0211116 0.000195922
9.5 1.25 1 0.3 1 0.0210329 0.000234792
9.5 1.25 1 0.35 1 0.0209284 0.000289622
9.5 1.25 1 0.4 1 0.0207884 0.000319283
9.5 1.25 1 0.45 1 0.0206249 0.000348077
9.5 1.25 1 0.5 1 0.0204835 0.000416576
9.5 1.25 1 0.55 1 0.0202853 0.000458722
9.5 1.25 1 0.6 1 0.0200818 0.000500826
9.5 1.25 1 0.65 1 0.0198033 0.000547905
9.5 1.25 1 0.7 1 0.0195206 0.000585156
9.5 1.25 1 0.75 1 0.0192166 0.000673645
9.5 1.25 1 0.8 1 0.0188439 0.000699813
9.5 1.25 1 0.85 1 0.018402 0.000758714
9.5 1.25 1 0.9 1 0.017939 0.000863416
9.5 1.25 1 0.95 1 0.0175171 0.000922005
9.5 1.25 1 1 1 0.0167931 0.000955307
9.5 1.25 1 1.05 1 0.0161487 0.00107412
9.5 1.25 1 1.1 1 0.0153515 0.00113852
9.5 1.25 1 1.15 1 0.0142803 0.00124067
9.5 1.25 1 1.2 1 0.0130973 0.00135659

9.6 1.25 1 0 1 0.0211012 -nan
9.6 1.25 1 0.05 1 0.0210931 3.80684e-05
9.6 1.25 1 0.1 1 0.0210727 7.44088e-05
9.6 1.25 1 0.15 1 0.021037 0.000117941
9.6 1.25 1 0.2 1 0.0209748 0.00015721
9.6 1.25 1 0.25 1 0.0209191 0.000193145
9.6 1.25 1 0.3 1 0.0208217 0.00023684
9.6 1.25 1 0.35 1 0.0207133 0.000284308
9.6 1.25 1 0.4 1 0.0205821 0.000321032
9.6 1.25 1 0.45 1 0.0204673 0.000358595
9.6 1.25 1 0.5 1 0.0202875 0.000403874
9.6 1.25 1 0.55 1 0.0200991 0.000460968
9.6 1.25 1 0.6 1 0.0198777 0.000499331
9.6 1.25 1 0.65 1 0.0196419 0.000553237
9.6 1.25 1 0.7 1 0.0193318 0.000591056
9.6 1.25 1 0.75 1 0.0190287 0.000648675
9.6 1.25 1 0.8 1 0.0186795 0.000710611
9.6 1.25 1 0.85 1 0.0182566 0.000797311
9.6 1.25 1 0.9 1 0.0177738 0.000860993
9.6 1.25 1 0.95 1 0.0173027 0.000898882
9.6 1.25 1 1 1 0.0166396 0.00099408
9.6 1.25 1 1.05 1 0.0159371 0.00108265
9.6 1.25 1 1.1 1 0.0152049 0.00112042
9.6 1.25 1 1.15 1 0.0142547 0.00125093
9.6 1.25 1 1.2 1 0.013046 0.00136272

9.7 1.25 1 0 1 0.0209036 3.9444e-09
9.7 1.25 1 0.05 1 0.0208956 3.75203e-05
9.7 1.25 1 0.1 1 0.0208746 8.03236e-05
9.7 1.25 1 0.15 1 0.0208377 0.000113148
9.7 1.25 1 0.2 1 0.0207911 0.000154104
9.7 1.25 1 0.25 1 0.0207295 0.000188937
9.7 1.25 1 0.3 1 0.0206202 0.000239356
9.7 1.25 1 0.35 1 0.0205409 0.000271606
9.7 1.25 1 0.4 1 0.0204218 0.000322237
9.7 1.25 1 0.45 1 0.0202648 0.000343914
9.7 1.25 1 0.5 1 0.0201132 0.000395674
9.7 1.25 1 0.55 1 0.0198913 0.000457088
9.7 1.25 1 0.6 1 0.0197063 0.000477629
9.7 1.25 1 0.65 1 0.0194732 0.000552943
9.7 1.25 1 0.7 1 0.0191821 0.000583279
9.7 1.25 1 0.75 1 0.0188565 0.000628223
9.7 1.25 1 0.8 1 0.0185204 0.000689914
9.7 1.25 1 0.85 1 0.0181049 0.000760075
9.7 1.25 1 0.9 1 0.0177184 0.000818824
9.7 1.25 1 0.95 1 0.0171812 0.000886395
9.7 1.25 1 1 1 0.0165209 0.000967516
9.7 1.25 1 1.05 1 0.015823 0.0010425
9.7 1.25 1 1.1 1 0.0151149 0.00112524
9.7 1.25 1 1.15 1 0.0141406 0.00117844
9.7 1.25 1 1.2 1 0.0129225 0.00135774

9.8 1.25 1 0 1 0.0207096 -nan
9.8 1.25 1 0.05 1 0.0207019 3.83236e-05
9.8 1.25 1 0.1 1 0.0206818 7.33943e-05
9.8 1.25 1 0.15 1 0.0206412 0.000110913
9.8 1.25 1 0.2 1 0.0205936 0.000154601
9.8 1.25 1 0.25 1 0.0205199 0.000193283
9.8 1.25 1 0.3 1 0.0204374 0.000236589
9.8 1.25 1 0.35 1 0.0203427 0.000269583
9.8 1.25 1 0.4 1 0.0202326 0.00031126
9.8 1.25 1 0.45 1 0.020087 0.000344605
9.8 1.25 1 0.5 1 0.0199214 0.000404372
9.8 1.25 1 0.55 1 0.0197311 0.000451121
9.8 1.25 1 0.6 1 0.0195257 0.000483979
9.8 1.25 1 0.65 1 0.0192716 0.000551055
9.8 1.25 1 0.7 1 0.0190479 0.000583485
9.8 1.25 1 0.75 1 0.0186968 0.000672172
9.8 1.25 1 0.8 1 0.0183433 0.000680474
9.8 1.25 1 0.85 1 0.0179508 0.000742787
9.8 1.25 1 0.9 1 0.0175262 0.000808133
9.8 1.25 1 0.95 1 0.017018 0.000839979
9.8 1.25 1 1 1 0.0164461 0.000975232
9.8 1.25 1 1.05 1 0.0157679 0.00100411
9.8 1.25 1 1.1 1 0.0150003 0.00112895
9.8 1.25 1 1.15 1 0.0140495 0.00122837
9.8 1.25 1 1.2 1 0.012889 0.0013993

9.9 1.25 1 0 1 0.0205192 -nan
9.9 1.25 1 0.05 1 0.0205104 3.68933e-05
9.9 1.25 1 0.1 1 0.0204917 7.60754e-05
9.9 1.25 1 0.15 1 0.0204596 0.000105828
9.9 1.25 1 0.2 1 0.0204048 0.000146766
9.9 1.25 1 0.25 1 0.0203517 0.000184285
9.9 1.25 1 0.3 1 0.0202659 0.000230882
9.9 1.25 1 0.35 1 0.0201755 0.000260191
9.9 1.25 1 0.4 1 0.0200452 0.000320714
9.9 1.25 1 0.45 1 0.0199126 0.000360364
9.9 1.25 1 0.5 1 0.01973 0.000370783
9.9 1.25 1 0.55 1 0.0195866 0.000447501
9.9 1.25 1 0.6 1 0.0193581 0.00048194
9.9 1.25 1 0.65 1 0.0191446 0.000528727
9.9 1.25 1 0.7 1 0.0188625 0.00057069
9.9 1.25 1 0.75 1 0.0185768 0.000645475
9.9 1.25 1 0.8 1 0.0181998 0.000700394
9.9 1.25 1 0.85 1 0.0178589 0.000743792
9.9 1.25 1 0.9 1 0.0174268 0.000776529
9.9 1.25 1 0.95 1 0.0168688 0.00087839
9.9 1.25 1 1 1 0.0163185 0.000957925
9.9 1.25 1 1.05 1 0.0156494 0.00102144
9.9 1.25 1 1.1 1 0.0148932 0.00110534
9.9 1.25 1 1.15 1 0.0139571 0.00118129
9.9 1.25 1 1.2 1 0.0128685 0.00134084

10 1.25 1 0 1 0.0203322 9.87817e-10
10 1.25 1 0.05 1 0.0203266 3.6027e-05
10 1.25 1 0.1 1 0.0203066 7.34594e-05
10 1.25 1 0.15 1 0.0202739 0.00011171
10 1.25 1 0.2 1 0.0202196 0.000147823
10 1.25 1 0.25 1 0.0201526 0.000191594
10 1.25 1 0.3 1 0.0200754 0.000220091
10 1.25 1 0.35 1 0.0199767 0.000260203
10 1.25 1 0.4 1 0.0198702 0.000306187
10 1.25 1 0.45 1 0.0197363 0.000358767
10 1.25 1 0.5 1 0.0195653 0.000372517
10 1.25 1 0.55 1 0.0193894 0.00045382
10 1.25 1 0.6 1 0.0192028 0.000451244
10 1.25 1 0.65 1 0.0189713 0.00051051
10 1.25 1 0.7 1 0.0187186 0.000584589
10 1.25 1 0.75 1 0.0183731 0.000635501
10 1.25 1 0.8 1 0.0180857 0.000689485
10 1.25 1 0.85 1 0.0176563 0.000726214
10 1.25 1 0.9 1 0.0172442 0.000805958
10 1.25 1 0.95 1 0.0167366 0.000870123
10 1.25 1 1 1 0.0161998 0.000954245
10 1.25 1 1.05 1 0.0155406 0.00101972
10 1.25 1 1.1 1 0.0148141 0.0010698
10 1.25 1 1.15 1 0.0139224 0.00113933
10 1.25 1 1.2 1 0.0126753 0.00132025

