alpha b0 d sigma tau Gmean Gstd
0 1.25 1 0 5 0.250002 6.5166e-08
0 1.25 1 0.05 5 0.249999 0.00350193
0 1.25 1 0.1 5 0.250022 0.00708262
0 1.25 1 0.15 5 0.249974 0.0106056
0 1.25 1 0.2 5 0.250305 0.0140209
0 1.25 1 0.25 5 0.249841 0.0175467
0 1.25 1 0.3 5 0.250207 0.0209904
0 1.25 1 0.35 5 0.250163 0.0247573
0 1.25 1 0.4 5 0.25002 0.0282231
0 1.25 1 0.45 5 0.249949 0.0319585
0 1.25 1 0.5 5 0.25028 0.0350944
0 1.25 1 0.55 5 0.250505 0.0391741
0 1.25 1 0.6 5 0.249623 0.0431336
0 1.25 1 0.65 5 0.249086 0.0456732
0 1.25 1 0.7 5 0.250077 0.0494065
0 1.25 1 0.75 5 0.249802 0.053166
0 1.25 1 0.8 5 0.251437 0.0564174
0 1.25 1 0.85 5 0.250222 0.0595101
0 1.25 1 0.9 5 0.25081 0.0642776
0 1.25 1 0.95 5 0.25015 0.0666892
0 1.25 1 1 5 0.250198 0.0707097
0 1.25 1 1.05 5 0.250202 0.0742731
0 1.25 1 1.1 5 0.250122 0.0776816
0 1.25 1 1.15 5 0.249212 0.0817832
0 1.25 1 1.2 5 0.250236 0.08535

0.1 1.25 1 0 5 0.222499 -nan
0.1 1.25 1 0.05 5 0.222311 0.00310538
0.1 1.25 1 0.1 5 0.221881 0.00614544
0.1 1.25 1 0.15 5 0.221082 0.00913345
0.1 1.25 1 0.2 5 0.219563 0.0122931
0.1 1.25 1 0.25 5 0.218135 0.0151892
0.1 1.25 1 0.3 5 0.216285 0.0184448
0.1 1.25 1 0.35 5 0.213682 0.0215746
0.1 1.25 1 0.4 5 0.211648 0.0247699
0.1 1.25 1 0.45 5 0.208531 0.0276747
0.1 1.25 1 0.5 5 0.205106 0.0305874
0.1 1.25 1 0.55 5 0.200696 0.0336656
0.1 1.25 1 0.6 5 0.197224 0.0368668
0.1 1.25 1 0.65 5 0.192531 0.0401798
0.1 1.25 1 0.7 5 0.187575 0.0432181
0.1 1.25 1 0.75 5 0.182753 0.0458336
0.1 1.25 1 0.8 5 0.176813 0.0492753
0.1 1.25 1 0.85 5 0.171104 0.0524884
0.1 1.25 1 0.9 5 0.164256 0.0563167
0.1 1.25 1 0.95 5 0.158068 0.059876
0.1 1.25 1 1 5 0.149165 0.0622264
0.1 1.25 1 1.05 5 0.142542 0.0637292
0.1 1.25 1 1.1 5 0.134304 0.068397
0.1 1.25 1 1.15 5 0.126915 0.0716116
0.1 1.25 1 1.2 5 0.117785 0.0757119

0.2 1.25 1 0 5 0.200802 -nan
0.2 1.25 1 0.05 5 0.200578 0.00269339
0.2 1.25 1 0.1 5 0.199707 0.00539857
0.2 1.25 1 0.15 5 0.198425 0.00822807
0.2 1.25 1 0.2 5 0.196683 0.0109808
0.2 1.25 1 0.25 5 0.194159 0.0136882
0.2 1.25 1 0.3 5 0.191102 0.0164731
0.2 1.25 1 0.35 5 0.188364 0.0191228
0.2 1.25 1 0.4 5 0.183851 0.0220089
0.2 1.25 1 0.45 5 0.179265 0.0245954
0.2 1.25 1 0.5 5 0.17424 0.0275535
0.2 1.25 1 0.55 5 0.168944 0.0303887
0.2 1.25 1 0.6 5 0.162571 0.0328325
0.2 1.25 1 0.65 5 0.155694 0.0360323
0.2 1.25 1 0.7 5 0.147727 0.0390042
0.2 1.25 1 0.75 5 0.139673 0.0417458
0.2 1.25 1 0.8 5 0.131896 0.0442121
0.2 1.25 1 0.85 5 0.122507 0.047313
0.2 1.25 1 0.9 5 0.11269 0.0503196
0.2 1.25 1 0.95 5 0.101956 0.0533599
0.2 1.25 1 1 5 0.0909347 0.0571298
0.2 1.25 1 1.05 5 0.0784498 0.0586585
0.2 1.25 1 1.1 5 0.0661616 0.0627541
0.2 1.25 1 1.15 5 0.0510282 0.0662703
0.2 1.25 1 1.2 5 0.0387787 0.068973

0.3 1.25 1 0 5 0.183175 3.71597e-08
0.3 1.25 1 0.05 5 0.182855 0.00247245
0.3 1.25 1 0.1 5 0.181945 0.00495797
0.3 1.25 1 0.15 5 0.180474 0.00735214
0.3 1.25 1 0.2 5 0.178336 0.00992932
0.3 1.25 1 0.25 5 0.175645 0.012506
0.3 1.25 1 0.3 5 0.172143 0.0149032
0.3 1.25 1 0.35 5 0.16792 0.0173973
0.3 1.25 1 0.4 5 0.163376 0.0199627
0.3 1.25 1 0.45 5 0.157882 0.0225465
0.3 1.25 1 0.5 5 0.152105 0.0250836
0.3 1.25 1 0.55 5 0.144999 0.0274958
0.3 1.25 1 0.6 5 0.138271 0.0301756
0.3 1.25 1 0.65 5 0.130614 0.0328923
0.3 1.25 1 0.7 5 0.121067 0.0353105
0.3 1.25 1 0.75 5 0.111416 0.0383086
0.3 1.25 1 0.8 5 0.100593 0.0406889
0.3 1.25 1 0.85 5 0.0890909 0.0432631
0.3 1.25 1 0.9 5 0.0776086 0.0461486
0.3 1.25 1 0.95 5 0.0635714 0.0488677
0.3 1.25 1 1 5 0.0509813 0.0522967
0.3 1.25 1 1.05 5 0.035639 0.0551388
0.3 1.25 1 1.1 5 0.020575 0.0585454
0.3 1.25 1 1.15 5 0.00210403 0.0621667
0.3 1.25 1 1.2 5 -0.0148987 0.0641177

0.4 1.25 1 0 5 0.168531 -nan
0.4 1.25 1 0.05 5 0.168254 0.00223706
0.4 1.25 1 0.1 5 0.167161 0.00451027
0.4 1.25 1 0.15 5 0.165637 0.00674446
0.4 1.25 1 0.2 5 0.163419 0.00901049
0.4 1.25 1 0.25 5 0.160692 0.0112813
0.4 1.25 1 0.3 5 0.156935 0.0136196
0.4 1.25 1 0.35 5 0.152649 0.0159721
0.4 1.25 1 0.4 5 0.14741 0.0181933
0.4 1.25 1 0.45 5 0.141905 0.0206323
0.4 1.25 1 0.5 5 0.135704 0.0227842
0.4 1.25 1 0.55 5 0.128223 0.0252396
0.4 1.25 1 0.6 5 0.120075 0.0273015
0.4 1.25 1 0.65 5 0.111928 0.0299441
0.4 1.25 1 0.7 5 0.10192 0.0319417
0.4 1.25 1 0.75 5 0.0918469 0.0348443
0.4 1.25 1 0.8 5 0.0802312 0.0374066
0.4 1.25 1 0.85 5 0.0679637 0.040111
0.4 1.25 1 0.9 5 0.05359 0.0427593
0.4 1.25 1 0.95 5 0.0396834 0.0456305
0.4 1.25 1 1 5 0.0240522 0.0482381
0.4 1.25 1 1.05 5 0.00550078 0.0508834
0.4 1.25 1 1.1 5 -0.0125697 0.054271
0.4 1.25 1 1.15 5 -0.0327225 0.0578751
0.4 1.25 1 1.2 5 -0.0555157 0.0610636

0.5 1.25 1 0 5 0.156146 5.79519e-08
0.5 1.25 1 0.05 5 0.155832 0.00206094
0.5 1.25 1 0.1 5 0.1548 0.00410366
0.5 1.25 1 0.15 5 0.153147 0.00620738
0.5 1.25 1 0.2 5 0.150904 0.00828887
0.5 1.25 1 0.25 5 0.147899 0.0103405
0.5 1.25 1 0.3 5 0.14429 0.0125111
0.5 1.25 1 0.35 5 0.139952 0.0146894
0.5 1.25 1 0.4 5 0.134885 0.0167709
0.5 1.25 1 0.45 5 0.128972 0.0188189
0.5 1.25 1 0.5 5 0.122479 0.0211027
0.5 1.25 1 0.55 5 0.114935 0.0231868
0.5 1.25 1 0.6 5 0.106828 0.025518
0.5 1.25 1 0.65 5 0.0975644 0.0281253
0.5 1.25 1 0.7 5 0.087242 0.030209
0.5 1.25 1 0.75 5 0.0764527 0.0323339
0.5 1.25 1 0.8 5 0.0646543 0.0349312
0.5 1.25 1 0.85 5 0.0504464 0.0378701
0.5 1.25 1 0.9 5 0.0359609 0.0401786
0.5 1.25 1 0.95 5 0.0216945 0.0430835
0.5 1.25 1 1 5 0.0039901 0.0458568
0.5 1.25 1 1.05 5 -0.0146859 0.0479271
0.5 1.25 1 1.1 5 -0.0355038 0.0514093
0.5 1.25 1 1.15 5 -0.058612 0.0545057
0.5 1.25 1 1.2 5 -0.082544 0.0573205

0.6 1.25 1 0 5 0.145521 -nan
0.6 1.25 1 0.05 5 0.145174 0.00190087
0.6 1.25 1 0.1 5 0.144198 0.00379799
0.6 1.25 1 0.15 5 0.142619 0.00571911
0.6 1.25 1 0.2 5 0.140251 0.00776053
0.6 1.25 1 0.25 5 0.137216 0.00971216
0.6 1.25 1 0.3 5 0.133795 0.0115881
0.6 1.25 1 0.35 5 0.129328 0.0137129
0.6 1.25 1 0.4 5 0.12397 0.0156334
0.6 1.25 1 0.45 5 0.118317 0.0175935
0.6 1.25 1 0.5 5 0.1116 0.0198006
0.6 1.25 1 0.55 5 0.104256 0.022047
0.6 1.25 1 0.6 5 0.0960286 0.0241464
0.6 1.25 1 0.65 5 0.0867265 0.0260223
0.6 1.25 1 0.7 5 0.0763329 0.0285051
0.6 1.25 1 0.75 5 0.0654847 0.0304689
0.6 1.25 1 0.8 5 0.0529546 0.0329984
0.6 1.25 1 0.85 5 0.0392522 0.035149
0.6 1.25 1 0.9 5 0.0241843 0.0378447
0.6 1.25 1 0.95 5 0.00753634 0.0402081
0.6 1.25 1 1 5 -0.0109728 0.0432253
0.6 1.25 1 1.05 5 -0.0313 0.045925
0.6 1.25 1 1.1 5 -0.0524167 0.0481404
0.6 1.25 1 1.15 5 -0.0766933 0.0522615
0.6 1.25 1 1.2 5 -0.104848 0.0568529

0.7 1.25 1 0 5 0.136295 -nan
0.7 1.25 1 0.05 5 0.135961 0.00177052
0.7 1.25 1 0.1 5 0.135027 0.00358683
0.7 1.25 1 0.15 5 0.133417 0.00541685
0.7 1.25 1 0.2 5 0.131086 0.00712928
0.7 1.25 1 0.25 5 0.12824 0.00904011
0.7 1.25 1 0.3 5 0.124699 0.0108253
0.7 1.25 1 0.35 5 0.120471 0.0126871
0.7 1.25 1 0.4 5 0.115257 0.0145057
0.7 1.25 1 0.45 5 0.10965 0.0165927
0.7 1.25 1 0.5 5 0.103201 0.0182596
0.7 1.25 1 0.55 5 0.0960049 0.0206377
0.7 1.25 1 0.6 5 0.0877213 0.0222422
0.7 1.25 1 0.65 5 0.0781024 0.0244858
0.7 1.25 1 0.7 5 0.0677616 0.0265985
0.7 1.25 1 0.75 5 0.0563385 0.028783
0.7 1.25 1 0.8 5 0.0441139 0.0310175
0.7 1.25 1 0.85 5 0.0302384 0.0329283
0.7 1.25 1 0.9 5 0.0151917 0.0357062
0.7 1.25 1 0.95 5 -0.00167116 0.0381401
0.7 1.25 1 1 5 -0.0200904 0.0411355
0.7 1.25 1 1.05 5 -0.0408833 0.0438491
0.7 1.25 1 1.1 5 -0.0648719 0.0464004
0.7 1.25 1 1.15 5 -0.0899878 0.0499567
0.7 1.25 1 1.2 5 -0.118997 0.0532334

0.8 1.25 1 0 5 0.128967 -nan
0.8 1.25 1 0.05 5 0.128652 0.00169129
0.8 1.25 1 0.1 5 0.127715 0.00335429
0.8 1.25 1 0.15 5 0.126083 0.00510948
0.8 1.25 1 0.2 5 0.12404 0.00679477
0.8 1.25 1 0.25 5 0.121133 0.00850891
0.8 1.25 1 0.3 5 0.117638 0.0102356
0.8 1.25 1 0.35 5 0.113503 0.011983
0.8 1.25 1 0.4 5 0.10822 0.0137213
0.8 1.25 1 0.45 5 0.102919 0.015433
0.8 1.25 1 0.5 5 0.0964626 0.0172342
0.8 1.25 1 0.55 5 0.0888578 0.0193068
0.8 1.25 1 0.6 5 0.0806546 0.0213368
0.8 1.25 1 0.65 5 0.071758 0.0233863
0.8 1.25 1 0.7 5 0.0617478 0.0250578
0.8 1.25 1 0.75 5 0.050509 0.0274747
0.8 1.25 1 0.8 5 0.0382559 0.0295067
0.8 1.25 1 0.85 5 0.0248558 0.0317935
0.8 1.25 1 0.9 5 0.00885674 0.0343104
0.8 1.25 1 0.95 5 -0.00823352 0.0364215
0.8 1.25 1 1 5 -0.0268202 0.0390637
0.8 1.25 1 1.05 5 -0.048251 0.0417559
0.8 1.25 1 1.1 5 -0.0725102 0.0449752
0.8 1.25 1 1.15 5 -0.0989993 0.0480437
0.8 1.25 1 1.2 5 -0.131468 0.0516721

0.9 1.25 1 0 5 0.121721 -nan
0.9 1.25 1 0.05 5 0.121391 0.00158049
0.9 1.25 1 0.1 5 0.120493 0.00315507
0.9 1.25 1 0.15 5 0.118978 0.00485245
0.9 1.25 1 0.2 5 0.116846 0.00638137
0.9 1.25 1 0.25 5 0.11403 0.00798396
0.9 1.25 1 0.3 5 0.110596 0.00955608
0.9 1.25 1 0.35 5 0.106648 0.0112672
0.9 1.25 1 0.4 5 0.101855 0.0128647
0.9 1.25 1 0.45 5 0.0963024 0.0147201
0.9 1.25 1 0.5 5 0.0901231 0.0164046
0.9 1.25 1 0.55 5 0.082311 0.0180188
0.9 1.25 1 0.6 5 0.0748236 0.0200179
0.9 1.25 1 0.65 5 0.0659387 0.0219562
0.9 1.25 1 0.7 5 0.0557473 0.0233731
0.9 1.25 1 0.75 5 0.0453444 0.0260558
0.9 1.25 1 0.8 5 0.0323567 0.0280147
0.9 1.25 1 0.85 5 0.0190415 0.0298892
0.9 1.25 1 0.9 5 0.00387063 0.032428
0.9 1.25 1 0.95 5 -0.0131486 0.0343778
0.9 1.25 1 1 5 -0.0322132 0.0374321
0.9 1.25 1 1.05 5 -0.0535821 0.0394481
0.9 1.25 1 1.1 5 -0.078432 0.0424512
0.9 1.25 1 1.15 5 -0.106846 0.0462528
0.9 1.25 1 1.2 5 -0.140509 0.0503377

1 1.25 1 0 5 0.115265 -nan
1 1.25 1 0.05 5 0.114958 0.00151935
1 1.25 1 0.1 5 0.114096 0.00301076
1 1.25 1 0.15 5 0.112724 0.00454906
1 1.25 1 0.2 5 0.110579 0.00596826
1 1.25 1 0.25 5 0.107788 0.00750816
1 1.25 1 0.3 5 0.104706 0.0091204
1 1.25 1 0.35 5 0.100717 0.0107198
1 1.25 1 0.4 5 0.0958643 0.0124176
1 1.25 1 0.45 5 0.0905507 0.0137847
1 1.25 1 0.5 5 0.0846413 0.015584
1 1.25 1 0.55 5 0.0777992 0.0170112
1 1.25 1 0.6 5 0.0695652 0.0188031
1 1.25 1 0.65 5 0.0609865 0.0206673
1 1.25 1 0.7 5 0.0515231 0.0226094
1 1.25 1 0.75 5 0.0405523 0.0240978
1 1.25 1 0.8 5 0.0283828 0.0266027
1 1.25 1 0.85 5 0.0146581 0.0285802
1 1.25 1 0.9 5 0.000126647 0.0310187
1 1.25 1 0.95 5 -0.016533 0.0331825
1 1.25 1 1 5 -0.0364023 0.0356111
1 1.25 1 1.05 5 -0.0583875 0.0381935
1 1.25 1 1.1 5 -0.0836174 0.0413619
1 1.25 1 1.15 5 -0.113163 0.0445386
1 1.25 1 1.2 5 -0.147624 0.0487561

1.1 1.25 1 0 5 0.109474 -nan
1.1 1.25 1 0.05 5 0.109206 0.00142498
1.1 1.25 1 0.1 5 0.108375 0.00284088
1.1 1.25 1 0.15 5 0.106949 0.0042452
1.1 1.25 1 0.2 5 0.104914 0.00566507
1.1 1.25 1 0.25 5 0.102469 0.00710429
1.1 1.25 1 0.3 5 0.0991768 0.00859348
1.1 1.25 1 0.35 5 0.0954234 0.0100836
1.1 1.25 1 0.4 5 0.0907443 0.0117567
1.1 1.25 1 0.45 5 0.0856768 0.0131529
1.1 1.25 1 0.5 5 0.0795149 0.0148585
1.1 1.25 1 0.55 5 0.0730585 0.0165021
1.1 1.25 1 0.6 5 0.0655992 0.017835
1.1 1.25 1 0.65 5 0.0573691 0.0195297
1.1 1.25 1 0.7 5 0.04739 0.0217059
1.1 1.25 1 0.75 5 0.0369903 0.0231881
1.1 1.25 1 0.8 5 0.0250784 0.0251674
1.1 1.25 1 0.85 5 0.0118017 0.0275497
1.1 1.25 1 0.9 5 -0.0031412 0.0295018
1.1 1.25 1 0.95 5 -0.0200275 0.0312575
1.1 1.25 1 1 5 -0.0383618 0.033935
1.1 1.25 1 1.05 5 -0.0604913 0.0367649
1.1 1.25 1 1.1 5 -0.0869315 0.039788
1.1 1.25 1 1.15 5 -0.116769 0.0427823
1.1 1.25 1 1.2 5 -0.152868 0.0472716

1.2 1.25 1 0 5 0.103754 3.59978e-08
1.2 1.25 1 0.05 5 0.103491 0.00133557
1.2 1.25 1 0.1 5 0.102675 0.00267712
1.2 1.25 1 0.15 5 0.10132 0.00399363
1.2 1.25 1 0.2 5 0.0993703 0.0054446
1.2 1.25 1 0.25 5 0.0969359 0.00682074
1.2 1.25 1 0.3 5 0.0937861 0.00816042
1.2 1.25 1 0.35 5 0.090342 0.00968197
1.2 1.25 1 0.4 5 0.0859279 0.0108527
1.2 1.25 1 0.45 5 0.0808837 0.0124449
1.2 1.25 1 0.5 5 0.0752313 0.0138841
1.2 1.25 1 0.55 5 0.0685717 0.0154644
1.2 1.25 1 0.6 5 0.0612323 0.0172399
1.2 1.25 1 0.65 5 0.0530921 0.0187187
1.2 1.25 1 0.7 5 0.0440729 0.0204377
1.2 1.25 1 0.75 5 0.0333277 0.0219626
1.2 1.25 1 0.8 5 0.0217285 0.0238415
1.2 1.25 1 0.85 5 0.0091505 0.0261241
1.2 1.25 1 0.9 5 -0.00586394 0.027772
1.2 1.25 1 0.95 5 -0.022346 0.030324
1.2 1.25 1 1 5 -0.0406238 0.0330821
1.2 1.25 1 1.05 5 -0.0621105 0.0353522
1.2 1.25 1 1.1 5 -0.0880859 0.0383271
1.2 1.25 1 1.15 5 -0.118933 0.0415214
1.2 1.25 1 1.2 5 -0.157181 0.0457269

1.3 1.25 1 0 5 0.0990592 -nan
1.3 1.25 1 0.05 5 0.0988019 0.00127925
1.3 1.25 1 0.1 5 0.0980205 0.00257332
1.3 1.25 1 0.15 5 0.0966062 0.00382899
1.3 1.25 1 0.2 5 0.0948546 0.00519178
1.3 1.25 1 0.25 5 0.0926328 0.00642104
1.3 1.25 1 0.3 5 0.0896735 0.00783119
1.3 1.25 1 0.35 5 0.0860309 0.00928089
1.3 1.25 1 0.4 5 0.0819044 0.0104442
1.3 1.25 1 0.45 5 0.0770731 0.0119143
1.3 1.25 1 0.5 5 0.0715314 0.0131751
1.3 1.25 1 0.55 5 0.0653394 0.0146046
1.3 1.25 1 0.6 5 0.0582051 0.0163729
1.3 1.25 1 0.65 5 0.0503374 0.0178407
1.3 1.25 1 0.7 5 0.0410143 0.0194845
1.3 1.25 1 0.75 5 0.0310898 0.021572
1.3 1.25 1 0.8 5 0.0201158 0.0226464
1.3 1.25 1 0.85 5 0.00741631 0.0248247
1.3 1.25 1 0.9 5 -0.00682623 0.0266845
1.3 1.25 1 0.95 5 -0.0236019 0.028961
1.3 1.25 1 1 5 -0.041624 0.0315295
1.3 1.25 1 1.05 5 -0.0635193 0.0340319
1.3 1.25 1 1.1 5 -0.0884095 0.0373822
1.3 1.25 1 1.15 5 -0.119714 0.0401644
1.3 1.25 1 1.2 5 -0.158803 0.0447432

1.4 1.25 1 0 5 0.094778 6.11702e-08
1.4 1.25 1 0.05 5 0.0945512 0.00122582
1.4 1.25 1 0.1 5 0.0938339 0.00242603
1.4 1.25 1 0.15 5 0.092441 0.00368143
1.4 1.25 1 0.2 5 0.0907178 0.00492563
1.4 1.25 1 0.25 5 0.0884191 0.00618101
1.4 1.25 1 0.3 5 0.085548 0.0073901
1.4 1.25 1 0.35 5 0.0820679 0.0087267
1.4 1.25 1 0.4 5 0.0781513 0.0099367
1.4 1.25 1 0.45 5 0.0734749 0.0112303
1.4 1.25 1 0.5 5 0.0680432 0.0125981
1.4 1.25 1 0.55 5 0.0620413 0.0144321
1.4 1.25 1 0.6 5 0.0550419 0.0158631
1.4 1.25 1 0.65 5 0.0473138 0.0171049
1.4 1.25 1 0.7 5 0.0387504 0.0186621
1.4 1.25 1 0.75 5 0.028991 0.0202122
1.4 1.25 1 0.8 5 0.0183855 0.0218682
1.4 1.25 1 0.85 5 0.005708 0.0242097
1.4 1.25 1 0.9 5 -0.00798637 0.0257541
1.4 1.25 1 0.95 5 -0.0238919 0.0275697
1.4 1.25 1 1 5 -0.0419133 0.0300091
1.4 1.25 1 1.05 5 -0.0632479 0.0331157
1.4 1.25 1 1.1 5 -0.0890071 0.0359583
1.4 1.25 1 1.15 5 -0.119585 0.039577
1.4 1.25 1 1.2 5 -0.159717 0.0435918

1.5 1.25 1 0 5 0.0908575 6.53653e-08
1.5 1.25 1 0.05 5 0.0906147 0.00117453
1.5 1.25 1 0.1 5 0.0898435 0.00233154
1.5 1.25 1 0.15 5 0.0886718 0.00354884
1.5 1.25 1 0.2 5 0.0869929 0.00473388
1.5 1.25 1 0.25 5 0.0847505 0.00591331
1.5 1.25 1 0.3 5 0.0820126 0.00718094
1.5 1.25 1 0.35 5 0.0786901 0.00843681
1.5 1.25 1 0.4 5 0.0747909 0.00958785
1.5 1.25 1 0.45 5 0.0703273 0.0108931
1.5 1.25 1 0.5 5 0.0652328 0.0121818
1.5 1.25 1 0.55 5 0.0594562 0.0137411
1.5 1.25 1 0.6 5 0.0528216 0.0150505
1.5 1.25 1 0.65 5 0.045167 0.0163607
1.5 1.25 1 0.7 5 0.0368714 0.0179402
1.5 1.25 1 0.75 5 0.0278162 0.0197317
1.5 1.25 1 0.8 5 0.017111 0.0210174
1.5 1.25 1 0.85 5 0.00483677 0.0228086
1.5 1.25 1 0.9 5 -0.00844476 0.0248107
1.5 1.25 1 0.95 5 -0.0242891 0.0267502
1.5 1.25 1 1 5 -0.0423557 0.0289697
1.5 1.25 1 1.05 5 -0.0637636 0.0318507
1.5 1.25 1 1.1 5 -0.0884693 0.0343747
1.5 1.25 1 1.15 5 -0.119168 0.0382799
1.5 1.25 1 1.2 5 -0.160392 0.0425947

1.6 1.25 1 0 5 0.0872534 5.1121e-08
1.6 1.25 1 0.05 5 0.0870112 0.00111816
1.6 1.25 1 0.1 5 0.0863607 0.00222115
1.6 1.25 1 0.15 5 0.0851363 0.00341304
1.6 1.25 1 0.2 5 0.0834964 0.00451495
1.6 1.25 1 0.25 5 0.0813408 0.00564532
1.6 1.25 1 0.3 5 0.0786468 0.00676011
1.6 1.25 1 0.35 5 0.075562 0.00803701
1.6 1.25 1 0.4 5 0.0718009 0.00925433
1.6 1.25 1 0.45 5 0.0675751 0.0103958
1.6 1.25 1 0.5 5 0.0623738 0.0117012
1.6 1.25 1 0.55 5 0.057021 0.0131495
1.6 1.25 1 0.6 5 0.0508188 0.0144923
1.6 1.25 1 0.65 5 0.0434291 0.0158894
1.6 1.25 1 0.7 5 0.0351096 0.0173182
1.6 1.25 1 0.75 5 0.025865 0.018881
1.6 1.25 1 0.8 5 0.0156529 0.0201613
1.6 1.25 1 0.85 5 0.00372804 0.0219928
1.6 1.25 1 0.9 5 -0.0094669 0.0239259
1.6 1.25 1 0.95 5 -0.0242388 0.0258785
1.6 1.25 1 1 5 -0.0416991 0.0282704
1.6 1.25 1 1.05 5 -0.0622609 0.0306698
1.6 1.25 1 1.1 5 -0.0870881 0.0332138
1.6 1.25 1 1.15 5 -0.118896 0.037081
1.6 1.25 1 1.2 5 -0.160082 0.0417912

1.7 1.25 1 0 5 0.0839283 -nan
1.7 1.25 1 0.05 5 0.0836965 0.00108099
1.7 1.25 1 0.1 5 0.0830345 0.00215341
1.7 1.25 1 0.15 5 0.0818455 0.00318353
1.7 1.25 1 0.2 5 0.0802901 0.00435044
1.7 1.25 1 0.25 5 0.0782551 0.00541039
1.7 1.25 1 0.3 5 0.0758106 0.0065787
1.7 1.25 1 0.35 5 0.0726802 0.00764353
1.7 1.25 1 0.4 5 0.0691871 0.00895936
1.7 1.25 1 0.45 5 0.0648749 0.0101263
1.7 1.25 1 0.5 5 0.0600093 0.0113548
1.7 1.25 1 0.55 5 0.0545915 0.0125377
1.7 1.25 1 0.6 5 0.0484416 0.0139025
1.7 1.25 1 0.65 5 0.0410796 0.0150048
1.7 1.25 1 0.7 5 0.0333652 0.0165491
1.7 1.25 1 0.75 5 0.0248217 0.0180109
1.7 1.25 1 0.8 5 0.0154347 0.019644
1.7 1.25 1 0.85 5 0.00370664 0.0211132
1.7 1.25 1 0.9 5 -0.00879368 0.0229936
1.7 1.25 1 0.95 5 -0.023945 0.0249978
1.7 1.25 1 1 5 -0.0415907 0.0270058
1.7 1.25 1 1.05 5 -0.0619918 0.0298527
1.7 1.25 1 1.1 5 -0.0864033 0.0325044
1.7 1.25 1 1.15 5 -0.117187 0.0358468
1.7 1.25 1 1.2 5 -0.159073 0.0405806

1.8 1.25 1 0 5 0.0808508 -nan
1.8 1.25 1 0.05 5 0.0806256 0.00104731
1.8 1.25 1 0.1 5 0.0799873 0.00204338
1.8 1.25 1 0.15 5 0.0789123 0.00309957
1.8 1.25 1 0.2 5 0.0773694 0.00416906
1.8 1.25 1 0.25 5 0.0753201 0.005225
1.8 1.25 1 0.3 5 0.0728931 0.0062601
1.8 1.25 1 0.35 5 0.0699028 0.00737867
1.8 1.25 1 0.4 5 0.0665767 0.00850749
1.8 1.25 1 0.45 5 0.0624664 0.00960175
1.8 1.25 1 0.5 5 0.0578873 0.0108131
1.8 1.25 1 0.55 5 0.052718 0.0120402
1.8 1.25 1 0.6 5 0.0466574 0.0133646
1.8 1.25 1 0.65 5 0.0395819 0.0145968
1.8 1.25 1 0.7 5 0.0323439 0.0158576
1.8 1.25 1 0.75 5 0.0238108 0.0174686
1.8 1.25 1 0.8 5 0.0138068 0.0189597
1.8 1.25 1 0.85 5 0.00271609 0.0207331
1.8 1.25 1 0.9 5 -0.00973079 0.0222141
1.8 1.25 1 0.95 5 -0.0239347 0.0242327
1.8 1.25 1 1 5 -0.040333 0.0261653
1.8 1.25 1 1.05 5 -0.0599449 0.028677
1.8 1.25 1 1.1 5 -0.0848627 0.0314554
1.8 1.25 1 1.15 5 -0.115583 0.0347236
1.8 1.25 1 1.2 5 -0.157035 0.0396492

1.9 1.25 1 0 5 0.0779938 4.1263e-08
1.9 1.25 1 0.05 5 0.0777959 0.00101243
1.9 1.25 1 0.1 5 0.0771789 0.00199176
1.9 1.25 1 0.15 5 0.0761111 0.00298694
1.9 1.25 1 0.2 5 0.074655 0.00404673
1.9 1.25 1 0.25 5 0.0727163 0.00503386
1.9 1.25 1 0.3 5 0.070432 0.00596542
1.9 1.25 1 0.35 5 0.0674871 0.00712216
1.9 1.25 1 0.4 5 0.0642728 0.00829328
1.9 1.25 1 0.45 5 0.0605002 0.00933505
1.9 1.25 1 0.5 5 0.055776 0.0103798
1.9 1.25 1 0.55 5 0.050717 0.0116295
1.9 1.25 1 0.6 5 0.0448632 0.0127041
1.9 1.25 1 0.65 5 0.0385411 0.0141692
1.9 1.25 1 0.7 5 0.0310648 0.0155479
1.9 1.25 1 0.75 5 0.0228346 0.0167095
1.9 1.25 1 0.8 5 0.0136034 0.0182913
1.9 1.25 1 0.85 5 0.00275405 0.0198342
1.9 1.25 1 0.9 5 -0.00921377 0.0214282
1.9 1.25 1 0.95 5 -0.0232233 0.0234206
1.9 1.25 1 1 5 -0.0399967 0.0254156
1.9 1.25 1 1.05 5 -0.0590481 0.0279722
1.9 1.25 1 1.1 5 -0.0833393 0.030451
1.9 1.25 1 1.15 5 -0.113594 0.0340227
1.9 1.25 1 1.2 5 -0.155982 0.0389662

2 1.25 1 0 5 0.0753342 3.41809e-08
2 1.25 1 0.05 5 0.0751404 0.000962825
2 1.25 1 0.1 5 0.0745172 0.00194899
2 1.25 1 0.15 5 0.0735343 0.00290835
2 1.25 1 0.2 5 0.0720799 0.00389647
2 1.25 1 0.25 5 0.0702581 0.00485725
2 1.25 1 0.3 5 0.0679447 0.00587464
2 1.25 1 0.35 5 0.0649449 0.00679311
2 1.25 1 0.4 5 0.061845 0.00786731
2 1.25 1 0.45 5 0.0581289 0.00905244
2 1.25 1 0.5 5 0.0539746 0.0101162
2 1.25 1 0.55 5 0.0489521 0.0112804
2 1.25 1 0.6 5 0.0431305 0.012458
2 1.25 1 0.65 5 0.0371141 0.0135997
2 1.25 1 0.7 5 0.0299337 0.0148841
2 1.25 1 0.75 5 0.0222628 0.0161965
2 1.25 1 0.8 5 0.0129771 0.0175105
2 1.25 1 0.85 5 0.00307951 0.0190671
2 1.25 1 0.9 5 -0.00913498 0.0207768
2 1.25 1 0.95 5 -0.0229323 0.0229381
2 1.25 1 1 5 -0.0392325 0.0244589
2 1.25 1 1.05 5 -0.0583323 0.0271288
2 1.25 1 1.1 5 -0.0811626 0.0300521
2 1.25 1 1.15 5 -0.111326 0.0325327
2 1.25 1 1.2 5 -0.152836 0.0379493

2.1 1.25 1 0 5 0.0728522 5.4305e-09
2.1 1.25 1 0.05 5 0.0726777 0.000922817
2.1 1.25 1 0.1 5 0.0720696 0.00185958
2.1 1.25 1 0.15 5 0.0711048 0.00283016
2.1 1.25 1 0.2 5 0.0697967 0.00374278
2.1 1.25 1 0.25 5 0.0679456 0.0047169
2.1 1.25 1 0.3 5 0.0656563 0.00565067
2.1 1.25 1 0.35 5 0.0630791 0.00666774
2.1 1.25 1 0.4 5 0.0598789 0.00764974
2.1 1.25 1 0.45 5 0.0564032 0.00869059
2.1 1.25 1 0.5 5 0.0520351 0.00982329
2.1 1.25 1 0.55 5 0.047336 0.0108637
2.1 1.25 1 0.6 5 0.0419529 0.0120125
2.1 1.25 1 0.65 5 0.0360743 0.0132663
2.1 1.25 1 0.7 5 0.0291064 0.0145007
2.1 1.25 1 0.75 5 0.0211683 0.0160603
2.1 1.25 1 0.8 5 0.0124702 0.0170032
2.1 1.25 1 0.85 5 0.00243876 0.018508
2.1 1.25 1 0.9 5 -0.00901818 0.0202042
2.1 1.25 1 0.95 5 -0.022245 0.021971
2.1 1.25 1 1 5 -0.037969 0.023964
2.1 1.25 1 1.05 5 -0.0570327 0.0265655
2.1 1.25 1 1.1 5 -0.0797173 0.0289019
2.1 1.25 1 1.15 5 -0.109659 0.0322409
2.1 1.25 1 1.2 5 -0.150809 0.0369439

2.2 1.25 1 0 5 0.0705302 -nan
2.2 1.25 1 0.05 5 0.0703545 0.000902064
2.2 1.25 1 0.1 5 0.0697771 0.00180819
2.2 1.25 1 0.15 5 0.0688837 0.00272209
2.2 1.25 1 0.2 5 0.0675087 0.00361634
2.2 1.25 1 0.25 5 0.0658759 0.00456059
2.2 1.25 1 0.3 5 0.0635674 0.00561102
2.2 1.25 1 0.35 5 0.061081 0.00638798
2.2 1.25 1 0.4 5 0.058222 0.00742237
2.2 1.25 1 0.45 5 0.0546169 0.00837928
2.2 1.25 1 0.5 5 0.050513 0.00942664
2.2 1.25 1 0.55 5 0.0460396 0.0107314
2.2 1.25 1 0.6 5 0.0406469 0.0116707
2.2 1.25 1 0.65 5 0.0348259 0.0126498
2.2 1.25 1 0.7 5 0.0281814 0.014015
2.2 1.25 1 0.75 5 0.0205939 0.0153551
2.2 1.25 1 0.8 5 0.0121465 0.0165505
2.2 1.25 1 0.85 5 0.0022885 0.0180605
2.2 1.25 1 0.9 5 -0.00865619 0.0196019
2.2 1.25 1 0.95 5 -0.0218542 0.0214807
2.2 1.25 1 1 5 -0.0371074 0.0232066
2.2 1.25 1 1.05 5 -0.0550701 0.0257222
2.2 1.25 1 1.1 5 -0.0769086 0.028194
2.2 1.25 1 1.15 5 -0.106151 0.0314219
2.2 1.25 1 1.2 5 -0.148365 0.0364547

2.3 1.25 1 0 5 0.0683532 -nan
2.3 1.25 1 0.05 5 0.0681773 0.000881277
2.3 1.25 1 0.1 5 0.0676248 0.00174365
2.3 1.25 1 0.15 5 0.0667734 0.00266049
2.3 1.25 1 0.2 5 0.0654601 0.00353054
2.3 1.25 1 0.25 5 0.0637226 0.00441825
2.3 1.25 1 0.3 5 0.0616438 0.00530465
2.3 1.25 1 0.35 5 0.0591498 0.00627648
2.3 1.25 1 0.4 5 0.0561966 0.00723215
2.3 1.25 1 0.45 5 0.052956 0.00813589
2.3 1.25 1 0.5 5 0.0489435 0.00914598
2.3 1.25 1 0.55 5 0.0445526 0.0101114
2.3 1.25 1 0.6 5 0.0394532 0.0112207
2.3 1.25 1 0.65 5 0.0339028 0.0124618
2.3 1.25 1 0.7 5 0.0275829 0.013538
2.3 1.25 1 0.75 5 0.0201332 0.0147071
2.3 1.25 1 0.8 5 0.0115741 0.0160821
2.3 1.25 1 0.85 5 0.00219966 0.0175867
2.3 1.25 1 0.9 5 -0.00833555 0.0188578
2.3 1.25 1 0.95 5 -0.0210879 0.0208671
2.3 1.25 1 1 5 -0.0358667 0.0228388
2.3 1.25 1 1.05 5 -0.0534085 0.0249523
2.3 1.25 1 1.1 5 -0.075384 0.0273476
2.3 1.25 1 1.15 5 -0.104408 0.0307229
2.3 1.25 1 1.2 5 -0.14589 0.0354809

2.4 1.25 1 0 5 0.0663079 4.66406e-08
2.4 1.25 1 0.05 5 0.0661363 0.000854833
2.4 1.25 1 0.1 5 0.065619 0.00171353
2.4 1.25 1 0.15 5 0.0647296 0.00256765
2.4 1.25 1 0.2 5 0.0634581 0.00338864
2.4 1.25 1 0.25 5 0.0618507 0.00420341
2.4 1.25 1 0.3 5 0.0598 0.00517056
2.4 1.25 1 0.35 5 0.0575401 0.00604797
2.4 1.25 1 0.4 5 0.0545058 0.00694895
2.4 1.25 1 0.45 5 0.0513196 0.00800013
2.4 1.25 1 0.5 5 0.0475807 0.00879837
2.4 1.25 1 0.55 5 0.0432385 0.0100657
2.4 1.25 1 0.6 5 0.0385557 0.0109165
2.4 1.25 1 0.65 5 0.0328965 0.0119503
2.4 1.25 1 0.7 5 0.0265716 0.0128594
2.4 1.25 1 0.75 5 0.0194704 0.0143287
2.4 1.25 1 0.8 5 0.0115833 0.0155919
2.4 1.25 1 0.85 5 0.00234662 0.0170202
2.4 1.25 1 0.9 5 -0.00828849 0.0184097
2.4 1.25 1 0.95 5 -0.01992 0.0201616
2.4 1.25 1 1 5 -0.0345974 0.0218072
2.4 1.25 1 1.05 5 -0.0516782 0.024052
2.4 1.25 1 1.1 5 -0.0739872 0.0265625
2.4 1.25 1 1.15 5 -0.101762 0.0301652
2.4 1.25 1 1.2 5 -0.142334 0.034816

2.5 1.25 1 0 5 0.0643827 3.49091e-08
2.5 1.25 1 0.05 5 0.0642177 0.000821878
2.5 1.25 1 0.1 5 0.0636822 0.00164143
2.5 1.25 1 0.15 5 0.0628893 0.00244823
2.5 1.25 1 0.2 5 0.0616316 0.00330409
2.5 1.25 1 0.25 5 0.0601146 0.0041424
2.5 1.25 1 0.3 5 0.0581984 0.00498722
2.5 1.25 1 0.35 5 0.0558786 0.00595516
2.5 1.25 1 0.4 5 0.0530938 0.00687664
2.5 1.25 1 0.45 5 0.0499224 0.00772464
2.5 1.25 1 0.5 5 0.0462588 0.00875206
2.5 1.25 1 0.55 5 0.0421245 0.00969291
2.5 1.25 1 0.6 5 0.0374722 0.0106101
2.5 1.25 1 0.65 5 0.0321875 0.0115378
2.5 1.25 1 0.7 5 0.0259914 0.0129269
2.5 1.25 1 0.75 5 0.0189831 0.0140312
2.5 1.25 1 0.8 5 0.0114888 0.0151399
2.5 1.25 1 0.85 5 0.0021665 0.0166986
2.5 1.25 1 0.9 5 -0.00771638 0.0179762
2.5 1.25 1 0.95 5 -0.0196803 0.0193578
2.5 1.25 1 1 5 -0.0338595 0.0214803
2.5 1.25 1 1.05 5 -0.0505021 0.0234547
2.5 1.25 1 1.1 5 -0.0714936 0.0257435
2.5 1.25 1 1.15 5 -0.0991535 0.0291934
2.5 1.25 1 1.2 5 -0.139086 0.0336084

2.6 1.25 1 0 5 0.0625671 -nan
2.6 1.25 1 0.05 5 0.062403 0.000793273
2.6 1.25 1 0.1 5 0.0618823 0.0015971
2.6 1.25 1 0.15 5 0.0610833 0.00244402
2.6 1.25 1 0.2 5 0.0599009 0.00323966
2.6 1.25 1 0.25 5 0.0584168 0.00408277
2.6 1.25 1 0.3 5 0.056461 0.00487752
2.6 1.25 1 0.35 5 0.0543414 0.00571163
2.6 1.25 1 0.4 5 0.0516523 0.00656387
2.6 1.25 1 0.45 5 0.048699 0.00747201
2.6 1.25 1 0.5 5 0.0451249 0.0083884
2.6 1.25 1 0.55 5 0.0410122 0.00931001
2.6 1.25 1 0.6 5 0.0365269 0.0103093
2.6 1.25 1 0.65 5 0.0310884 0.0112888
2.6 1.25 1 0.7 5 0.025379 0.0124629
2.6 1.25 1 0.75 5 0.0185696 0.0136612
2.6 1.25 1 0.8 5 0.0115027 0.0146128
2.6 1.25 1 0.85 5 0.0028321 0.0160498
2.6 1.25 1 0.9 5 -0.00759385 0.0174235
2.6 1.25 1 0.95 5 -0.019141 0.0193285
2.6 1.25 1 1 5 -0.0324356 0.020768
2.6 1.25 1 1.05 5 -0.0485779 0.0229648
2.6 1.25 1 1.1 5 -0.0695737 0.0251993
2.6 1.25 1 1.15 5 -0.0974751 0.0284984
2.6 1.25 1 1.2 5 -0.136242 0.0334902

2.7 1.25 1 0 5 0.060852 -nan
2.7 1.25 1 0.05 5 0.0607007 0.000781856
2.7 1.25 1 0.1 5 0.0602138 0.00156613
2.7 1.25 1 0.15 5 0.0594158 0.00234948
2.7 1.25 1 0.2 5 0.0583213 0.00310668
2.7 1.25 1 0.25 5 0.0569295 0.00392377
2.7 1.25 1 0.3 5 0.0549962 0.00473745
2.7 1.25 1 0.35 5 0.0528136 0.00555184
2.7 1.25 1 0.4 5 0.0503321 0.00637253
2.7 1.25 1 0.45 5 0.0472858 0.00733028
2.7 1.25 1 0.5 5 0.0438818 0.00810405
2.7 1.25 1 0.55 5 0.0399469 0.00909429
2.7 1.25 1 0.6 5 0.0356071 0.0100778
2.7 1.25 1 0.65 5 0.0304729 0.0109608
2.7 1.25 1 0.7 5 0.025062 0.0121108
2.7 1.25 1 0.75 5 0.0183072 0.0132355
2.7 1.25 1 0.8 5 0.0109479 0.0145317
2.7 1.25 1 0.85 5 0.00280535 0.0156263
2.7 1.25 1 0.9 5 -0.00711484 0.0171632
2.7 1.25 1 0.95 5 -0.018622 0.0186112
2.7 1.25 1 1 5 -0.0312274 0.0205433
2.7 1.25 1 1.05 5 -0.0473589 0.0224103
2.7 1.25 1 1.1 5 -0.0676156 0.0247286
2.7 1.25 1 1.15 5 -0.0936827 0.0280779
2.7 1.25 1 1.2 5 -0.133024 0.0324235

2.8 1.25 1 0 5 0.0592292 3.42823e-08
2.8 1.25 1 0.05 5 0.0590784 0.000740159
2.8 1.25 1 0.1 5 0.0586032 0.00150841
2.8 1.25 1 0.15 5 0.0578468 0.00231295
2.8 1.25 1 0.2 5 0.0567523 0.0030361
2.8 1.25 1 0.25 5 0.0553641 0.00383218
2.8 1.25 1 0.3 5 0.0535383 0.00462777
2.8 1.25 1 0.35 5 0.0515032 0.00539598
2.8 1.25 1 0.4 5 0.0491096 0.00620479
2.8 1.25 1 0.45 5 0.0461745 0.00705074
2.8 1.25 1 0.5 5 0.0428607 0.0079766
2.8 1.25 1 0.55 5 0.0390552 0.00886105
2.8 1.25 1 0.6 5 0.034613 0.00979723
2.8 1.25 1 0.65 5 0.0298735 0.0107402
2.8 1.25 1 0.7 5 0.0241456 0.0117611
2.8 1.25 1 0.75 5 0.0180621 0.0128456
2.8 1.25 1 0.8 5 0.0110483 0.0139741
2.8 1.25 1 0.85 5 0.00260115 0.0152718
2.8 1.25 1 0.9 5 -0.00637379 0.0165163
2.8 1.25 1 0.95 5 -0.0176135 0.018091
2.8 1.25 1 1 5 -0.0307526 0.0197813
2.8 1.25 1 1.05 5 -0.0458011 0.021759
2.8 1.25 1 1.1 5 -0.0653244 0.0241778
2.8 1.25 1 1.15 5 -0.0918253 0.0274862
2.8 1.25 1 1.2 5 -0.130329 0.0320307

2.9 1.25 1 0 5 0.0576915 1.85097e-08
2.9 1.25 1 0.05 5 0.05754 0.000740016
2.9 1.25 1 0.1 5 0.0570917 0.00146955
2.9 1.25 1 0.15 5 0.056404 0.00224437
2.9 1.25 1 0.2 5 0.0553174 0.00295673
2.9 1.25 1 0.25 5 0.0538968 0.00369947
2.9 1.25 1 0.3 5 0.0522267 0.00447178
2.9 1.25 1 0.35 5 0.0502353 0.00525775
2.9 1.25 1 0.4 5 0.0477738 0.00599878
2.9 1.25 1 0.45 5 0.0450492 0.00682943
2.9 1.25 1 0.5 5 0.0417376 0.00782102
2.9 1.25 1 0.55 5 0.0381707 0.00854043
2.9 1.25 1 0.6 5 0.0338473 0.00954882
2.9 1.25 1 0.65 5 0.0291935 0.0104233
2.9 1.25 1 0.7 5 0.0237198 0.0112979
2.9 1.25 1 0.75 5 0.0177252 0.012393
2.9 1.25 1 0.8 5 0.0108145 0.0136142
2.9 1.25 1 0.85 5 0.0029538 0.0150001
2.9 1.25 1 0.9 5 -0.00610115 0.0161725
2.9 1.25 1 0.95 5 -0.0166573 0.017545
2.9 1.25 1 1 5 -0.0294502 0.0192373
2.9 1.25 1 1.05 5 -0.0441772 0.0212607
2.9 1.25 1 1.1 5 -0.0638359 0.0235869
2.9 1.25 1 1.15 5 -0.0892252 0.0268541
2.9 1.25 1 1.2 5 -0.127105 0.0314156

3 1.25 1 0 5 0.0562322 -nan
3 1.25 1 0.05 5 0.0560839 0.000712909
3 1.25 1 0.1 5 0.0556701 0.0014383
3 1.25 1 0.15 5 0.0549188 0.00216354
3 1.25 1 0.2 5 0.0539176 0.00286447
3 1.25 1 0.25 5 0.052541 0.00361694
3 1.25 1 0.3 5 0.0508803 0.00438203
3 1.25 1 0.35 5 0.0490495 0.00515199
3 1.25 1 0.4 5 0.0465852 0.00588978
3 1.25 1 0.45 5 0.0438663 0.00672032
3 1.25 1 0.5 5 0.0406914 0.00757863
3 1.25 1 0.55 5 0.0371752 0.00844074
3 1.25 1 0.6 5 0.0331588 0.00919758
3 1.25 1 0.65 5 0.0285496 0.0102937
3 1.25 1 0.7 5 0.023319 0.0110922
3 1.25 1 0.75 5 0.0175733 0.0122573
3 1.25 1 0.8 5 0.0108835 0.0132706
3 1.25 1 0.85 5 0.00304569 0.0146725
3 1.25 1 0.9 5 -0.00561522 0.015976
3 1.25 1 0.95 5 -0.0159386 0.0172464
3 1.25 1 1 5 -0.0283969 0.018926
3 1.25 1 1.05 5 -0.0430912 0.0206094
3 1.25 1 1.1 5 -0.0618173 0.023199
3 1.25 1 1.15 5 -0.0866278 0.0260919
3 1.25 1 1.2 5 -0.124095 0.0306072

3.1 1.25 1 0 5 0.0548455 -nan
3.1 1.25 1 0.05 5 0.0547149 0.00069842
3.1 1.25 1 0.1 5 0.0543146 0.00138881
3.1 1.25 1 0.15 5 0.053571 0.00210261
3.1 1.25 1 0.2 5 0.0525574 0.00281133
3.1 1.25 1 0.25 5 0.0512988 0.00354409
3.1 1.25 1 0.3 5 0.0497218 0.00427316
3.1 1.25 1 0.35 5 0.047701 0.00500512
3.1 1.25 1 0.4 5 0.0455205 0.00572197
3.1 1.25 1 0.45 5 0.0428067 0.00663686
3.1 1.25 1 0.5 5 0.0398056 0.00729337
3.1 1.25 1 0.55 5 0.0363797 0.00822213
3.1 1.25 1 0.6 5 0.0324541 0.0090428
3.1 1.25 1 0.65 5 0.0281438 0.0100723
3.1 1.25 1 0.7 5 0.0230323 0.0110049
3.1 1.25 1 0.75 5 0.0171968 0.0119635
3.1 1.25 1 0.8 5 0.0106641 0.0129708
3.1 1.25 1 0.85 5 0.00329016 0.0141573
3.1 1.25 1 0.9 5 -0.0055335 0.015314
3.1 1.25 1 0.95 5 -0.0156176 0.0168495
3.1 1.25 1 1 5 -0.0272412 0.0182626
3.1 1.25 1 1.05 5 -0.0417452 0.0200851
3.1 1.25 1 1.1 5 -0.0599618 0.0226448
3.1 1.25 1 1.15 5 -0.0838021 0.0259407
3.1 1.25 1 1.2 5 -0.121299 0.0300695

3.2 1.25 1 0 5 0.0535261 -nan
3.2 1.25 1 0.05 5 0.0533925 0.000681642
3.2 1.25 1 0.1 5 0.0529785 0.00134972
3.2 1.25 1 0.15 5 0.0522835 0.00204574
3.2 1.25 1 0.2 5 0.0512752 0.00272897
3.2 1.25 1 0.25 5 0.0500473 0.00346977
3.2 1.25 1 0.3 5 0.0485869 0.00417183
3.2 1.25 1 0.35 5 0.0466123 0.0048411
3.2 1.25 1 0.4 5 0.0445061 0.0056314
3.2 1.25 1 0.45 5 0.0419243 0.00643386
3.2 1.25 1 0.5 5 0.0390032 0.00720855
3.2 1.25 1 0.55 5 0.0355887 0.00792362
3.2 1.25 1 0.6 5 0.0317484 0.00887259
3.2 1.25 1 0.65 5 0.0275206 0.00972399
3.2 1.25 1 0.7 5 0.0225383 0.0106982
3.2 1.25 1 0.75 5 0.0168962 0.0116767
3.2 1.25 1 0.8 5 0.0104584 0.0127377
3.2 1.25 1 0.85 5 0.00367533 0.0138838
3.2 1.25 1 0.9 5 -0.00479566 0.015027
3.2 1.25 1 0.95 5 -0.0147667 0.0164395
3.2 1.25 1 1 5 -0.0265024 0.0180873
3.2 1.25 1 1.05 5 -0.0402968 0.0197588
3.2 1.25 1 1.1 5 -0.0576379 0.0221277
3.2 1.25 1 1.15 5 -0.0816985 0.0249057
3.2 1.25 1 1.2 5 -0.118384 0.0296309

3.3 1.25 1 0 5 0.0522691 2.84778e-08
3.3 1.25 1 0.05 5 0.0521403 0.000661553
3.3 1.25 1 0.1 5 0.0517454 0.00131613
3.3 1.25 1 0.15 5 0.0510768 0.002031
3.3 1.25 1 0.2 5 0.0501101 0.0026564
3.3 1.25 1 0.25 5 0.0489233 0.00338213
3.3 1.25 1 0.3 5 0.0474576 0.00409044
3.3 1.25 1 0.35 5 0.0455955 0.00477052
3.3 1.25 1 0.4 5 0.0434609 0.00549508
3.3 1.25 1 0.45 5 0.0410098 0.00629502
3.3 1.25 1 0.5 5 0.0381761 0.00705843
3.3 1.25 1 0.55 5 0.034837 0.00781722
3.3 1.25 1 0.6 5 0.0311203 0.00860545
3.3 1.25 1 0.65 5 0.0271449 0.00961239
3.3 1.25 1 0.7 5 0.0223072 0.0102072
3.3 1.25 1 0.75 5 0.01667 0.0114183
3.3 1.25 1 0.8 5 0.0105074 0.0124826
3.3 1.25 1 0.85 5 0.00321616 0.0135477
3.3 1.25 1 0.9 5 -0.004382 0.0147286
3.3 1.25 1 0.95 5 -0.014119 0.0161566
3.3 1.25 1 1 5 -0.0254209 0.0176715
3.3 1.25 1 1.05 5 -0.0391269 0.0194733
3.3 1.25 1 1.1 5 -0.0561815 0.0216493
3.3 1.25 1 1.15 5 -0.0797821 0.0243043
3.3 1.25 1 1.2 5 -0.115496 0.0289832

3.4 1.25 1 0 5 0.0510702 2.72322e-08
3.4 1.25 1 0.05 5 0.0509361 0.000647334
3.4 1.25 1 0.1 5 0.0505699 0.00130049
3.4 1.25 1 0.15 5 0.0499004 0.00196141
3.4 1.25 1 0.2 5 0.0490132 0.00260743
3.4 1.25 1 0.25 5 0.0478114 0.00329792
3.4 1.25 1 0.3 5 0.0463855 0.00397495
3.4 1.25 1 0.35 5 0.0445703 0.00464341
3.4 1.25 1 0.4 5 0.042472 0.00538532
3.4 1.25 1 0.45 5 0.0400311 0.00609126
3.4 1.25 1 0.5 5 0.0373792 0.00679511
3.4 1.25 1 0.55 5 0.0341258 0.00767883
3.4 1.25 1 0.6 5 0.0305868 0.00841537
3.4 1.25 1 0.65 5 0.0264855 0.00930115
3.4 1.25 1 0.7 5 0.0220771 0.010241
3.4 1.25 1 0.75 5 0.0166594 0.0111631
3.4 1.25 1 0.8 5 0.0106203 0.0121376
3.4 1.25 1 0.85 5 0.00385829 0.0131112
3.4 1.25 1 0.9 5 -0.0044251 0.0143422
3.4 1.25 1 0.95 5 -0.0133321 0.0156754
3.4 1.25 1 1 5 -0.0247595 0.0171789
3.4 1.25 1 1.05 5 -0.0379989 0.0188762
3.4 1.25 1 1.1 5 -0.0549066 0.0212434
3.4 1.25 1 1.15 5 -0.0773325 0.0240205
3.4 1.25 1 1.2 5 -0.113127 0.0283794

3.5 1.25 1 0 5 0.0499255 2.72879e-08
3.5 1.25 1 0.05 5 0.0498122 0.000629306
3.5 1.25 1 0.1 5 0.0494203 0.00125569
3.5 1.25 1 0.15 5 0.0487803 0.00190729
3.5 1.25 1 0.2 5 0.0479593 0.002551
3.5 1.25 1 0.25 5 0.0467413 0.00322544
3.5 1.25 1 0.3 5 0.0453502 0.00390882
3.5 1.25 1 0.35 5 0.0436685 0.00455294
3.5 1.25 1 0.4 5 0.0416673 0.00531755
3.5 1.25 1 0.45 5 0.0393092 0.00591033
3.5 1.25 1 0.5 5 0.0365485 0.00672753
3.5 1.25 1 0.55 5 0.0334553 0.00737014
3.5 1.25 1 0.6 5 0.0298717 0.008232
3.5 1.25 1 0.65 5 0.0260062 0.00923733
3.5 1.25 1 0.7 5 0.0215883 0.00995216
3.5 1.25 1 0.75 5 0.016391 0.0108378
3.5 1.25 1 0.8 5 0.010376 0.0119601
3.5 1.25 1 0.85 5 0.00407251 0.0130146
3.5 1.25 1 0.9 5 -0.00391955 0.0142576
3.5 1.25 1 0.95 5 -0.0126884 0.0154557
3.5 1.25 1 1 5 -0.0234434 0.0168188
3.5 1.25 1 1.05 5 -0.0367722 0.0184786
3.5 1.25 1 1.1 5 -0.0530423 0.0205996
3.5 1.25 1 1.15 5 -0.0751004 0.0234656
3.5 1.25 1 1.2 5 -0.109909 0.028329

3.6 1.25 1 0 5 0.0488313 3.83599e-08
3.6 1.25 1 0.05 5 0.048708 0.000625795
3.6 1.25 1 0.1 5 0.0483632 0.00124667
3.6 1.25 1 0.15 5 0.0477266 0.00187699
3.6 1.25 1 0.2 5 0.0468649 0.00252227
3.6 1.25 1 0.25 5 0.0457239 0.00317528
3.6 1.25 1 0.3 5 0.0444219 0.00378228
3.6 1.25 1 0.35 5 0.0427761 0.00443026
3.6 1.25 1 0.4 5 0.0407551 0.00517459
3.6 1.25 1 0.45 5 0.0383832 0.00586455
3.6 1.25 1 0.5 5 0.0358831 0.00652217
3.6 1.25 1 0.55 5 0.032982 0.00735905
3.6 1.25 1 0.6 5 0.0292926 0.00800002
3.6 1.25 1 0.65 5 0.0256024 0.00890488
3.6 1.25 1 0.7 5 0.0212546 0.00979233
3.6 1.25 1 0.75 5 0.0160788 0.0105761
3.6 1.25 1 0.8 5 0.0105401 0.0115261
3.6 1.25 1 0.85 5 0.00368572 0.0127358
3.6 1.25 1 0.9 5 -0.00332271 0.0137095
3.6 1.25 1 0.95 5 -0.0119085 0.0150808
3.6 1.25 1 1 5 -0.0225041 0.0165037
3.6 1.25 1 1.05 5 -0.0354311 0.0180082
3.6 1.25 1 1.1 5 -0.0515169 0.020299
3.6 1.25 1 1.15 5 -0.0733453 0.023168
3.6 1.25 1 1.2 5 -0.106893 0.0273198

3.7 1.25 1 0 5 0.0477844 -nan
3.7 1.25 1 0.05 5 0.0476576 0.000614773
3.7 1.25 1 0.1 5 0.0473164 0.00122273
3.7 1.25 1 0.15 5 0.0467192 0.00183364
3.7 1.25 1 0.2 5 0.0458919 0.00245594
3.7 1.25 1 0.25 5 0.0448161 0.00309798
3.7 1.25 1 0.3 5 0.0434116 0.00372395
3.7 1.25 1 0.35 5 0.0418429 0.00441048
3.7 1.25 1 0.4 5 0.0399642 0.00501999
3.7 1.25 1 0.45 5 0.0377048 0.00572979
3.7 1.25 1 0.5 5 0.0351312 0.00640819
3.7 1.25 1 0.55 5 0.0322305 0.00712322
3.7 1.25 1 0.6 5 0.0290098 0.00787918
3.7 1.25 1 0.65 5 0.0250978 0.0087222
3.7 1.25 1 0.7 5 0.0209171 0.00964528
3.7 1.25 1 0.75 5 0.0160063 0.0103253
3.7 1.25 1 0.8 5 0.0102646 0.0113007
3.7 1.25 1 0.85 5 0.0042557 0.012539
3.7 1.25 1 0.9 5 -0.00283938 0.0133915
3.7 1.25 1 0.95 5 -0.0114864 0.0145794
3.7 1.25 1 1 5 -0.0220267 0.0161033
3.7 1.25 1 1.05 5 -0.0341533 0.0179503
3.7 1.25 1 1.1 5 -0.049552 0.0199796
3.7 1.25 1 1.15 5 -0.0712326 0.0226317
3.7 1.25 1 1.2 5 -0.103985 0.0269686

3.8 1.25 1 0 5 0.0467817 2.16119e-08
3.8 1.25 1 0.05 5 0.0466677 0.000594024
3.8 1.25 1 0.1 5 0.0463119 0.00119653
3.8 1.25 1 0.15 5 0.0457439 0.00177089
3.8 1.25 1 0.2 5 0.0449068 0.00238855
3.8 1.25 1 0.25 5 0.0438901 0.00298077
3.8 1.25 1 0.3 5 0.0425454 0.00363195
3.8 1.25 1 0.35 5 0.0410259 0.00427823
3.8 1.25 1 0.4 5 0.0392075 0.00489047
3.8 1.25 1 0.45 5 0.0369106 0.00547971
3.8 1.25 1 0.5 5 0.0344728 0.00626283
3.8 1.25 1 0.55 5 0.0316992 0.00695652
3.8 1.25 1 0.6 5 0.0284071 0.00778036
3.8 1.25 1 0.65 5 0.0247522 0.00847992
3.8 1.25 1 0.7 5 0.0206038 0.0094745
3.8 1.25 1 0.75 5 0.0158313 0.0102291
3.8 1.25 1 0.8 5 0.0102548 0.0111988
3.8 1.25 1 0.85 5 0.00437897 0.0123383
3.8 1.25 1 0.9 5 -0.00263321 0.0132339
3.8 1.25 1 0.95 5 -0.0111182 0.0145982
3.8 1.25 1 1 5 -0.0207717 0.0160569
3.8 1.25 1 1.05 5 -0.0330459 0.0174753
3.8 1.25 1 1.1 5 -0.0483062 0.0197083
3.8 1.25 1 1.15 5 -0.0692146 0.0224501
3.8 1.25 1 1.2 5 -0.10139 0.0260573

3.9 1.25 1 0 5 0.0458205 2.02335e-08
3.9 1.25 1 0.05 5 0.0457238 0.000582114
3.9 1.25 1 0.1 5 0.0453775 0.00116607
3.9 1.25 1 0.15 5 0.0447876 0.00173658
3.9 1.25 1 0.2 5 0.0440328 0.00235549
3.9 1.25 1 0.25 5 0.04294 0.00296067
3.9 1.25 1 0.3 5 0.0417415 0.00356891
3.9 1.25 1 0.35 5 0.0401223 0.00420407
3.9 1.25 1 0.4 5 0.0384399 0.00476866
3.9 1.25 1 0.45 5 0.0362819 0.00546252
3.9 1.25 1 0.5 5 0.0338029 0.00618786
3.9 1.25 1 0.55 5 0.0311963 0.00689866
3.9 1.25 1 0.6 5 0.0279016 0.00763263
3.9 1.25 1 0.65 5 0.0243411 0.00821484
3.9 1.25 1 0.7 5 0.0204782 0.00898486
3.9 1.25 1 0.75 5 0.015763 0.00990391
3.9 1.25 1 0.8 5 0.0105272 0.010822
3.9 1.25 1 0.85 5 0.00450547 0.011837
3.9 1.25 1 0.9 5 -0.00221314 0.0130645
3.9 1.25 1 0.95 5 -0.0104613 0.0141457
3.9 1.25 1 1 5 -0.0199558 0.0155639
3.9 1.25 1 1.05 5 -0.0320787 0.0170927
3.9 1.25 1 1.1 5 -0.0468698 0.0193305
3.9 1.25 1 1.15 5 -0.0668527 0.0217366
3.9 1.25 1 1.2 5 -0.0986927 0.0260447

4 1.25 1 0 5 0.0448983 -nan
4 1.25 1 0.05 5 0.0447995 0.000568241
4 1.25 1 0.1 5 0.0444778 0.00113845
4 1.25 1 0.15 5 0.0439052 0.00171555
4 1.25 1 0.2 5 0.0431587 0.00231252
4 1.25 1 0.25 5 0.042125 0.00289654
4 1.25 1 0.3 5 0.0408852 0.0035216
4 1.25 1 0.35 5 0.0394222 0.00410435
4 1.25 1 0.4 5 0.0376678 0.00479118
4 1.25 1 0.45 5 0.0355791 0.00539719
4 1.25 1 0.5 5 0.0332475 0.0059989
4 1.25 1 0.55 5 0.0305461 0.00669883
4 1.25 1 0.6 5 0.0275801 0.00747027
4 1.25 1 0.65 5 0.0239434 0.00820983
4 1.25 1 0.7 5 0.0200098 0.00893747
4 1.25 1 0.75 5 0.0156161 0.00977693
4 1.25 1 0.8 5 0.0104236 0.0106637
4 1.25 1 0.85 5 0.00456208 0.0116053
4 1.25 1 0.9 5 -0.00195016 0.0128124
4 1.25 1 0.95 5 -0.00994961 0.0138114
4 1.25 1 1 5 -0.0191955 0.0149792
4 1.25 1 1.05 5 -0.0310767 0.0166716
4 1.25 1 1.1 5 -0.0453785 0.0188901
4 1.25 1 1.15 5 -0.0650862 0.0214089
4 1.25 1 1.2 5 -0.0966837 0.0258091

4.1 1.25 1 0 5 0.0440127 -nan
4.1 1.25 1 0.05 5 0.043911 0.0005592
4.1 1.25 1 0.1 5 0.0435802 0.00111563
4.1 1.25 1 0.15 5 0.0430544 0.00171257
4.1 1.25 1 0.2 5 0.0422685 0.00224517
4.1 1.25 1 0.25 5 0.0413818 0.00281898
4.1 1.25 1 0.3 5 0.0401467 0.0034355
4.1 1.25 1 0.35 5 0.0386252 0.00402391
4.1 1.25 1 0.4 5 0.0369596 0.00470185
4.1 1.25 1 0.45 5 0.0350164 0.00533782
4.1 1.25 1 0.5 5 0.0326833 0.00587543
4.1 1.25 1 0.55 5 0.0300512 0.00655219
4.1 1.25 1 0.6 5 0.0269859 0.00727045
4.1 1.25 1 0.65 5 0.0238714 0.00801652
4.1 1.25 1 0.7 5 0.0198163 0.00878902
4.1 1.25 1 0.75 5 0.0154109 0.00957936
4.1 1.25 1 0.8 5 0.0104583 0.0105086
4.1 1.25 1 0.85 5 0.00459824 0.0115126
4.1 1.25 1 0.9 5 -0.00183184 0.0125462
4.1 1.25 1 0.95 5 -0.00958605 0.0136864
4.1 1.25 1 1 5 -0.0188446 0.0150586
4.1 1.25 1 1.05 5 -0.0301045 0.0166189
4.1 1.25 1 1.1 5 -0.0440948 0.0185003
4.1 1.25 1 1.15 5 -0.0633576 0.021251
4.1 1.25 1 1.2 5 -0.0936226 0.0247935

4.2 1.25 1 0 5 0.0431616 -nan
4.2 1.25 1 0.05 5 0.0430538 0.00055369
4.2 1.25 1 0.1 5 0.0427435 0.001104
4.2 1.25 1 0.15 5 0.042257 0.00166208
4.2 1.25 1 0.2 5 0.0415245 0.00224139
4.2 1.25 1 0.25 5 0.0405646 0.002788
4.2 1.25 1 0.3 5 0.039406 0.0033498
4.2 1.25 1 0.35 5 0.0379941 0.00390519
4.2 1.25 1 0.4 5 0.0363078 0.00457394
4.2 1.25 1 0.45 5 0.0343273 0.00517611
4.2 1.25 1 0.5 5 0.032081 0.0057947
4.2 1.25 1 0.55 5 0.0296442 0.00647519
4.2 1.25 1 0.6 5 0.0267009 0.00720743
4.2 1.25 1 0.65 5 0.0233056 0.00791905
4.2 1.25 1 0.7 5 0.019564 0.00864375
4.2 1.25 1 0.75 5 0.01536 0.00931369
4.2 1.25 1 0.8 5 0.0104923 0.0101768
4.2 1.25 1 0.85 5 0.00497256 0.0112175
4.2 1.25 1 0.9 5 -0.00125328 0.0123064
4.2 1.25 1 0.95 5 -0.00901452 0.0132961
4.2 1.25 1 1 5 -0.017798 0.0146444
4.2 1.25 1 1.05 5 -0.0287826 0.0165033
4.2 1.25 1 1.1 5 -0.0430642 0.0183105
4.2 1.25 1 1.15 5 -0.0619432 0.0205005
4.2 1.25 1 1.2 5 -0.0917035 0.0247258

4.3 1.25 1 0 5 0.042343 -nan
4.3 1.25 1 0.05 5 0.0422436 0.000539593
4.3 1.25 1 0.1 5 0.0419314 0.00107911
4.3 1.25 1 0.15 5 0.0414523 0.00163105
4.3 1.25 1 0.2 5 0.0407111 0.00215046
4.3 1.25 1 0.25 5 0.0397838 0.00272239
4.3 1.25 1 0.3 5 0.0386568 0.00330368
4.3 1.25 1 0.35 5 0.0372776 0.0039026
4.3 1.25 1 0.4 5 0.0356936 0.00446217
4.3 1.25 1 0.45 5 0.0336966 0.00500266
4.3 1.25 1 0.5 5 0.0315418 0.00568113
4.3 1.25 1 0.55 5 0.0292394 0.00638204
4.3 1.25 1 0.6 5 0.0261393 0.00697041
4.3 1.25 1 0.65 5 0.0229713 0.00767096
4.3 1.25 1 0.7 5 0.0193318 0.00845768
4.3 1.25 1 0.75 5 0.0152362 0.00919294
4.3 1.25 1 0.8 5 0.0105514 0.0101383
4.3 1.25 1 0.85 5 0.00507623 0.0110335
4.3 1.25 1 0.9 5 -0.00141395 0.0121061
4.3 1.25 1 0.95 5 -0.00864615 0.0133287
4.3 1.25 1 1 5 -0.0169215 0.0144877
4.3 1.25 1 1.05 5 -0.0277531 0.0158125
4.3 1.25 1 1.1 5 -0.0417084 0.0177059
4.3 1.25 1 1.15 5 -0.0599122 0.0201297
4.3 1.25 1 1.2 5 -0.0891597 0.0242778

4.4 1.25 1 0 5 0.041555 -nan
4.4 1.25 1 0.05 5 0.0414659 0.000526018
4.4 1.25 1 0.1 5 0.0411549 0.00105883
4.4 1.25 1 0.15 5 0.040678 0.00156408
4.4 1.25 1 0.2 5 0.0399699 0.00213255
4.4 1.25 1 0.25 5 0.039119 0.00264972
4.4 1.25 1 0.3 5 0.037943 0.00326012
4.4 1.25 1 0.35 5 0.0366077 0.00378386
4.4 1.25 1 0.4 5 0.0350012 0.00439175
4.4 1.25 1 0.45 5 0.0331605 0.00494332
4.4 1.25 1 0.5 5 0.0310915 0.00566655
4.4 1.25 1 0.55 5 0.0286483 0.00621893
4.4 1.25 1 0.6 5 0.025801 0.00690481
4.4 1.25 1 0.65 5 0.022784 0.00754205
4.4 1.25 1 0.7 5 0.0192541 0.00825136
4.4 1.25 1 0.75 5 0.0151236 0.00896982
4.4 1.25 1 0.8 5 0.0104933 0.00983533
4.4 1.25 1 0.85 5 0.00521997 0.0108114
4.4 1.25 1 0.9 5 -0.000897504 0.0117386
4.4 1.25 1 0.95 5 -0.00821402 0.0127472
4.4 1.25 1 1 5 -0.0165427 0.0142454
4.4 1.25 1 1.05 5 -0.0273747 0.0156035
4.4 1.25 1 1.1 5 -0.0405833 0.0174848
4.4 1.25 1 1.15 5 -0.0584851 0.0199889
4.4 1.25 1 1.2 5 -0.0869693 0.0235674

4.5 1.25 1 0 5 0.040796 -nan
4.5 1.25 1 0.05 5 0.0406946 0.000520476
4.5 1.25 1 0.1 5 0.0404263 0.00103182
4.5 1.25 1 0.15 5 0.0399608 0.00155913
4.5 1.25 1 0.2 5 0.0392453 0.00208435
4.5 1.25 1 0.25 5 0.0383751 0.00259505
4.5 1.25 1 0.3 5 0.0372413 0.00314513
4.5 1.25 1 0.35 5 0.0359724 0.00374228
4.5 1.25 1 0.4 5 0.034393 0.00434582
4.5 1.25 1 0.45 5 0.0327861 0.00484645
4.5 1.25 1 0.5 5 0.0305753 0.00546811
4.5 1.25 1 0.55 5 0.0282583 0.00605525
4.5 1.25 1 0.6 5 0.0255334 0.0066507
4.5 1.25 1 0.65 5 0.0224659 0.00742205
4.5 1.25 1 0.7 5 0.0189552 0.00824358
4.5 1.25 1 0.75 5 0.0150412 0.00907086
4.5 1.25 1 0.8 5 0.010395 0.00975973
4.5 1.25 1 0.85 5 0.00554084 0.0105868
4.5 1.25 1 0.9 5 -0.000618586 0.0115076
4.5 1.25 1 0.95 5 -0.00756356 0.0127826
4.5 1.25 1 1 5 -0.016262 0.0137964
4.5 1.25 1 1.05 5 -0.0263456 0.0153903
4.5 1.25 1 1.1 5 -0.0390349 0.0171788
4.5 1.25 1 1.15 5 -0.0569904 0.0198452
4.5 1.25 1 1.2 5 -0.084796 0.023438

4.6 1.25 1 0 5 0.0401363 -nan
4.6 1.25 1 0.05 5 0.0400502 0.000509359
4.6 1.25 1 0.1 5 0.03976 0.00102321
4.6 1.25 1 0.15 5 0.0392896 0.00154474
4.6 1.25 1 0.2 5 0.0386248 0.00208376
4.6 1.25 1 0.25 5 0.0377458 0.00258842
4.6 1.25 1 0.3 5 0.0367287 0.00315241
4.6 1.25 1 0.35 5 0.0354051 0.0036322
4.6 1.25 1 0.4 5 0.0338453 0.00423056
4.6 1.25 1 0.45 5 0.0321062 0.00488481
4.6 1.25 1 0.5 5 0.030106 0.00533574
4.6 1.25 1 0.55 5 0.0277912 0.00599767
4.6 1.25 1 0.6 5 0.025175 0.00671367
4.6 1.25 1 0.65 5 0.0220414 0.00733123
4.6 1.25 1 0.7 5 0.0187327 0.00801988
4.6 1.25 1 0.75 5 0.0148753 0.00873594
4.6 1.25 1 0.8 5 0.0107376 0.00954762
4.6 1.25 1 0.85 5 0.00550501 0.01052
4.6 1.25 1 0.9 5 -0.000498848 0.0115158
4.6 1.25 1 0.95 5 -0.00730758 0.0123599
4.6 1.25 1 1 5 -0.0155365 0.0137936
4.6 1.25 1 1.05 5 -0.0251972 0.0150414
4.6 1.25 1 1.1 5 -0.038305 0.0169081
4.6 1.25 1 1.15 5 -0.0556502 0.0193321
4.6 1.25 1 1.2 5 -0.0828896 0.0233754

4.7 1.25 1 0 5 0.0394281 -nan
4.7 1.25 1 0.05 5 0.039332 0.000497677
4.7 1.25 1 0.1 5 0.0390868 0.00100071
4.7 1.25 1 0.15 5 0.0386139 0.00149992
4.7 1.25 1 0.2 5 0.0379533 0.0020344
4.7 1.25 1 0.25 5 0.0371576 0.00252756
4.7 1.25 1 0.3 5 0.0360785 0.0030643
4.7 1.25 1 0.35 5 0.0348585 0.00362601
4.7 1.25 1 0.4 5 0.0334217 0.00419117
4.7 1.25 1 0.45 5 0.0315595 0.00472447
4.7 1.25 1 0.5 5 0.02962 0.00528952
4.7 1.25 1 0.55 5 0.0272934 0.00591483
4.7 1.25 1 0.6 5 0.0248622 0.0065113
4.7 1.25 1 0.65 5 0.0216898 0.00722567
4.7 1.25 1 0.7 5 0.0186174 0.00785223
4.7 1.25 1 0.75 5 0.0148694 0.00860472
4.7 1.25 1 0.8 5 0.0105754 0.00928512
4.7 1.25 1 0.85 5 0.00549067 0.0103308
4.7 1.25 1 0.9 5 -6.21642e-05 0.0112722
4.7 1.25 1 0.95 5 -0.00683104 0.0124361
4.7 1.25 1 1 5 -0.0147335 0.0135789
4.7 1.25 1 1.05 5 -0.0246533 0.0148559
4.7 1.25 1 1.1 5 -0.0371113 0.0166163
4.7 1.25 1 1.15 5 -0.0545515 0.0190214
4.7 1.25 1 1.2 5 -0.080662 0.0230068

4.8 1.25 1 0 5 0.0387446 -nan
4.8 1.25 1 0.05 5 0.0386552 0.000493353
4.8 1.25 1 0.1 5 0.0383726 0.000994683
4.8 1.25 1 0.15 5 0.0379465 0.00150071
4.8 1.25 1 0.2 5 0.0373119 0.00198235
4.8 1.25 1 0.25 5 0.036465 0.00246007
4.8 1.25 1 0.3 5 0.0355326 0.00298737
4.8 1.25 1 0.35 5 0.0342599 0.00353899
4.8 1.25 1 0.4 5 0.0328164 0.00407641
4.8 1.25 1 0.45 5 0.0310745 0.00465967
4.8 1.25 1 0.5 5 0.029213 0.00524008
4.8 1.25 1 0.55 5 0.0269385 0.00573947
4.8 1.25 1 0.6 5 0.0244841 0.00648132
4.8 1.25 1 0.65 5 0.021753 0.0069916
4.8 1.25 1 0.7 5 0.0183362 0.00780489
4.8 1.25 1 0.75 5 0.0146055 0.00851005
4.8 1.25 1 0.8 5 0.0105019 0.0093125
4.8 1.25 1 0.85 5 0.00564231 0.010033
4.8 1.25 1 0.9 5 0.000123858 0.0110542
4.8 1.25 1 0.95 5 -0.00659278 0.0119725
4.8 1.25 1 1 5 -0.0142793 0.0131719
4.8 1.25 1 1.05 5 -0.0237874 0.0146039
4.8 1.25 1 1.1 5 -0.0357181 0.0163786
4.8 1.25 1 1.15 5 -0.0524739 0.0186773
4.8 1.25 1 1.2 5 -0.0784389 0.0223818

4.9 1.25 1 0 5 0.0380846 -nan
4.9 1.25 1 0.05 5 0.037994 0.000479556
4.9 1.25 1 0.1 5 0.0377307 0.000967546
4.9 1.25 1 0.15 5 0.0372954 0.00145794
4.9 1.25 1 0.2 5 0.036662 0.00192872
4.9 1.25 1 0.25 5 0.0358982 0.0024597
4.9 1.25 1 0.3 5 0.0348944 0.00296602
4.9 1.25 1 0.35 5 0.0336603 0.00351483
4.9 1.25 1 0.4 5 0.0322709 0.00408629
4.9 1.25 1 0.45 5 0.0307241 0.00457874
4.9 1.25 1 0.5 5 0.0287287 0.00508029
4.9 1.25 1 0.55 5 0.02663 0.00575159
4.9 1.25 1 0.6 5 0.0242051 0.00630278
4.9 1.25 1 0.65 5 0.0213696 0.00691183
4.9 1.25 1 0.7 5 0.0182117 0.00763568
4.9 1.25 1 0.75 5 0.0145968 0.00832676
4.9 1.25 1 0.8 5 0.0105369 0.00903142
4.9 1.25 1 0.85 5 0.00581834 0.00985979
4.9 1.25 1 0.9 5 0.000358424 0.0108863
4.9 1.25 1 0.95 5 -0.00601674 0.0117615
4.9 1.25 1 1 5 -0.0137034 0.0129877
4.9 1.25 1 1.05 5 -0.0231525 0.0143244
4.9 1.25 1 1.1 5 -0.0349683 0.0161349
4.9 1.25 1 1.15 5 -0.0511388 0.0185677
4.9 1.25 1 1.2 5 -0.0770181 0.0221046

5 1.25 1 0 5 0.0374467 2.42948e-08
5 1.25 1 0.05 5 0.0373681 0.000478063
5 1.25 1 0.1 5 0.0371149 0.000963952
5 1.25 1 0.15 5 0.0366872 0.00141875
5 1.25 1 0.2 5 0.0360912 0.00192225
5 1.25 1 0.25 5 0.0353102 0.00241013
5 1.25 1 0.3 5 0.0343099 0.00292415
5 1.25 1 0.35 5 0.0331724 0.00343704
5 1.25 1 0.4 5 0.0318488 0.00397244
5 1.25 1 0.45 5 0.0302073 0.00447623
5 1.25 1 0.5 5 0.0283211 0.00505323
5 1.25 1 0.55 5 0.0261861 0.00565233
5 1.25 1 0.6 5 0.0237757 0.00617764
5 1.25 1 0.65 5 0.0211054 0.00687384
5 1.25 1 0.7 5 0.0180315 0.00747445
5 1.25 1 0.75 5 0.0145117 0.00821225
5 1.25 1 0.8 5 0.0104338 0.00899335
5 1.25 1 0.85 5 0.00592472 0.00977181
5 1.25 1 0.9 5 0.000634436 0.0105582
5 1.25 1 0.95 5 -0.00562849 0.0116998
5 1.25 1 1 5 -0.0130681 0.0130208
5 1.25 1 1.05 5 -0.0225621 0.0141273
5 1.25 1 1.1 5 -0.033992 0.015744
5 1.25 1 1.15 5 -0.0498462 0.0181635
5 1.25 1 1.2 5 -0.0751247 0.0215543

5.1 1.25 1 0 5 0.0367573 -nan
5.1 1.25 1 0.05 5 0.0366748 0.000147494
5.1 1.25 1 0.1 5 0.0364261 0.000285311
5.1 1.25 1 0.15 5 0.0360076 0.000454444
5.1 1.25 1 0.2 5 0.0354416 0.000605293
5.1 1.25 1 0.25 5 0.0346747 0.000797959
5.1 1.25 1 0.3 5 0.0337401 0.000888349
5.1 1.25 1 0.35 5 0.0325883 0.00106383
5.1 1.25 1 0.4 5 0.0312899 0.00121063
5.1 1.25 1 0.45 5 0.0296713 0.00136316
5.1 1.25 1 0.5 5 0.0280234 0.00156897
5.1 1.25 1 0.55 5 0.0259229 0.00174281
5.1 1.25 1 0.6 5 0.0235603 0.00193915
5.1 1.25 1 0.65 5 0.0208722 0.00210416
5.1 1.25 1 0.7 5 0.0179616 0.0023554
5.1 1.25 1 0.75 5 0.0145898 0.00252247
5.1 1.25 1 0.8 5 0.0106936 0.0027447
5.1 1.25 1 0.85 5 0.00610271 0.00294172
5.1 1.25 1 0.9 5 0.000872419 0.00319504
5.1 1.25 1 0.95 5 -0.00528312 0.0036556
5.1 1.25 1 1 5 -0.0124568 0.00407711
5.1 1.25 1 1.05 5 -0.0212718 0.00455186
5.1 1.25 1 1.1 5 -0.0324589 0.00514816
5.1 1.25 1 1.15 5 -0.0479237 0.00538532
5.1 1.25 1 1.2 5 -inf -nan

5.2 1.25 1 0 5 0.0361602 -nan
5.2 1.25 1 0.05 5 0.0360993 0.000142059
5.2 1.25 1 0.1 5 0.035827 0.000301529
5.2 1.25 1 0.15 5 0.0354465 0.000425352
5.2 1.25 1 0.2 5 0.0348732 0.000576739
5.2 1.25 1 0.25 5 0.0341177 0.000737594
5.2 1.25 1 0.3 5 0.0332049 0.000917791
5.2 1.25 1 0.35 5 0.0320729 0.00103793
5.2 1.25 1 0.4 5 0.0307853 0.00113961
5.2 1.25 1 0.45 5 0.0293056 0.00130701
5.2 1.25 1 0.5 5 0.0275119 0.00154521
5.2 1.25 1 0.55 5 0.0256613 0.00174145
5.2 1.25 1 0.6 5 0.0233492 0.00179538
5.2 1.25 1 0.65 5 0.0208411 0.00203913
5.2 1.25 1 0.7 5 0.0177102 0.00230722
5.2 1.25 1 0.75 5 0.0143424 0.00242369
5.2 1.25 1 0.8 5 0.0104956 0.00285476
5.2 1.25 1 0.85 5 0.00625592 0.00296061
5.2 1.25 1 0.9 5 0.000978044 0.00316754
5.2 1.25 1 0.95 5 -0.00493298 0.00345098
5.2 1.25 1 1 5 -0.0119856 0.00388686
5.2 1.25 1 1.05 5 -0.0205713 0.0044161
5.2 1.25 1 1.1 5 -0.0315954 0.00480067
5.2 1.25 1 1.15 5 -0.0465834 0.00554907
5.2 1.25 1 1.2 5 -inf -nan

5.3 1.25 1 0 5 0.0355823 -nan
5.3 1.25 1 0.05 5 0.0355082 0.000144673
5.3 1.25 1 0.1 5 0.0352769 0.000289274
5.3 1.25 1 0.15 5 0.0348792 0.000442072
5.3 1.25 1 0.2 5 0.03431 0.000588639
5.3 1.25 1 0.25 5 0.0336116 0.000737613
5.3 1.25 1 0.3 5 0.0326886 0.000864686
5.3 1.25 1 0.35 5 0.0316092 0.00101714
5.3 1.25 1 0.4 5 0.0304079 0.00116092
5.3 1.25 1 0.45 5 0.0288694 0.00128732
5.3 1.25 1 0.5 5 0.0271442 0.00154385
5.3 1.25 1 0.55 5 0.025234 0.00166777
5.3 1.25 1 0.6 5 0.0229066 0.00190075
5.3 1.25 1 0.65 5 0.0204825 0.00206073
5.3 1.25 1 0.7 5 0.0177392 0.00221563
5.3 1.25 1 0.75 5 0.0143947 0.00238332
5.3 1.25 1 0.8 5 0.0106036 0.00263844
5.3 1.25 1 0.85 5 0.00624908 0.00293158
5.3 1.25 1 0.9 5 0.00157711 0.00329841
5.3 1.25 1 0.95 5 -0.00466362 0.00354998
5.3 1.25 1 1 5 -0.0115293 0.00394352
5.3 1.25 1 1.05 5 -0.0198612 0.00424985
5.3 1.25 1 1.1 5 -0.0308048 0.00472182
5.3 1.25 1 1.15 5 -0.0455577 0.00559668
5.3 1.25 1 1.2 5 -inf -nan

5.4 1.25 1 0 5 0.0350227 -nan
5.4 1.25 1 0.05 5 0.0349436 0.000142519
5.4 1.25 1 0.1 5 0.0347144 0.000278685
5.4 1.25 1 0.15 5 0.0343083 0.000425727
5.4 1.25 1 0.2 5 0.0337875 0.000578321
5.4 1.25 1 0.25 5 0.0330857 0.000736168
5.4 1.25 1 0.3 5 0.0321878 0.000854109
5.4 1.25 1 0.35 5 0.0311235 0.00100205
5.4 1.25 1 0.4 5 0.0299049 0.00115467
5.4 1.25 1 0.45 5 0.0283731 0.00135321
5.4 1.25 1 0.5 5 0.0267416 0.00154966
5.4 1.25 1 0.55 5 0.0249287 0.00162684
5.4 1.25 1 0.6 5 0.0226989 0.00178593
5.4 1.25 1 0.65 5 0.0201642 0.00206356
5.4 1.25 1 0.7 5 0.0174895 0.00220691
5.4 1.25 1 0.75 5 0.0142666 0.00250086
5.4 1.25 1 0.8 5 0.0106157 0.00260019
5.4 1.25 1 0.85 5 0.00647029 0.0027965
5.4 1.25 1 0.9 5 0.00159578 0.00315623
5.4 1.25 1 0.95 5 -0.00417413 0.00351147
5.4 1.25 1 1 5 -0.0111815 0.00384969
5.4 1.25 1 1.05 5 -0.0193756 0.00411994
5.4 1.25 1 1.1 5 -0.0299106 0.00455994
5.4 1.25 1 1.15 5 -0.0441333 0.0053355
5.4 1.25 1 1.2 5 -inf -nan

5.5 1.25 1 0 5 0.0344804 -nan
5.5 1.25 1 0.05 5 0.034411 0.000142864
5.5 1.25 1 0.1 5 0.0341707 0.000269947
5.5 1.25 1 0.15 5 0.0337926 0.000426768
5.5 1.25 1 0.2 5 0.0332669 0.000574124
5.5 1.25 1 0.25 5 0.0325431 0.00072321
5.5 1.25 1 0.3 5 0.0317274 0.000860921
5.5 1.25 1 0.35 5 0.030694 0.000991456
5.5 1.25 1 0.4 5 0.0295139 0.00115813
5.5 1.25 1 0.45 5 0.0281382 0.0013189
5.5 1.25 1 0.5 5 0.0264433 0.00140251
5.5 1.25 1 0.55 5 0.0245471 0.00166152
5.5 1.25 1 0.6 5 0.0224369 0.0017967
5.5 1.25 1 0.65 5 0.0200827 0.00208408
5.5 1.25 1 0.7 5 0.0173353 0.0022305
5.5 1.25 1 0.75 5 0.0142629 0.0022887
5.5 1.25 1 0.8 5 0.0105385 0.00262901
5.5 1.25 1 0.85 5 0.00656329 0.00288264
5.5 1.25 1 0.9 5 0.00163969 0.0030259
5.5 1.25 1 0.95 5 -0.00380748 0.00331945
5.5 1.25 1 1 5 -0.0105495 0.00372159
5.5 1.25 1 1.05 5 -0.018754 0.0041778
5.5 1.25 1 1.1 5 -0.0290741 0.00459204
5.5 1.25 1 1.15 5 -0.0427558 0.0053797
5.5 1.25 1 1.2 5 -inf -nan

5.6 1.25 1 0 5 0.0339547 -nan
5.6 1.25 1 0.05 5 0.0338945 0.000137662
5.6 1.25 1 0.1 5 0.0336583 0.000268143
5.6 1.25 1 0.15 5 0.0332869 0.000421083
5.6 1.25 1 0.2 5 0.0327755 0.000542672
5.6 1.25 1 0.25 5 0.0321083 0.000708613
5.6 1.25 1 0.3 5 0.0312734 0.000827215
5.6 1.25 1 0.35 5 0.0302697 0.000943788
5.6 1.25 1 0.4 5 0.029089 0.00111248
5.6 1.25 1 0.45 5 0.0276938 0.00126725
5.6 1.25 1 0.5 5 0.0260557 0.00146222
5.6 1.25 1 0.55 5 0.0242386 0.00157156
5.6 1.25 1 0.6 5 0.0221523 0.0017179
5.6 1.25 1 0.65 5 0.0198389 0.00191311
5.6 1.25 1 0.7 5 0.0170941 0.00217649
5.6 1.25 1 0.75 5 0.014154 0.00229702
5.6 1.25 1 0.8 5 0.0105623 0.00244468
5.6 1.25 1 0.85 5 0.00659617 0.00277008
5.6 1.25 1 0.9 5 0.0018523 0.00313057
5.6 1.25 1 0.95 5 -0.00344106 0.00340332
5.6 1.25 1 1 5 -0.00999127 0.00377205
5.6 1.25 1 1.05 5 -0.0178438 0.00401194
5.6 1.25 1 1.1 5 -0.0282009 0.00454616
5.6 1.25 1 1.15 5 -0.042365 0.00504564
5.6 1.25 1 1.2 5 -inf -nan

5.7 1.25 1 0 5 0.0334448 5.54899e-09
5.7 1.25 1 0.05 5 0.0333718 0.000132731
5.7 1.25 1 0.1 5 0.0331733 0.000271065
5.7 1.25 1 0.15 5 0.0327958 0.000402699
5.7 1.25 1 0.2 5 0.0322969 0.000555137
5.7 1.25 1 0.25 5 0.0316388 0.000665131
5.7 1.25 1 0.3 5 0.030787 0.000821068
5.7 1.25 1 0.35 5 0.0298164 0.000976506
5.7 1.25 1 0.4 5 0.028645 0.00111119
5.7 1.25 1 0.45 5 0.0273239 0.00126193
5.7 1.25 1 0.5 5 0.0256959 0.00143902
5.7 1.25 1 0.55 5 0.0239457 0.00156537
5.7 1.25 1 0.6 5 0.022009 0.0017964
5.7 1.25 1 0.65 5 0.0195514 0.00200948
5.7 1.25 1 0.7 5 0.0170642 0.00197899
5.7 1.25 1 0.75 5 0.0139851 0.00227354
5.7 1.25 1 0.8 5 0.0106152 0.00256917
5.7 1.25 1 0.85 5 0.00659773 0.00281528
5.7 1.25 1 0.9 5 0.00207771 0.00299667
5.7 1.25 1 0.95 5 -0.00340905 0.00333084
5.7 1.25 1 1 5 -0.00952593 0.00372409
5.7 1.25 1 1.05 5 -0.0173159 0.00401145
5.7 1.25 1 1.1 5 -0.0273019 0.00452492
5.7 1.25 1 1.15 5 -0.0405636 0.00500296
5.7 1.25 1 1.2 5 -inf -nan

5.8 1.25 1 0 5 0.0329501 -nan
5.8 1.25 1 0.05 5 0.032879 0.000131147
5.8 1.25 1 0.1 5 0.0326676 0.000280082
5.8 1.25 1 0.15 5 0.0323081 0.000397978
5.8 1.25 1 0.2 5 0.0318387 0.000526415
5.8 1.25 1 0.25 5 0.0311906 0.000666149
5.8 1.25 1 0.3 5 0.0303873 0.000808827
5.8 1.25 1 0.35 5 0.0293843 0.000959324
5.8 1.25 1 0.4 5 0.0282416 0.00106397
5.8 1.25 1 0.45 5 0.0269759 0.00122803
5.8 1.25 1 0.5 5 0.0254133 0.00139304
5.8 1.25 1 0.55 5 0.0236575 0.00159723
5.8 1.25 1 0.6 5 0.0217384 0.00168121
5.8 1.25 1 0.65 5 0.0194306 0.00186025
5.8 1.25 1 0.7 5 0.016856 0.00205804
5.8 1.25 1 0.75 5 0.0138797 0.00227731
5.8 1.25 1 0.8 5 0.0106222 0.00242597
5.8 1.25 1 0.85 5 0.0066083 0.00273186
5.8 1.25 1 0.9 5 0.00235428 0.00296423
5.8 1.25 1 0.95 5 -0.00302628 0.00324371
5.8 1.25 1 1 5 -0.00924025 0.00348168
5.8 1.25 1 1.05 5 -0.017026 0.00384282
5.8 1.25 1 1.1 5 -0.0267535 0.00444795
5.8 1.25 1 1.15 5 -0.0396463 0.00513825
5.8 1.25 1 1.2 5 -inf -nan

5.9 1.25 1 0 5 0.0324698 6.1777e-09
5.9 1.25 1 0.05 5 0.0324003 0.000129342
5.9 1.25 1 0.1 5 0.0322027 0.000256898
5.9 1.25 1 0.15 5 0.0318364 0.0004047
5.9 1.25 1 0.2 5 0.0313752 0.000521491
5.9 1.25 1 0.25 5 0.0307486 0.000628237
5.9 1.25 1 0.3 5 0.0299549 0.000789152
5.9 1.25 1 0.35 5 0.0290284 0.000930347
5.9 1.25 1 0.4 5 0.0278936 0.00105622
5.9 1.25 1 0.45 5 0.0265457 0.00124948
5.9 1.25 1 0.5 5 0.0250885 0.00140173
5.9 1.25 1 0.55 5 0.023448 0.00154544
5.9 1.25 1 0.6 5 0.0215159 0.00171873
5.9 1.25 1 0.65 5 0.0191745 0.00192265
5.9 1.25 1 0.7 5 0.0166898 0.00207636
5.9 1.25 1 0.75 5 0.0139054 0.00230171
5.9 1.25 1 0.8 5 0.0105522 0.00247269
5.9 1.25 1 0.85 5 0.00680324 0.0026818
5.9 1.25 1 0.9 5 0.00242072 0.00295573
5.9 1.25 1 0.95 5 -0.00265173 0.0032221
5.9 1.25 1 1 5 -0.0086744 0.00353864
5.9 1.25 1 1.05 5 -0.0162641 0.00397654
5.9 1.25 1 1.1 5 -0.0257861 0.00448969
5.9 1.25 1 1.15 5 -0.0391947 0.00491408
5.9 1.25 1 1.2 5 -inf -nan

6 1.25 1 0 5 0.0320034 5.1434e-09
6 1.25 1 0.05 5 0.0319344 0.000125736
6 1.25 1 0.1 5 0.0317179 0.000255378
6 1.25 1 0.15 5 0.0313934 0.000394509
6 1.25 1 0.2 5 0.0309348 0.000512592
6 1.25 1 0.25 5 0.0302991 0.000655864
6 1.25 1 0.3 5 0.0295806 0.000808976
6 1.25 1 0.35 5 0.0286366 0.000931407
6 1.25 1 0.4 5 0.0275752 0.00103088
6 1.25 1 0.45 5 0.0262907 0.00120333
6 1.25 1 0.5 5 0.0248438 0.00137424
6 1.25 1 0.55 5 0.0231405 0.00152421
6 1.25 1 0.6 5 0.0211879 0.00164745
6 1.25 1 0.65 5 0.0190434 0.00182644
6 1.25 1 0.7 5 0.0165887 0.00197674
6 1.25 1 0.75 5 0.0137317 0.00220502
6 1.25 1 0.8 5 0.0106474 0.00239344
6 1.25 1 0.85 5 0.00685068 0.00255986
6 1.25 1 0.9 5 0.00248243 0.00294848
6 1.25 1 0.95 5 -0.00245629 0.00323603
6 1.25 1 1 5 -0.0083027 0.00345194
6 1.25 1 1.05 5 -0.0156212 0.00391002
6 1.25 1 1.1 5 -0.0252251 0.00428326
6 1.25 1 1.15 5 -0.0380134 0.00496767
6 1.25 1 1.2 5 -inf -nan

6.1 1.25 1 0 5 0.0315502 7.69399e-09
6.1 1.25 1 0.05 5 0.031484 0.000125252
6.1 1.25 1 0.1 5 0.0312861 0.000257477
6.1 1.25 1 0.15 5 0.0309794 0.000380015
6.1 1.25 1 0.2 5 0.0305016 0.000514618
6.1 1.25 1 0.25 5 0.0298528 0.000637804
6.1 1.25 1 0.3 5 0.0290964 0.00077022
6.1 1.25 1 0.35 5 0.0282706 0.000910938
6.1 1.25 1 0.4 5 0.0271165 0.00102071
6.1 1.25 1 0.45 5 0.0258987 0.00121114
6.1 1.25 1 0.5 5 0.0245756 0.00132326
6.1 1.25 1 0.55 5 0.0228277 0.0015201
6.1 1.25 1 0.6 5 0.0209669 0.00161665
6.1 1.25 1 0.65 5 0.0189199 0.00181243
6.1 1.25 1 0.7 5 0.0165872 0.00195895
6.1 1.25 1 0.75 5 0.0135883 0.00221297
6.1 1.25 1 0.8 5 0.0105247 0.00241735
6.1 1.25 1 0.85 5 0.00696423 0.00254506
6.1 1.25 1 0.9 5 0.00259856 0.00301496
6.1 1.25 1 0.95 5 -0.00232689 0.00316039
6.1 1.25 1 1 5 -0.00804842 0.00344334
6.1 1.25 1 1.05 5 -0.0152858 0.00374101
6.1 1.25 1 1.1 5 -0.0245187 0.00422518
6.1 1.25 1 1.15 5 -0.0369419 0.00485268
6.1 1.25 1 1.2 5 -inf -nan

6.2 1.25 1 0 5 0.0311097 -nan
6.2 1.25 1 0.05 5 0.0310431 0.000123445
6.2 1.25 1 0.1 5 0.030862 0.000252878
6.2 1.25 1 0.15 5 0.0305342 0.000364831
6.2 1.25 1 0.2 5 0.0300458 0.000498234
6.2 1.25 1 0.25 5 0.0294651 0.000590267
6.2 1.25 1 0.3 5 0.0287244 0.000737718
6.2 1.25 1 0.35 5 0.027863 0.000879216
6.2 1.25 1 0.4 5 0.0268111 0.00104105
6.2 1.25 1 0.45 5 0.0256151 0.00118725
6.2 1.25 1 0.5 5 0.0241541 0.00131023
6.2 1.25 1 0.55 5 0.0225976 0.00145635
6.2 1.25 1 0.6 5 0.0206707 0.00165847
6.2 1.25 1 0.65 5 0.0187361 0.00182313
6.2 1.25 1 0.7 5 0.0163421 0.00197306
6.2 1.25 1 0.75 5 0.0135256 0.00223812
6.2 1.25 1 0.8 5 0.0106098 0.00228469
6.2 1.25 1 0.85 5 0.00691713 0.00260471
6.2 1.25 1 0.9 5 0.00278374 0.0028337
6.2 1.25 1 0.95 5 -0.00184669 0.00295197
6.2 1.25 1 1 5 -0.00775283 0.00340094
6.2 1.25 1 1.05 5 -0.0146844 0.00369685
6.2 1.25 1 1.1 5 -0.0239315 0.00410201
6.2 1.25 1 1.15 5 -0.0362705 0.004671
6.2 1.25 1 1.2 5 -inf -nan

6.3 1.25 1 0 5 0.0306813 -nan
6.3 1.25 1 0.05 5 0.0306258 0.000123023
6.3 1.25 1 0.1 5 0.0304429 0.000245199
6.3 1.25 1 0.15 5 0.030135 0.000372311
6.3 1.25 1 0.2 5 0.0296618 0.000507879
6.3 1.25 1 0.25 5 0.0291148 0.000634456
6.3 1.25 1 0.3 5 0.0283348 0.000760914
6.3 1.25 1 0.35 5 0.0275801 0.000864042
6.3 1.25 1 0.4 5 0.0264983 0.00102751
6.3 1.25 1 0.45 5 0.0252689 0.00113222
6.3 1.25 1 0.5 5 0.0238803 0.00133987
6.3 1.25 1 0.55 5 0.0223133 0.00140443
6.3 1.25 1 0.6 5 0.020651 0.00163285
6.3 1.25 1 0.65 5 0.0186735 0.00176707
6.3 1.25 1 0.7 5 0.0162074 0.00197867
6.3 1.25 1 0.75 5 0.0135626 0.00213451
6.3 1.25 1 0.8 5 0.0104386 0.00235932
6.3 1.25 1 0.85 5 0.00710856 0.00249612
6.3 1.25 1 0.9 5 0.00288375 0.0028227
6.3 1.25 1 0.95 5 -0.00155902 0.00305366
6.3 1.25 1 1 5 -0.00740956 0.00324426
6.3 1.25 1 1.05 5 -0.0141707 0.00372029
6.3 1.25 1 1.1 5 -0.0231585 0.00430792
6.3 1.25 1 1.15 5 -0.0350786 0.00475884
6.3 1.25 1 1.2 5 -0.0549939 0.00563587

6.4 1.25 1 0 5 0.0302646 6.74003e-09
6.4 1.25 1 0.05 5 0.0302019 0.000129006
6.4 1.25 1 0.1 5 0.0300109 0.000245507
6.4 1.25 1 0.15 5 0.0297118 0.000365766
6.4 1.25 1 0.2 5 0.0292712 0.000472377
6.4 1.25 1 0.25 5 0.0286884 0.000608926
6.4 1.25 1 0.3 5 0.027999 0.000742346
6.4 1.25 1 0.35 5 0.0271714 0.000858835
6.4 1.25 1 0.4 5 0.0261 0.000995522
6.4 1.25 1 0.45 5 0.0249556 0.00114542
6.4 1.25 1 0.5 5 0.0237189 0.00130507
6.4 1.25 1 0.55 5 0.022154 0.00139767
6.4 1.25 1 0.6 5 0.0203892 0.00162598
6.4 1.25 1 0.65 5 0.0183359 0.00175408
6.4 1.25 1 0.7 5 0.0161725 0.00193459
6.4 1.25 1 0.75 5 0.0134798 0.00205573
6.4 1.25 1 0.8 5 0.0106432 0.00234407
6.4 1.25 1 0.85 5 0.00711667 0.00247031
6.4 1.25 1 0.9 5 0.00292215 0.00275523
6.4 1.25 1 0.95 5 -0.00140222 0.00299385
6.4 1.25 1 1 5 -0.00699595 0.00331239
6.4 1.25 1 1.05 5 -0.0138831 0.00371647
6.4 1.25 1 1.1 5 -0.0223322 0.00415856
6.4 1.25 1 1.15 5 -0.0343859 0.0046116
6.4 1.25 1 1.2 5 -inf -nan

6.5 1.25 1 0 5 0.0298591 2.79397e-09
6.5 1.25 1 0.05 5 0.0297997 0.000121049
6.5 1.25 1 0.1 5 0.0296225 0.00023558
6.5 1.25 1 0.15 5 0.0293417 0.000366844
6.5 1.25 1 0.2 5 0.0289001 0.000490237
6.5 1.25 1 0.25 5 0.0283345 0.000592855
6.5 1.25 1 0.3 5 0.0276496 0.000725127
6.5 1.25 1 0.35 5 0.0268147 0.000855493
6.5 1.25 1 0.4 5 0.0258503 0.000982507
6.5 1.25 1 0.45 5 0.0247106 0.00115052
6.5 1.25 1 0.5 5 0.0233963 0.00127367
6.5 1.25 1 0.55 5 0.0218343 0.00141061
6.5 1.25 1 0.6 5 0.0200474 0.00155863
6.5 1.25 1 0.65 5 0.0181518 0.00170525
6.5 1.25 1 0.7 5 0.0158849 0.0018816
6.5 1.25 1 0.75 5 0.0132792 0.00201925
6.5 1.25 1 0.8 5 0.0104555 0.00227795
6.5 1.25 1 0.85 5 0.00731213 0.00244876
6.5 1.25 1 0.9 5 0.00321831 0.00258866
6.5 1.25 1 0.95 5 -0.00136233 0.00309034
6.5 1.25 1 1 5 -0.00658907 0.00324045
6.5 1.25 1 1.05 5 -0.0133804 0.00369851
6.5 1.25 1 1.1 5 -0.0219951 0.00408737
6.5 1.25 1 1.15 5 -0.0337461 0.00459395
6.5 1.25 1 1.2 5 -0.0522127 0.00572428

6.6 1.25 1 0 5 0.0294644 -nan
6.6 1.25 1 0.05 5 0.0294067 0.000117594
6.6 1.25 1 0.1 5 0.0292275 0.00023293
6.6 1.25 1 0.15 5 0.0289429 0.000367143
6.6 1.25 1 0.2 5 0.028501 0.000477847
6.6 1.25 1 0.25 5 0.0279778 0.000605488
6.6 1.25 1 0.3 5 0.0273459 0.000749162
6.6 1.25 1 0.35 5 0.0264898 0.000855034
6.6 1.25 1 0.4 5 0.025512 0.000979844
6.6 1.25 1 0.45 5 0.0244318 0.00112947
6.6 1.25 1 0.5 5 0.0231214 0.00127227
6.6 1.25 1 0.55 5 0.021586 0.0014129
6.6 1.25 1 0.6 5 0.0199627 0.00145029
6.6 1.25 1 0.65 5 0.0179491 0.0017408
6.6 1.25 1 0.7 5 0.0158198 0.00182274
6.6 1.25 1 0.75 5 0.013279 0.00207061
6.6 1.25 1 0.8 5 0.0105207 0.00225026
6.6 1.25 1 0.85 5 0.007229 0.00244825
6.6 1.25 1 0.9 5 0.0033734 0.00275629
6.6 1.25 1 0.95 5 -0.00103365 0.00282066
6.6 1.25 1 1 5 -0.0064145 0.00331559
6.6 1.25 1 1.05 5 -0.0130114 0.00349362
6.6 1.25 1 1.1 5 -0.0211794 0.00402388
6.6 1.25 1 1.15 5 -0.0325247 0.00465624
6.6 1.25 1 1.2 5 -0.0508995 0.0055907

6.7 1.25 1 0 5 0.02908 -nan
6.7 1.25 1 0.05 5 0.0290192 0.000117602
6.7 1.25 1 0.1 5 0.0288338 0.00023477
6.7 1.25 1 0.15 5 0.0285572 0.000354956
6.7 1.25 1 0.2 5 0.0281693 0.000470524
6.7 1.25 1 0.25 5 0.0276167 0.000588333
6.7 1.25 1 0.3 5 0.0269647 0.000697147
6.7 1.25 1 0.35 5 0.0261321 0.000826577
6.7 1.25 1 0.4 5 0.0251812 0.000952455
6.7 1.25 1 0.45 5 0.0241656 0.00112083
6.7 1.25 1 0.5 5 0.0228955 0.00126247
6.7 1.25 1 0.55 5 0.0214176 0.00138429
6.7 1.25 1 0.6 5 0.0197201 0.00151712
6.7 1.25 1 0.65 5 0.0179164 0.00161488
6.7 1.25 1 0.7 5 0.015741 0.00192415
6.7 1.25 1 0.75 5 0.0131385 0.00198323
6.7 1.25 1 0.8 5 0.0104234 0.00227171
6.7 1.25 1 0.85 5 0.00724694 0.00235889
6.7 1.25 1 0.9 5 0.00368772 0.00268511
6.7 1.25 1 0.95 5 -0.000682664 0.00297572
6.7 1.25 1 1 5 -0.00599816 0.00312363
6.7 1.25 1 1.05 5 -0.0125624 0.00363155
6.7 1.25 1 1.1 5 -0.0209005 0.00387627
6.7 1.25 1 1.15 5 -0.032234 0.00442186
6.7 1.25 1 1.2 5 -0.0500512 0.00554168

6.8 1.25 1 0 5 0.0287055 -nan
6.8 1.25 1 0.05 5 0.0286464 0.000111048
6.8 1.25 1 0.1 5 0.0284777 0.000229699
6.8 1.25 1 0.15 5 0.0281961 0.000353785
6.8 1.25 1 0.2 5 0.0277839 0.000465007
6.8 1.25 1 0.25 5 0.0272673 0.00058612
6.8 1.25 1 0.3 5 0.0266415 0.000698375
6.8 1.25 1 0.35 5 0.0257895 0.000778348
6.8 1.25 1 0.4 5 0.024906 0.000932402
6.8 1.25 1 0.45 5 0.0238863 0.00112466
6.8 1.25 1 0.5 5 0.0226087 0.00124082
6.8 1.25 1 0.55 5 0.021232 0.00138451
6.8 1.25 1 0.6 5 0.0195989 0.00153223
6.8 1.25 1 0.65 5 0.0176716 0.00172251
6.8 1.25 1 0.7 5 0.0156703 0.00182182
6.8 1.25 1 0.75 5 0.0131959 0.00202504
6.8 1.25 1 0.8 5 0.0104 0.00219939
6.8 1.25 1 0.85 5 0.00728339 0.00245698
6.8 1.25 1 0.9 5 0.00359998 0.00256246
6.8 1.25 1 0.95 5 -0.000666538 0.00292984
6.8 1.25 1 1 5 -0.00582622 0.00312547
6.8 1.25 1 1.05 5 -0.0121802 0.00345026
6.8 1.25 1 1.1 5 -0.0204049 0.00405958
6.8 1.25 1 1.15 5 -0.0311357 0.00454241
6.8 1.25 1 1.2 5 -0.0490407 0.00537412

6.9 1.25 1 0 5 0.0283405 6.2475e-09
6.9 1.25 1 0.05 5 0.0282886 0.000114337
6.9 1.25 1 0.1 5 0.0281251 0.000236222
6.9 1.25 1 0.15 5 0.0278301 0.000348212
6.9 1.25 1 0.2 5 0.0274293 0.00045324
6.9 1.25 1 0.25 5 0.0269437 0.000599762
6.9 1.25 1 0.3 5 0.0263004 0.000692147
6.9 1.25 1 0.35 5 0.0255608 0.000811345
6.9 1.25 1 0.4 5 0.0246362 0.000951626
6.9 1.25 1 0.45 5 0.0236369 0.00108735
6.9 1.25 1 0.5 5 0.0223129 0.00122822
6.9 1.25 1 0.55 5 0.0209983 0.00131469
6.9 1.25 1 0.6 5 0.0193574 0.00151078
6.9 1.25 1 0.65 5 0.0175516 0.00163086
6.9 1.25 1 0.7 5 0.0155843 0.00177328
6.9 1.25 1 0.75 5 0.013144 0.00193821
6.9 1.25 1 0.8 5 0.0103848 0.00215854
6.9 1.25 1 0.85 5 0.00735017 0.00227251
6.9 1.25 1 0.9 5 0.00375712 0.0025223
6.9 1.25 1 0.95 5 -0.00043654 0.0028369
6.9 1.25 1 1 5 -0.00542134 0.003068
6.9 1.25 1 1.05 5 -0.0115963 0.00354715
6.9 1.25 1 1.1 5 -0.0195111 0.00371519
6.9 1.25 1 1.15 5 -0.0304566 0.00440199
6.9 1.25 1 1.2 5 -0.0479701 0.00525135

7 1.25 1 0 5 0.0279847 -nan
7 1.25 1 0.05 5 0.0279332 0.000108108
7 1.25 1 0.1 5 0.0277675 0.000227765
7 1.25 1 0.15 5 0.0274879 0.000332138
7 1.25 1 0.2 5 0.0271237 0.000461056
7 1.25 1 0.25 5 0.0265941 0.000572782
7 1.25 1 0.3 5 0.0259562 0.000699994
7 1.25 1 0.35 5 0.0252585 0.000815274
7 1.25 1 0.4 5 0.0243442 0.000952454
7 1.25 1 0.45 5 0.0233175 0.00107839
7 1.25 1 0.5 5 0.0220981 0.0012026
7 1.25 1 0.55 5 0.0207375 0.0013153
7 1.25 1 0.6 5 0.0191756 0.00148984
7 1.25 1 0.65 5 0.0174253 0.0016608
7 1.25 1 0.7 5 0.0154036 0.00174697
7 1.25 1 0.75 5 0.0131356 0.00197401
7 1.25 1 0.8 5 0.0103274 0.00220953
7 1.25 1 0.85 5 0.00741598 0.00235315
7 1.25 1 0.9 5 0.00375997 0.00256153
7 1.25 1 0.95 5 -0.000385517 0.00275609
7 1.25 1 1 5 -0.005192 0.00311137
7 1.25 1 1.05 5 -0.0112096 0.00337632
7 1.25 1 1.1 5 -0.0189846 0.00367905
7 1.25 1 1.15 5 -0.02996 0.0043475
7 1.25 1 1.2 5 -0.0468249 0.00533428

7.1 1.25 1 0 5 0.0276378 -nan
7.1 1.25 1 0.05 5 0.0275899 0.000110236
7.1 1.25 1 0.1 5 0.0274228 0.000219258
7.1 1.25 1 0.15 5 0.0271524 0.000334261
7.1 1.25 1 0.2 5 0.0267667 0.000449525
7.1 1.25 1 0.25 5 0.0262955 0.000545705
7.1 1.25 1 0.3 5 0.0256595 0.000680865
7.1 1.25 1 0.35 5 0.0249217 0.000781172
7.1 1.25 1 0.4 5 0.0240354 0.00090173
7.1 1.25 1 0.45 5 0.0230497 0.00105808
7.1 1.25 1 0.5 5 0.0219414 0.00117551
7.1 1.25 1 0.55 5 0.0204913 0.00135497
7.1 1.25 1 0.6 5 0.0189454 0.00143429
7.1 1.25 1 0.65 5 0.0172527 0.00163046
7.1 1.25 1 0.7 5 0.0152198 0.00178082
7.1 1.25 1 0.75 5 0.0129654 0.00193289
7.1 1.25 1 0.8 5 0.0103467 0.00202762
7.1 1.25 1 0.85 5 0.0073948 0.00233051
7.1 1.25 1 0.9 5 0.00397842 0.00245186
7.1 1.25 1 0.95 5 -2.87581e-05 0.00272741
7.1 1.25 1 1 5 -0.00509734 0.00298081
7.1 1.25 1 1.05 5 -0.0110054 0.00340906
7.1 1.25 1 1.1 5 -0.0185131 0.00376336
7.1 1.25 1 1.15 5 -0.0289277 0.00424217
7.1 1.25 1 1.2 5 -0.0459002 0.00519368

7.2 1.25 1 0 5 0.0272993 3.56162e-09
7.2 1.25 1 0.05 5 0.027247 0.000108565
7.2 1.25 1 0.1 5 0.0270956 0.000214968
7.2 1.25 1 0.15 5 0.0268204 0.000320765
7.2 1.25 1 0.2 5 0.0264576 0.000434342
7.2 1.25 1 0.25 5 0.0259863 0.000570659
7.2 1.25 1 0.3 5 0.0253891 0.000666218
7.2 1.25 1 0.35 5 0.0246225 0.000771416
7.2 1.25 1 0.4 5 0.0238396 0.000905304
7.2 1.25 1 0.45 5 0.0228465 0.00107584
7.2 1.25 1 0.5 5 0.0216226 0.00114781
7.2 1.25 1 0.55 5 0.0202585 0.00130911
7.2 1.25 1 0.6 5 0.0188141 0.00144801
7.2 1.25 1 0.65 5 0.0170429 0.00155195
7.2 1.25 1 0.7 5 0.01518 0.0018024
7.2 1.25 1 0.75 5 0.0129827 0.00189867
7.2 1.25 1 0.8 5 0.0103682 0.00205195
7.2 1.25 1 0.85 5 0.00750029 0.0023855
7.2 1.25 1 0.9 5 0.00404989 0.0024739
7.2 1.25 1 0.95 5 4.41988e-05 0.00272667
7.2 1.25 1 1 5 -0.00473321 0.00295393
7.2 1.25 1 1.05 5 -0.0105599 0.00341318
7.2 1.25 1 1.1 5 -0.0181077 0.00364301
7.2 1.25 1 1.15 5 -0.0284909 0.00431479
7.2 1.25 1 1.2 5 -0.0447737 0.00518244

7.3 1.25 1 0 5 0.0269691 2.75489e-09
7.3 1.25 1 0.05 5 0.0269172 0.000107583
7.3 1.25 1 0.1 5 0.0267665 0.000223125
7.3 1.25 1 0.15 5 0.0265082 0.00034031
7.3 1.25 1 0.2 5 0.0261363 0.000430436
7.3 1.25 1 0.25 5 0.0256661 0.000556558
7.3 1.25 1 0.3 5 0.0250627 0.000648357
7.3 1.25 1 0.35 5 0.0243748 0.000768388
7.3 1.25 1 0.4 5 0.0235357 0.000908696
7.3 1.25 1 0.45 5 0.022534 0.000980787
7.3 1.25 1 0.5 5 0.0213425 0.00115347
7.3 1.25 1 0.55 5 0.0200948 0.00131178
7.3 1.25 1 0.6 5 0.0186546 0.00146207
7.3 1.25 1 0.65 5 0.0169252 0.00155324
7.3 1.25 1 0.7 5 0.0151016 0.00175889
7.3 1.25 1 0.75 5 0.0129232 0.00184477
7.3 1.25 1 0.8 5 0.0103442 0.00199149
7.3 1.25 1 0.85 5 0.00763198 0.00230837
7.3 1.25 1 0.9 5 0.00420545 0.00247511
7.3 1.25 1 0.95 5 0.000163282 0.00268994
7.3 1.25 1 1 5 -0.00453539 0.00287053
7.3 1.25 1 1.05 5 -0.0101837 0.00328661
7.3 1.25 1 1.1 5 -0.0176741 0.00379568
7.3 1.25 1 1.15 5 -0.0277992 0.00434365
7.3 1.25 1 1.2 5 -0.0440558 0.00515321

7.4 1.25 1 0 5 0.0266468 -nan
7.4 1.25 1 0.05 5 0.0265954 0.000108797
7.4 1.25 1 0.1 5 0.0264369 0.000216658
7.4 1.25 1 0.15 5 0.0261938 0.00031187
7.4 1.25 1 0.2 5 0.0258416 0.000442242
7.4 1.25 1 0.25 5 0.0253728 0.000550189
7.4 1.25 1 0.3 5 0.0247849 0.000665518
7.4 1.25 1 0.35 5 0.0240726 0.000782787
7.4 1.25 1 0.4 5 0.0232889 0.000879245
7.4 1.25 1 0.45 5 0.0223243 0.00102273
7.4 1.25 1 0.5 5 0.0211841 0.0011098
7.4 1.25 1 0.55 5 0.020021 0.00124706
7.4 1.25 1 0.6 5 0.018441 0.0013601
7.4 1.25 1 0.65 5 0.0167799 0.00152656
7.4 1.25 1 0.7 5 0.0149666 0.0017713
7.4 1.25 1 0.75 5 0.0128092 0.00187569
7.4 1.25 1 0.8 5 0.0103144 0.00201582
7.4 1.25 1 0.85 5 0.00750039 0.00226217
7.4 1.25 1 0.9 5 0.00423451 0.00246317
7.4 1.25 1 0.95 5 0.000299109 0.00266001
7.4 1.25 1 1 5 -0.00419037 0.00288439
7.4 1.25 1 1.05 5 -0.00982435 0.00325455
7.4 1.25 1 1.1 5 -0.0170368 0.00357089
7.4 1.25 1 1.15 5 -0.0273749 0.00418389
7.4 1.25 1 1.2 5 -0.0429176 0.00498148

7.5 1.25 1 0 5 0.0263321 -nan
7.5 1.25 1 0.05 5 0.0262801 0.000107284
7.5 1.25 1 0.1 5 0.0261412 0.000208647
7.5 1.25 1 0.15 5 0.0258712 0.00031844
7.5 1.25 1 0.2 5 0.0255106 0.000417471
7.5 1.25 1 0.25 5 0.0250582 0.000527461
7.5 1.25 1 0.3 5 0.0244769 0.000664528
7.5 1.25 1 0.35 5 0.0238367 0.00076093
7.5 1.25 1 0.4 5 0.0230307 0.000871854
7.5 1.25 1 0.45 5 0.0221391 0.000936246
7.5 1.25 1 0.5 5 0.02101 0.0011499
7.5 1.25 1 0.55 5 0.0197751 0.00124455
7.5 1.25 1 0.6 5 0.0182363 0.00140218
7.5 1.25 1 0.65 5 0.0166966 0.00149778
7.5 1.25 1 0.7 5 0.0149063 0.00167046
7.5 1.25 1 0.75 5 0.0128942 0.00183252
7.5 1.25 1 0.8 5 0.0103149 0.00200093
7.5 1.25 1 0.85 5 0.00752919 0.00216605
7.5 1.25 1 0.9 5 0.00433803 0.00242506
7.5 1.25 1 0.95 5 0.000676402 0.00264317
7.5 1.25 1 1 5 -0.00380723 0.00280614
7.5 1.25 1 1.05 5 -0.00954676 0.00320793
7.5 1.25 1 1.1 5 -0.0165504 0.0036015
7.5 1.25 1 1.15 5 -0.0265123 0.00411505
7.5 1.25 1 1.2 5 -0.0420492 0.00509726

7.6 1.25 1 0 5 0.0260248 5.58794e-09
7.6 1.25 1 0.05 5 0.0259729 0.000105553
7.6 1.25 1 0.1 5 0.0258309 0.000213093
7.6 1.25 1 0.15 5 0.0256214 0.000318761
7.6 1.25 1 0.2 5 0.0252577 0.000424038
7.6 1.25 1 0.25 5 0.0247941 0.00053288
7.6 1.25 1 0.3 5 0.0242385 0.000643985
7.6 1.25 1 0.35 5 0.0235606 0.000713935
7.6 1.25 1 0.4 5 0.0227786 0.000846514
7.6 1.25 1 0.45 5 0.0219091 0.000994327
7.6 1.25 1 0.5 5 0.0208124 0.00112437
7.6 1.25 1 0.55 5 0.0195126 0.0012423
7.6 1.25 1 0.6 5 0.018173 0.00141005
7.6 1.25 1 0.65 5 0.016678 0.00153293
7.6 1.25 1 0.7 5 0.0147479 0.00162558
7.6 1.25 1 0.75 5 0.0125971 0.00184737
7.6 1.25 1 0.8 5 0.0103647 0.00202976
7.6 1.25 1 0.85 5 0.00766369 0.00221456
7.6 1.25 1 0.9 5 0.00436722 0.00236093
7.6 1.25 1 0.95 5 0.000621218 0.00266501
7.6 1.25 1 1 5 -0.00369642 0.00281467
7.6 1.25 1 1.05 5 -0.00902152 0.00314598
7.6 1.25 1 1.1 5 -0.0164462 0.00371311
7.6 1.25 1 1.15 5 -0.0256899 0.00415752
7.6 1.25 1 1.2 5 -0.0410225 0.00482859

7.7 1.25 1 0 5 0.0257246 2.28127e-09
7.7 1.25 1 0.05 5 0.0256811 0.000102662
7.7 1.25 1 0.1 5 0.0255297 0.000201718
7.7 1.25 1 0.15 5 0.025288 0.000301986
7.7 1.25 1 0.2 5 0.0249435 0.000421715
7.7 1.25 1 0.25 5 0.0245399 0.000522826
7.7 1.25 1 0.3 5 0.0239519 0.000612134
7.7 1.25 1 0.35 5 0.0233384 0.000757727
7.7 1.25 1 0.4 5 0.0225331 0.000830773
7.7 1.25 1 0.45 5 0.0216305 0.000963134
7.7 1.25 1 0.5 5 0.0205583 0.00111731
7.7 1.25 1 0.55 5 0.0194124 0.00121627
7.7 1.25 1 0.6 5 0.0180425 0.00133952
7.7 1.25 1 0.65 5 0.0163814 0.00145527
7.7 1.25 1 0.7 5 0.0146047 0.00166017
7.7 1.25 1 0.75 5 0.0126349 0.00178258
7.7 1.25 1 0.8 5 0.0101863 0.00203253
7.7 1.25 1 0.85 5 0.00771118 0.0021099
7.7 1.25 1 0.9 5 0.00440364 0.00233126
7.7 1.25 1 0.95 5 0.000837123 0.00258131
7.7 1.25 1 1 5 -0.00377057 0.00285151
7.7 1.25 1 1.05 5 -0.00896808 0.00316861
7.7 1.25 1 1.1 5 -0.0159272 0.00342775
7.7 1.25 1 1.15 5 -0.0252636 0.00407181
7.7 1.25 1 1.2 5 -0.0404532 0.00479386

7.8 1.25 1 0 5 0.0254312 -nan
7.8 1.25 1 0.05 5 0.0253903 9.8865e-05
7.8 1.25 1 0.1 5 0.0252383 0.000204155
7.8 1.25 1 0.15 5 0.0250152 0.000300063
7.8 1.25 1 0.2 5 0.0246682 0.000390566
7.8 1.25 1 0.25 5 0.0242597 0.000501712
7.8 1.25 1 0.3 5 0.0237214 0.000614691
7.8 1.25 1 0.35 5 0.0231007 0.000750518
7.8 1.25 1 0.4 5 0.0222985 0.000844971
7.8 1.25 1 0.45 5 0.0213869 0.000946463
7.8 1.25 1 0.5 5 0.0203708 0.00108826
7.8 1.25 1 0.55 5 0.019208 0.00120902
7.8 1.25 1 0.6 5 0.0178198 0.00133538
7.8 1.25 1 0.65 5 0.0163405 0.00151921
7.8 1.25 1 0.7 5 0.0145835 0.00162943
7.8 1.25 1 0.75 5 0.0125905 0.00178105
7.8 1.25 1 0.8 5 0.0102425 0.00193073
7.8 1.25 1 0.85 5 0.0075559 0.00216121
7.8 1.25 1 0.9 5 0.00456822 0.00223104
7.8 1.25 1 0.95 5 0.000828664 0.00248438
7.8 1.25 1 1 5 -0.00335762 0.00286836
7.8 1.25 1 1.05 5 -0.0087782 0.00315047
7.8 1.25 1 1.1 5 -0.0156049 0.00344992
7.8 1.25 1 1.15 5 -0.0249469 0.00390467
7.8 1.25 1 1.2 5 -0.0398946 0.00472509

7.9 1.25 1 0 5 0.0251445 3.66662e-09
7.9 1.25 1 0.05 5 0.0250995 0.000104279
7.9 1.25 1 0.1 5 0.0249623 0.000199092
7.9 1.25 1 0.15 5 0.0247104 0.000308065
7.9 1.25 1 0.2 5 0.0244043 0.000406356
7.9 1.25 1 0.25 5 0.0239549 0.000514602
7.9 1.25 1 0.3 5 0.0234666 0.00060907
7.9 1.25 1 0.35 5 0.0228523 0.000715962
7.9 1.25 1 0.4 5 0.022086 0.000854893
7.9 1.25 1 0.45 5 0.0212183 0.000938909
7.9 1.25 1 0.5 5 0.0201621 0.00108051
7.9 1.25 1 0.55 5 0.0190387 0.00119682
7.9 1.25 1 0.6 5 0.0176932 0.00129697
7.9 1.25 1 0.65 5 0.0161654 0.00149381
7.9 1.25 1 0.7 5 0.0145122 0.00153482
7.9 1.25 1 0.75 5 0.012432 0.00174309
7.9 1.25 1 0.8 5 0.0101208 0.00187931
7.9 1.25 1 0.85 5 0.0076381 0.00206393
7.9 1.25 1 0.9 5 0.00449167 0.00222323
7.9 1.25 1 0.95 5 0.00105569 0.00252127
7.9 1.25 1 1 5 -0.00322351 0.00278874
7.9 1.25 1 1.05 5 -0.00850723 0.0030683
7.9 1.25 1 1.1 5 -0.0150483 0.00338764
7.9 1.25 1 1.15 5 -0.0243301 0.00402319
7.9 1.25 1 1.2 5 -0.0388316 0.00465421

8 1.25 1 0 5 0.0248642 1.71095e-09
8 1.25 1 0.05 5 0.0248198 0.000104048
8 1.25 1 0.1 5 0.0246698 0.000200721
8 1.25 1 0.15 5 0.0244505 0.000296119
8 1.25 1 0.2 5 0.0241136 0.000410474
8 1.25 1 0.25 5 0.0237525 0.000514915
8 1.25 1 0.3 5 0.0232336 0.000620046
8 1.25 1 0.35 5 0.0225956 0.000726632
8 1.25 1 0.4 5 0.0218573 0.00080613
8 1.25 1 0.45 5 0.021002 0.000919687
8 1.25 1 0.5 5 0.0200128 0.00102089
8 1.25 1 0.55 5 0.0188755 0.00116336
8 1.25 1 0.6 5 0.0176128 0.0013375
8 1.25 1 0.65 5 0.0161296 0.00136887
8 1.25 1 0.7 5 0.0143576 0.00156769
8 1.25 1 0.75 5 0.0123986 0.00177452
8 1.25 1 0.8 5 0.0101545 0.00187043
8 1.25 1 0.85 5 0.00759513 0.00203475
8 1.25 1 0.9 5 0.0046573 0.00229976
8 1.25 1 0.95 5 0.00115561 0.00254488
8 1.25 1 1 5 -0.00301365 0.00267159
8 1.25 1 1.05 5 -0.00811765 0.0029665
8 1.25 1 1.1 5 -0.0145458 0.00330607
8 1.25 1 1.15 5 -0.0236121 0.0037875
8 1.25 1 1.2 5 -0.0381624 0.00469233

8.1 1.25 1 0 5 0.02459 -nan
8.1 1.25 1 0.05 5 0.0245431 0.00010124
8.1 1.25 1 0.1 5 0.024407 0.000190979
8.1 1.25 1 0.15 5 0.0241849 0.000286714
8.1 1.25 1 0.2 5 0.023906 0.000394489
8.1 1.25 1 0.25 5 0.0234938 0.000502159
8.1 1.25 1 0.3 5 0.0229748 0.000613517
8.1 1.25 1 0.35 5 0.0223363 0.000692873
8.1 1.25 1 0.4 5 0.0216628 0.000796072
8.1 1.25 1 0.45 5 0.0208153 0.000949203
8.1 1.25 1 0.5 5 0.0197952 0.00103465
8.1 1.25 1 0.55 5 0.0186746 0.00117694
8.1 1.25 1 0.6 5 0.0173871 0.00132203
8.1 1.25 1 0.65 5 0.0159176 0.001376
8.1 1.25 1 0.7 5 0.014277 0.00159268
8.1 1.25 1 0.75 5 0.0123475 0.00168086
8.1 1.25 1 0.8 5 0.0102105 0.00195901
8.1 1.25 1 0.85 5 0.00772579 0.00209237
8.1 1.25 1 0.9 5 0.00482217 0.00223176
8.1 1.25 1 0.95 5 0.00139566 0.0024354
8.1 1.25 1 1 5 -0.00284991 0.00275745
8.1 1.25 1 1.05 5 -0.00778004 0.00306291
8.1 1.25 1 1.1 5 -0.0144025 0.00343024
8.1 1.25 1 1.15 5 -0.0231879 0.0037798
8.1 1.25 1 1.2 5 -0.0373221 0.00453054

8.2 1.25 1 0 5 0.0243219 -nan
8.2 1.25 1 0.05 5 0.0242786 9.3871e-05
8.2 1.25 1 0.1 5 0.0241466 0.0001929
8.2 1.25 1 0.15 5 0.0239311 0.000283634
8.2 1.25 1 0.2 5 0.02363 0.000390831
8.2 1.25 1 0.25 5 0.0232283 0.00048401
8.2 1.25 1 0.3 5 0.0226931 0.00060811
8.2 1.25 1 0.35 5 0.0221418 0.000732851
8.2 1.25 1 0.4 5 0.0214083 0.000827025
8.2 1.25 1 0.45 5 0.0205699 0.000914716
8.2 1.25 1 0.5 5 0.0196247 0.00102868
8.2 1.25 1 0.55 5 0.018559 0.00116284
8.2 1.25 1 0.6 5 0.0172291 0.0012662
8.2 1.25 1 0.65 5 0.0158211 0.00143294
8.2 1.25 1 0.7 5 0.0141417 0.00155547
8.2 1.25 1 0.75 5 0.0123179 0.00171234
8.2 1.25 1 0.8 5 0.0102052 0.00187425
8.2 1.25 1 0.85 5 0.00762966 0.00203292
8.2 1.25 1 0.9 5 0.00484985 0.0022768
8.2 1.25 1 0.95 5 0.00149291 0.00240946
8.2 1.25 1 1 5 -0.00263129 0.00272462
8.2 1.25 1 1.05 5 -0.00754499 0.00296638
8.2 1.25 1 1.1 5 -0.0139095 0.00332394
8.2 1.25 1 1.15 5 -0.0227157 0.00375108
8.2 1.25 1 1.2 5 -0.0366063 0.00451447

8.3 1.25 1 0 5 0.0240595 -nan
8.3 1.25 1 0.05 5 0.0240142 9.90574e-05
8.3 1.25 1 0.1 5 0.0238858 0.000188498
8.3 1.25 1 0.15 5 0.0236698 0.000286208
8.3 1.25 1 0.2 5 0.0233675 0.000385749
8.3 1.25 1 0.25 5 0.0230231 0.000500651
8.3 1.25 1 0.3 5 0.0224968 0.000593887
8.3 1.25 1 0.35 5 0.0219448 0.00071609
8.3 1.25 1 0.4 5 0.0211943 0.000797993
8.3 1.25 1 0.45 5 0.0203687 0.00088101
8.3 1.25 1 0.5 5 0.0193745 0.00104703
8.3 1.25 1 0.55 5 0.0183716 0.00113128
8.3 1.25 1 0.6 5 0.017121 0.00125635
8.3 1.25 1 0.65 5 0.0157291 0.00134703
8.3 1.25 1 0.7 5 0.0140749 0.00154331
8.3 1.25 1 0.75 5 0.0122354 0.00170262
8.3 1.25 1 0.8 5 0.0100362 0.00187568
8.3 1.25 1 0.85 5 0.00775026 0.00201799
8.3 1.25 1 0.9 5 0.00489464 0.00228726
8.3 1.25 1 0.95 5 0.00157738 0.00227695
8.3 1.25 1 1 5 -0.00240061 0.00278706
8.3 1.25 1 1.05 5 -0.00722343 0.00286947
8.3 1.25 1 1.1 5 -0.01365 0.00327583
8.3 1.25 1 1.15 5 -0.0220466 0.00380782
8.3 1.25 1 1.2 5 -0.0358183 0.00466485

8.4 1.25 1 0 5 0.0238028 -nan
8.4 1.25 1 0.05 5 0.0237657 9.46117e-05
8.4 1.25 1 0.1 5 0.0236271 0.000183664
8.4 1.25 1 0.15 5 0.0234357 0.000294342
8.4 1.25 1 0.2 5 0.023133 0.000401094
8.4 1.25 1 0.25 5 0.0227485 0.000503835
8.4 1.25 1 0.3 5 0.0222884 0.00058944
8.4 1.25 1 0.35 5 0.0216814 0.000696495
8.4 1.25 1 0.4 5 0.021002 0.000810306
8.4 1.25 1 0.45 5 0.0201848 0.000863965
8.4 1.25 1 0.5 5 0.0192119 0.000992123
8.4 1.25 1 0.55 5 0.0181327 0.00113643
8.4 1.25 1 0.6 5 0.0169166 0.00126552
8.4 1.25 1 0.65 5 0.0154799 0.00141225
8.4 1.25 1 0.7 5 0.0139802 0.00159739
8.4 1.25 1 0.75 5 0.0122384 0.00177643
8.4 1.25 1 0.8 5 0.0100374 0.0018334
8.4 1.25 1 0.85 5 0.00764949 0.00198574
8.4 1.25 1 0.9 5 0.00482761 0.00217484
8.4 1.25 1 0.95 5 0.00150376 0.00245216
8.4 1.25 1 1 5 -0.00229936 0.00256224
8.4 1.25 1 1.05 5 -0.00703856 0.00297185
8.4 1.25 1 1.1 5 -0.0133464 0.0032833
8.4 1.25 1 1.15 5 -0.0217717 0.00377474
8.4 1.25 1 1.2 5 -0.0351252 0.00453115

8.5 1.25 1 0 5 0.0235515 -nan
8.5 1.25 1 0.05 5 0.0235028 9.61723e-05
8.5 1.25 1 0.1 5 0.0233797 0.000183623
8.5 1.25 1 0.15 5 0.0231855 0.000292552
8.5 1.25 1 0.2 5 0.0229048 0.00037005
8.5 1.25 1 0.25 5 0.022557 0.000471927
8.5 1.25 1 0.3 5 0.0220455 0.000570066
8.5 1.25 1 0.35 5 0.021468 0.000687434
8.5 1.25 1 0.4 5 0.0207595 0.000810959
8.5 1.25 1 0.45 5 0.0200015 0.000909765
8.5 1.25 1 0.5 5 0.0190754 0.000991275
8.5 1.25 1 0.55 5 0.018097 0.00111876
8.5 1.25 1 0.6 5 0.01682 0.00130435
8.5 1.25 1 0.65 5 0.0154632 0.00135674
8.5 1.25 1 0.7 5 0.013925 0.00153273
8.5 1.25 1 0.75 5 0.0121156 0.00163423
8.5 1.25 1 0.8 5 0.0101459 0.00182085
8.5 1.25 1 0.85 5 0.00770171 0.00199859
8.5 1.25 1 0.9 5 0.00493717 0.00218311
8.5 1.25 1 0.95 5 0.00180707 0.00235081
8.5 1.25 1 1 5 -0.00221454 0.00254894
8.5 1.25 1 1.05 5 -0.00675405 0.00285989
8.5 1.25 1 1.1 5 -0.0128825 0.00326833
8.5 1.25 1 1.15 5 -0.0211798 0.00362338
8.5 1.25 1 1.2 5 -0.0342635 0.00449355

8.6 1.25 1 0 5 0.0233054 2.20883e-09
8.6 1.25 1 0.05 5 0.023269 9.3142e-05
8.6 1.25 1 0.1 5 0.023151 0.000188006
8.6 1.25 1 0.15 5 0.0229465 0.000267058
8.6 1.25 1 0.2 5 0.0226603 0.00038641
8.6 1.25 1 0.25 5 0.0222982 0.00048766
8.6 1.25 1 0.3 5 0.0217964 0.000570198
8.6 1.25 1 0.35 5 0.0212483 0.000670897
8.6 1.25 1 0.4 5 0.0205848 0.000777771
8.6 1.25 1 0.45 5 0.0198717 0.000891059
8.6 1.25 1 0.5 5 0.0189257 0.000993173
8.6 1.25 1 0.55 5 0.0179076 0.00111937
8.6 1.25 1 0.6 5 0.0166838 0.00123445
8.6 1.25 1 0.65 5 0.0153853 0.001422
8.6 1.25 1 0.7 5 0.013872 0.00147961
8.6 1.25 1 0.75 5 0.0120248 0.00156124
8.6 1.25 1 0.8 5 0.0101147 0.00180608
8.6 1.25 1 0.85 5 0.00782147 0.00194118
8.6 1.25 1 0.9 5 0.00498501 0.00204382
8.6 1.25 1 0.95 5 0.00179232 0.00241805
8.6 1.25 1 1 5 -0.00199983 0.00258509
8.6 1.25 1 1.05 5 -0.00670915 0.0028612
8.6 1.25 1 1.1 5 -0.0127824 0.00318661
8.6 1.25 1 1.15 5 -0.0209324 0.00363032
8.6 1.25 1 1.2 5 -0.0340891 0.00440034

8.7 1.25 1 0 5 0.0230644 2.87053e-09
8.7 1.25 1 0.05 5 0.0230251 9.43748e-05
8.7 1.25 1 0.1 5 0.0229114 0.000190524
8.7 1.25 1 0.15 5 0.0227172 0.000280327
8.7 1.25 1 0.2 5 0.0224228 0.000375991
8.7 1.25 1 0.25 5 0.0220718 0.000481172
8.7 1.25 1 0.3 5 0.0216197 0.000548498
8.7 1.25 1 0.35 5 0.0210593 0.000655345
8.7 1.25 1 0.4 5 0.0204275 0.000756362
8.7 1.25 1 0.45 5 0.0196354 0.000864762
8.7 1.25 1 0.5 5 0.0187337 0.000977427
8.7 1.25 1 0.55 5 0.0177346 0.00114848
8.7 1.25 1 0.6 5 0.0165518 0.00117244
8.7 1.25 1 0.65 5 0.0152258 0.00135031
8.7 1.25 1 0.7 5 0.0136976 0.00149104
8.7 1.25 1 0.75 5 0.0119686 0.0016814
8.7 1.25 1 0.8 5 0.00999866 0.00174659
8.7 1.25 1 0.85 5 0.00770579 0.00195548
8.7 1.25 1 0.9 5 0.00501498 0.00214768
8.7 1.25 1 0.95 5 0.00193985 0.00225538
8.7 1.25 1 1 5 -0.00183958 0.00251564
8.7 1.25 1 1.05 5 -0.00644645 0.00283712
8.7 1.25 1 1.1 5 -0.0123608 0.00311272
8.7 1.25 1 1.15 5 -0.0204094 0.00368366
8.7 1.25 1 1.2 5 -0.0332341 0.00441773

8.8 1.25 1 0 5 0.0228284 5.26836e-09
8.8 1.25 1 0.05 5 0.0227905 9.34491e-05
8.8 1.25 1 0.1 5 0.0226726 0.00018829
8.8 1.25 1 0.15 5 0.0224694 0.000268652
8.8 1.25 1 0.2 5 0.0222054 0.00036905
8.8 1.25 1 0.25 5 0.0218375 0.00044811
8.8 1.25 1 0.3 5 0.021411 0.000574874
8.8 1.25 1 0.35 5 0.0208521 0.000667793
8.8 1.25 1 0.4 5 0.0202309 0.000751166
8.8 1.25 1 0.45 5 0.019487 0.000891443
8.8 1.25 1 0.5 5 0.0186346 0.000987588
8.8 1.25 1 0.55 5 0.0176332 0.00112029
8.8 1.25 1 0.6 5 0.0164057 0.00121262
8.8 1.25 1 0.65 5 0.0151791 0.00129737
8.8 1.25 1 0.7 5 0.0136166 0.00144309
8.8 1.25 1 0.75 5 0.0118826 0.00158388
8.8 1.25 1 0.8 5 0.00991494 0.00174972
8.8 1.25 1 0.85 5 0.00776069 0.00194759
8.8 1.25 1 0.9 5 0.00508525 0.00207976
8.8 1.25 1 0.95 5 0.00212155 0.00230881
8.8 1.25 1 1 5 -0.00179146 0.00243228
8.8 1.25 1 1.05 5 -0.00609553 0.00276826
8.8 1.25 1 1.1 5 -0.0120621 0.00308408
8.8 1.25 1 1.15 5 -0.0198803 0.0036936
8.8 1.25 1 1.2 5 -0.0325575 0.00444676

8.9 1.25 1 0 5 0.0225972 -nan
8.9 1.25 1 0.05 5 0.0225595 9.19187e-05
8.9 1.25 1 0.1 5 0.0224408 0.000174711
8.9 1.25 1 0.15 5 0.0222503 0.000275065
8.9 1.25 1 0.2 5 0.021991 0.000383876
8.9 1.25 1 0.25 5 0.0216228 0.000462126
8.9 1.25 1 0.3 5 0.0212034 0.000524417
8.9 1.25 1 0.35 5 0.020647 0.000642666
8.9 1.25 1 0.4 5 0.0200011 0.000750438
8.9 1.25 1 0.45 5 0.019253 0.000901024
8.9 1.25 1 0.5 5 0.0184374 0.000950193
8.9 1.25 1 0.55 5 0.0174436 0.00105713
8.9 1.25 1 0.6 5 0.0163149 0.00121134
8.9 1.25 1 0.65 5 0.0150254 0.00128902
8.9 1.25 1 0.7 5 0.0135778 0.00146838
8.9 1.25 1 0.75 5 0.0119061 0.00166098
8.9 1.25 1 0.8 5 0.00990129 0.0017511
8.9 1.25 1 0.85 5 0.00773032 0.00184792
8.9 1.25 1 0.9 5 0.005151 0.00208339
8.9 1.25 1 0.95 5 0.00207543 0.00222258
8.9 1.25 1 1 5 -0.00142937 0.00252344
8.9 1.25 1 1.05 5 -0.00595414 0.00270819
8.9 1.25 1 1.1 5 -0.0118011 0.00316797
8.9 1.25 1 1.15 5 -0.0193463 0.00350919
8.9 1.25 1 1.2 5 -0.0319519 0.00435162

9 1.25 1 0 5 0.0223706 2.79397e-09
9 1.25 1 0.05 5 0.0223371 8.78699e-05
9 1.25 1 0.1 5 0.0222172 0.000184012
9 1.25 1 0.15 5 0.0220219 0.000279317
9 1.25 1 0.2 5 0.0217718 0.000353852
9 1.25 1 0.25 5 0.0213948 0.000451578
9 1.25 1 0.3 5 0.0209975 0.000541046
9 1.25 1 0.35 5 0.0204752 0.000654341
9 1.25 1 0.4 5 0.0198541 0.000786512
9 1.25 1 0.45 5 0.0191026 0.000838279
9 1.25 1 0.5 5 0.0182476 0.000966915
9 1.25 1 0.55 5 0.0172774 0.00104997
9 1.25 1 0.6 5 0.0161656 0.00120506
9 1.25 1 0.65 5 0.0148642 0.00132883
9 1.25 1 0.7 5 0.0134129 0.00140563
9 1.25 1 0.75 5 0.0118978 0.00155237
9 1.25 1 0.8 5 0.00989639 0.00168234
9 1.25 1 0.85 5 0.00773649 0.00187925
9 1.25 1 0.9 5 0.00522257 0.0020336
9 1.25 1 0.95 5 0.00217179 0.00222631
9 1.25 1 1 5 -0.0013892 0.00250208
9 1.25 1 1.05 5 -0.00582825 0.00267883
9 1.25 1 1.1 5 -0.0113115 0.00317419
9 1.25 1 1.15 5 -0.0191014 0.00333806
9 1.25 1 1.2 5 -0.0314069 0.00423039

9.1 1.25 1 0 5 0.0221485 4.165e-09
9.1 1.25 1 0.05 5 0.0221056 8.84737e-05
9.1 1.25 1 0.1 5 0.021999 0.000175408
9.1 1.25 1 0.15 5 0.021824 0.000275214
9.1 1.25 1 0.2 5 0.0215447 0.000362634
9.1 1.25 1 0.25 5 0.0212075 0.000450747
9.1 1.25 1 0.3 5 0.0207788 0.000539395
9.1 1.25 1 0.35 5 0.0202761 0.000643996
9.1 1.25 1 0.4 5 0.0196374 0.000738414
9.1 1.25 1 0.45 5 0.0188904 0.00082428
9.1 1.25 1 0.5 5 0.0180973 0.000930911
9.1 1.25 1 0.55 5 0.017158 0.00105109
9.1 1.25 1 0.6 5 0.0160278 0.00115725
9.1 1.25 1 0.65 5 0.0148578 0.00127599
9.1 1.25 1 0.7 5 0.0134485 0.0013453
9.1 1.25 1 0.75 5 0.0117482 0.00158019
9.1 1.25 1 0.8 5 0.00979804 0.00170894
9.1 1.25 1 0.85 5 0.00785916 0.00187561
9.1 1.25 1 0.9 5 0.00530271 0.00206284
9.1 1.25 1 0.95 5 0.00228994 0.00224858
9.1 1.25 1 1 5 -0.00117557 0.0024672
9.1 1.25 1 1.05 5 -0.00572004 0.00266876
9.1 1.25 1 1.1 5 -0.0111731 0.00301226
9.1 1.25 1 1.15 5 -0.0187185 0.0033818
9.1 1.25 1 1.2 5 -0.0309744 0.00422504

9.2 1.25 1 0 5 0.0219308 -nan
9.2 1.25 1 0.05 5 0.0218956 8.80871e-05
9.2 1.25 1 0.1 5 0.0217823 0.000176749
9.2 1.25 1 0.15 5 0.0215918 0.000263264
9.2 1.25 1 0.2 5 0.0213464 0.000357891
9.2 1.25 1 0.25 5 0.0210113 0.000472481
9.2 1.25 1 0.3 5 0.020545 0.000568597
9.2 1.25 1 0.35 5 0.0200504 0.000627906
9.2 1.25 1 0.4 5 0.0194734 0.000740148
9.2 1.25 1 0.45 5 0.018783 0.000864519
9.2 1.25 1 0.5 5 0.0179722 0.000938396
9.2 1.25 1 0.55 5 0.0169491 0.00106246
9.2 1.25 1 0.6 5 0.0159658 0.00119187
9.2 1.25 1 0.65 5 0.0147282 0.00127259
9.2 1.25 1 0.7 5 0.0132844 0.00139638
9.2 1.25 1 0.75 5 0.0116505 0.00150881
9.2 1.25 1 0.8 5 0.00985139 0.00167448
9.2 1.25 1 0.85 5 0.00774906 0.00179863
9.2 1.25 1 0.9 5 0.00518007 0.0020338
9.2 1.25 1 0.95 5 0.00234665 0.00225432
9.2 1.25 1 1 5 -0.00112656 0.00249246
9.2 1.25 1 1.05 5 -0.00542174 0.00281447
9.2 1.25 1 1.1 5 -0.0107951 0.00302793
9.2 1.25 1 1.15 5 -0.0184138 0.00349152
9.2 1.25 1 1.2 5 -0.0304228 0.00406827

9.3 1.25 1 0 5 0.0217174 -nan
9.3 1.25 1 0.05 5 0.0216842 8.47334e-05
9.3 1.25 1 0.1 5 0.0215734 0.000176031
9.3 1.25 1 0.15 5 0.021391 0.000264625
9.3 1.25 1 0.2 5 0.0211307 0.000347892
9.3 1.25 1 0.25 5 0.0208096 0.000442994
9.3 1.25 1 0.3 5 0.0203971 0.000544621
9.3 1.25 1 0.35 5 0.0198693 0.000636378
9.3 1.25 1 0.4 5 0.0192903 0.000699727
9.3 1.25 1 0.45 5 0.0186003 0.000785341
9.3 1.25 1 0.5 5 0.0177992 0.000941028
9.3 1.25 1 0.55 5 0.0168171 0.00104649
9.3 1.25 1 0.6 5 0.0158527 0.00114775
9.3 1.25 1 0.65 5 0.0146212 0.00122628
9.3 1.25 1 0.7 5 0.0132206 0.00134104
9.3 1.25 1 0.75 5 0.0117226 0.00148227
9.3 1.25 1 0.8 5 0.00980616 0.00169155
9.3 1.25 1 0.85 5 0.0078323 0.00184772
9.3 1.25 1 0.9 5 0.00521555 0.00195479
9.3 1.25 1 0.95 5 0.00244568 0.00223104
9.3 1.25 1 1 5 -0.00103562 0.00238883
9.3 1.25 1 1.05 5 -0.00524488 0.00263347
9.3 1.25 1 1.1 5 -0.0106518 0.00293625
9.3 1.25 1 1.15 5 -0.0179686 0.00339952
9.3 1.25 1 1.2 5 -0.0297128 0.00412036

9.4 1.25 1 0 5 0.021508 -nan
9.4 1.25 1 0.05 5 0.0214717 8.80999e-05
9.4 1.25 1 0.1 5 0.0213774 0.000172423
9.4 1.25 1 0.15 5 0.0211948 0.000260128
9.4 1.25 1 0.2 5 0.0209583 0.000338824
9.4 1.25 1 0.25 5 0.0206398 0.000444297
9.4 1.25 1 0.3 5 0.0202153 0.000552018
9.4 1.25 1 0.35 5 0.0197131 0.000624383
9.4 1.25 1 0.4 5 0.0191862 0.000738805
9.4 1.25 1 0.45 5 0.0183972 0.000813869
9.4 1.25 1 0.5 5 0.0176514 0.000922745
9.4 1.25 1 0.55 5 0.016753 0.00109945
9.4 1.25 1 0.6 5 0.0156985 0.00116667
9.4 1.25 1 0.65 5 0.0145171 0.00124426
9.4 1.25 1 0.7 5 0.0131803 0.00132374
9.4 1.25 1 0.75 5 0.011648 0.00154472
9.4 1.25 1 0.8 5 0.0097985 0.00167192
9.4 1.25 1 0.85 5 0.00771207 0.00178423
9.4 1.25 1 0.9 5 0.00532743 0.00198578
9.4 1.25 1 0.95 5 0.00251681 0.00216871
9.4 1.25 1 1 5 -0.000759199 0.0023551
9.4 1.25 1 1.05 5 -0.00506025 0.00265457
9.4 1.25 1 1.1 5 -0.0105195 0.00289214
9.4 1.25 1 1.15 5 -0.017529 0.00330247
9.4 1.25 1 1.2 5 -0.0295406 0.00396783

9.5 1.25 1 0 5 0.0213027 1.91997e-09
9.5 1.25 1 0.05 5 0.021271 8.8979e-05
9.5 1.25 1 0.1 5 0.0211522 0.000171718
9.5 1.25 1 0.15 5 0.0209944 0.000272639
9.5 1.25 1 0.2 5 0.0207753 0.000338534
9.5 1.25 1 0.25 5 0.0204147 0.000438591
9.5 1.25 1 0.3 5 0.0200249 0.000524443
9.5 1.25 1 0.35 5 0.0195883 0.000616095
9.5 1.25 1 0.4 5 0.0190468 0.000706727
9.5 1.25 1 0.45 5 0.0182643 0.000773813
9.5 1.25 1 0.5 5 0.0175073 0.000900353
9.5 1.25 1 0.55 5 0.0166543 0.00104235
9.5 1.25 1 0.6 5 0.0156021 0.00108776
9.5 1.25 1 0.65 5 0.0144205 0.00119844
9.5 1.25 1 0.7 5 0.0130693 0.00140535
9.5 1.25 1 0.75 5 0.0115023 0.00145668
9.5 1.25 1 0.8 5 0.00974598 0.00162425
9.5 1.25 1 0.85 5 0.00762117 0.00189721
9.5 1.25 1 0.9 5 0.00541385 0.00192897
9.5 1.25 1 0.95 5 0.00260879 0.00223348
9.5 1.25 1 1 5 -0.000874771 0.00240474
9.5 1.25 1 1.05 5 -0.00480819 0.00249699
9.5 1.25 1 1.1 5 -0.00999296 0.002984
9.5 1.25 1 1.15 5 -0.0172836 0.00331619
9.5 1.25 1 1.2 5 -0.0287376 0.00406626

9.6 1.25 1 0 5 0.0211012 -nan
9.6 1.25 1 0.05 5 0.021066 8.24947e-05
9.6 1.25 1 0.1 5 0.0209697 0.000170179
9.6 1.25 1 0.15 5 0.0208038 0.000256899
9.6 1.25 1 0.2 5 0.0205352 0.000332706
9.6 1.25 1 0.25 5 0.0202379 0.000442027
9.6 1.25 1 0.3 5 0.0198424 0.000518482
9.6 1.25 1 0.35 5 0.019404 0.000620902
9.6 1.25 1 0.4 5 0.0188164 0.000738136
9.6 1.25 1 0.45 5 0.0181224 0.000821894
9.6 1.25 1 0.5 5 0.0174002 0.000888226
9.6 1.25 1 0.55 5 0.0164746 0.00104073
9.6 1.25 1 0.6 5 0.0155155 0.0011321
9.6 1.25 1 0.65 5 0.014292 0.00120716
9.6 1.25 1 0.7 5 0.0129535 0.00134321
9.6 1.25 1 0.75 5 0.0115262 0.00154269
9.6 1.25 1 0.8 5 0.00979682 0.00163461
9.6 1.25 1 0.85 5 0.00767294 0.00174633
9.6 1.25 1 0.9 5 0.00542388 0.00197786
9.6 1.25 1 0.95 5 0.00269334 0.00203723
9.6 1.25 1 1 5 -0.000634244 0.0023598
9.6 1.25 1 1.05 5 -0.00462621 0.00257495
9.6 1.25 1 1.1 5 -0.00983439 0.00289107
9.6 1.25 1 1.15 5 -0.0170572 0.00343984
9.6 1.25 1 1.2 5 -0.0283647 0.00410317

9.7 1.25 1 0 5 0.0209036 3.9444e-09
9.7 1.25 1 0.05 5 0.0208702 8.33717e-05
9.7 1.25 1 0.1 5 0.0207728 0.000173972
9.7 1.25 1 0.15 5 0.0205977 0.000252338
9.7 1.25 1 0.2 5 0.0203699 0.000349137
9.7 1.25 1 0.25 5 0.0200716 0.000437605
9.7 1.25 1 0.3 5 0.0196588 0.000525062
9.7 1.25 1 0.35 5 0.0192045 0.00061385
9.7 1.25 1 0.4 5 0.0186411 0.000713269
9.7 1.25 1 0.45 5 0.0180212 0.000750921
9.7 1.25 1 0.5 5 0.0172706 0.000873946
9.7 1.25 1 0.55 5 0.0163339 0.00100343
9.7 1.25 1 0.6 5 0.015346 0.00111848
9.7 1.25 1 0.65 5 0.0142069 0.00120873
9.7 1.25 1 0.7 5 0.0128887 0.0013421
9.7 1.25 1 0.75 5 0.011398 0.00150967
9.7 1.25 1 0.8 5 0.00975211 0.0016578
9.7 1.25 1 0.85 5 0.00773291 0.00174606
9.7 1.25 1 0.9 5 0.00543057 0.00186979
9.7 1.25 1 0.95 5 0.00278136 0.00208362
9.7 1.25 1 1 5 -0.000390587 0.0022912
9.7 1.25 1 1.05 5 -0.00446879 0.00252496
9.7 1.25 1 1.1 5 -0.00963364 0.00286072
9.7 1.25 1 1.15 5 -0.0164461 0.00325426
9.7 1.25 1 1.2 5 -0.027927 0.00394041

9.8 1.25 1 0 5 0.0207096 -nan
9.8 1.25 1 0.05 5 0.0206762 8.24928e-05
9.8 1.25 1 0.1 5 0.020573 0.000171755
9.8 1.25 1 0.15 5 0.0204139 0.000258869
9.8 1.25 1 0.2 5 0.0201983 0.000349857
9.8 1.25 1 0.25 5 0.0198885 0.000412369
9.8 1.25 1 0.3 5 0.0194885 0.000504501
9.8 1.25 1 0.35 5 0.0190264 0.000622799
9.8 1.25 1 0.4 5 0.0184452 0.000694447
9.8 1.25 1 0.45 5 0.0178629 0.000808075
9.8 1.25 1 0.5 5 0.0171586 0.00091077
9.8 1.25 1 0.55 5 0.0161786 0.00104309
9.8 1.25 1 0.6 5 0.0152449 0.00110882
9.8 1.25 1 0.65 5 0.014134 0.00120911
9.8 1.25 1 0.7 5 0.0127785 0.00132396
9.8 1.25 1 0.75 5 0.0113528 0.00142842
9.8 1.25 1 0.8 5 0.00964713 0.00161092
9.8 1.25 1 0.85 5 0.00770377 0.00168893
9.8 1.25 1 0.9 5 0.00532932 0.00191644
9.8 1.25 1 0.95 5 0.00283651 0.00212998
9.8 1.25 1 1 5 -0.000428482 0.00236361
9.8 1.25 1 1.05 5 -0.00418398 0.00256652
9.8 1.25 1 1.1 5 -0.00934005 0.00297297
9.8 1.25 1 1.15 5 -0.0163237 0.00344259
9.8 1.25 1 1.2 5 -0.0274102 0.00413512

9.9 1.25 1 0 5 0.0205192 -nan
9.9 1.25 1 0.05 5 0.0204851 8.34563e-05
9.9 1.25 1 0.1 5 0.0203893 0.000169413
9.9 1.25 1 0.15 5 0.0202167 0.000253177
9.9 1.25 1 0.2 5 0.020006 0.000330069
9.9 1.25 1 0.25 5 0.0197088 0.000425892
9.9 1.25 1 0.3 5 0.0193078 0.000520877
9.9 1.25 1 0.35 5 0.0188966 0.000592664
9.9 1.25 1 0.4 5 0.0183232 0.000694859
9.9 1.25 1 0.45 5 0.0177236 0.00079599
9.9 1.25 1 0.5 5 0.0169248 0.000857243
9.9 1.25 1 0.55 5 0.0161224 0.000945769
9.9 1.25 1 0.6 5 0.0151467 0.0010874
9.9 1.25 1 0.65 5 0.0139666 0.00117352
9.9 1.25 1 0.7 5 0.0127812 0.00129133
9.9 1.25 1 0.75 5 0.0113695 0.00148386
9.9 1.25 1 0.8 5 0.00968073 0.00160865
9.9 1.25 1 0.85 5 0.00773532 0.00176334
9.9 1.25 1 0.9 5 0.00557138 0.00191096
9.9 1.25 1 0.95 5 0.00276315 0.00202271
9.9 1.25 1 1 5 -0.000296069 0.00225933
9.9 1.25 1 1.05 5 -0.00423732 0.00250284
9.9 1.25 1 1.1 5 -0.00921485 0.00283476
9.9 1.25 1 1.15 5 -0.0162445 0.00314004
9.9 1.25 1 1.2 5 -0.0266432 0.00398792

10 1.25 1 0 5 0.0203322 9.87817e-10
10 1.25 1 0.05 5 0.0202961 8.11024e-05
10 1.25 1 0.1 5 0.0202075 0.000164562
10 1.25 1 0.15 5 0.0200579 0.000247921
10 1.25 1 0.2 5 0.0198388 0.000324702
10 1.25 1 0.25 5 0.0195254 0.000409679
10 1.25 1 0.3 5 0.01917 0.000521888
10 1.25 1 0.35 5 0.0186948 0.000595532
10 1.25 1 0.4 5 0.0181715 0.000684658
10 1.25 1 0.45 5 0.0175769 0.000768812
10 1.25 1 0.5 5 0.0168671 0.000897515
10 1.25 1 0.55 5 0.016006 0.000984189
10 1.25 1 0.6 5 0.0150555 0.001066
10 1.25 1 0.65 5 0.0139283 0.00120424
10 1.25 1 0.7 5 0.0126281 0.00134396
10 1.25 1 0.75 5 0.0112847 0.00141094
10 1.25 1 0.8 5 0.00962075 0.00154091
10 1.25 1 0.85 5 0.00764551 0.00169247
10 1.25 1 0.9 5 0.00549681 0.00193151
10 1.25 1 0.95 5 0.00296794 0.00212295
10 1.25 1 1 5 -0.000205917 0.00229107
10 1.25 1 1.05 5 -0.00399819 0.00240261
10 1.25 1 1.1 5 -0.00903727 0.0029053
10 1.25 1 1.15 5 -0.0156713 0.00309787
10 1.25 1 1.2 5 -0.0264339 0.00379352

