alpha b d0 sigma tau Gmean Gstd
0 1.25 1 0 2 inf -nan
0 1.25 1 0.2 2 inf -nan
0 1.25 1 0.4 2 inf -nan
0 1.25 1 0.6 2 inf -nan
0 1.25 1 0.8 2 inf -nan
0 1.25 1 1 2 inf -nan

0.1 1.25 1 0 2 0.222499 2.25064e-08
0.1 1.25 1 0.2 2 0.222941 0.00790085
0.1 1.25 1 0.4 2 0.223354 0.0163718
0.1 1.25 1 0.6 2 0.223095 0.0238271
0.1 1.25 1 0.8 2 0.226806 0.0311286
0.1 1.25 1 1 2 0.228085 0.0405209

0.2 1.25 1 0 2 0.200802 3.48469e-08
0.2 1.25 1 0.2 2 0.20131 0.00718789
0.2 1.25 1 0.4 2 0.201832 0.013888
0.2 1.25 1 0.6 2 0.205146 0.0218666
0.2 1.25 1 0.8 2 0.208213 0.0283411
0.2 1.25 1 1 2 0.211759 0.0365415

0.3 1.25 1 0 2 0.183175 3.26893e-08
0.3 1.25 1 0.2 2 0.183806 0.00687194
0.3 1.25 1 0.4 2 0.1862 0.0128066
0.3 1.25 1 0.6 2 0.190156 0.0192185
0.3 1.25 1 0.8 2 0.196238 0.0268892
0.3 1.25 1 1 2 0.204273 0.0317164

0.4 1.25 1 0 2 0.168531 -nan
0.4 1.25 1 0.2 2 0.16955 0.00585483
0.4 1.25 1 0.4 2 0.172988 0.0119534
0.4 1.25 1 0.6 2 0.179356 0.0185473
0.4 1.25 1 0.8 2 0.186095 0.023933
0.4 1.25 1 1 2 0.196242 0.0306083

0.5 1.25 1 0 2 0.156146 3.48966e-08
0.5 1.25 1 0.2 2 0.157334 0.00574148
0.5 1.25 1 0.4 2 0.161431 0.0112584
0.5 1.25 1 0.6 2 0.167936 0.01745
0.5 1.25 1 0.8 2 0.178407 0.0225432
0.5 1.25 1 1 2 0.190185 0.027838

0.6 1.25 1 0 2 0.145521 1.67638e-08
0.6 1.25 1 0.2 2 0.147225 0.00501512
0.6 1.25 1 0.4 2 0.151359 0.0109485
0.6 1.25 1 0.6 2 0.159481 0.0157256
0.6 1.25 1 0.8 2 0.17049 0.0216082
0.6 1.25 1 1 2 0.184055 0.0258087

0.7 1.25 1 0 2 0.136295 -nan
0.7 1.25 1 0.2 2 0.138315 0.00488358
0.7 1.25 1 0.4 2 0.143442 0.0104499
0.7 1.25 1 0.6 2 0.152302 0.0145476
0.7 1.25 1 0.8 2 0.164765 0.0193154
0.7 1.25 1 1 2 0.179293 0.0250012

0.8 1.25 1 0 2 0.128967 2.79397e-08
0.8 1.25 1 0.2 2 0.13089 0.00454346
0.8 1.25 1 0.4 2 0.137029 0.00943132
0.8 1.25 1 0.6 2 0.146033 0.0143799
0.8 1.25 1 0.8 2 0.15896 0.0182277
0.8 1.25 1 1 2 0.176576 0.0232508

0.9 1.25 1 0 2 0.121721 -nan
0.9 1.25 1 0.2 2 0.124048 0.00454787
0.9 1.25 1 0.4 2 0.129335 0.00891895
0.9 1.25 1 0.6 2 0.140298 0.0135681
0.9 1.25 1 0.8 2 0.154044 0.0175075
0.9 1.25 1 1 2 0.170843 0.022693

1 1.25 1 0 2 0.115265 1.99312e-08
1 1.25 1 0.2 2 0.117548 0.00429506
1 1.25 1 0.4 2 0.123409 0.00849921
1 1.25 1 0.6 2 0.134591 0.0128369
1 1.25 1 0.8 2 0.149811 0.0175774
1 1.25 1 1 2 0.167621 0.0209302

1.1 1.25 1 0 2 0.109474 -nan
1.1 1.25 1 0.2 2 0.111832 0.00403283
1.1 1.25 1 0.4 2 0.11876 0.00812326
1.1 1.25 1 0.6 2 0.129434 0.0115605
1.1 1.25 1 0.8 2 0.14491 0.0164042
1.1 1.25 1 1 2 0.166457 0.021083

1.2 1.25 1 0 2 0.103754 -nan
1.2 1.25 1 0.2 2 0.10624 0.00377422
1.2 1.25 1 0.4 2 0.112708 0.00759509
1.2 1.25 1 0.6 2 0.123974 0.0114795
1.2 1.25 1 0.8 2 0.140461 0.0150824
1.2 1.25 1 1 2 0.161736 0.0201096

1.3 1.25 1 0 2 0.0990592 4.74883e-09
1.3 1.25 1 0.2 2 0.101504 0.00384017
1.3 1.25 1 0.4 2 0.10893 0.00759473
1.3 1.25 1 0.6 2 0.120443 0.0109046
1.3 1.25 1 0.8 2 0.137224 0.0147169
1.3 1.25 1 1 2 0.157464 0.0187754

1.4 1.25 1 0 2 0.094778 -nan
1.4 1.25 1 0.2 2 0.0972467 0.00361026
1.4 1.25 1 0.4 2 0.104666 0.00685496
1.4 1.25 1 0.6 2 0.116837 0.0108117
1.4 1.25 1 0.8 2 0.133442 0.014216
1.4 1.25 1 1 2 0.155209 0.017331

1.5 1.25 1 0 2 0.0908575 -nan
1.5 1.25 1 0.2 2 0.0931474 0.00332578
1.5 1.25 1 0.4 2 0.100629 0.00684917
1.5 1.25 1 0.6 2 0.112608 0.0102603
1.5 1.25 1 0.8 2 0.130106 0.0138979
1.5 1.25 1 1 2 0.152083 0.0167636

1.6 1.25 1 0 2 0.0872534 -nan
1.6 1.25 1 0.2 2 0.0898226 0.0032146
1.6 1.25 1 0.4 2 0.0974854 0.00661829
1.6 1.25 1 0.6 2 0.10914 0.00970109
1.6 1.25 1 0.8 2 0.126702 0.013279
1.6 1.25 1 1 2 0.149294 0.0165311

1.7 1.25 1 0 2 0.0839283 -nan
1.7 1.25 1 0.2 2 0.0863708 0.00319743
1.7 1.25 1 0.4 2 0.0935899 0.00621432
1.7 1.25 1 0.6 2 0.106218 0.00928261
1.7 1.25 1 0.8 2 0.124072 0.0127166
1.7 1.25 1 1 2 0.146764 0.0168749

1.8 1.25 1 0 2 0.0808508 3.83994e-09
1.8 1.25 1 0.2 2 0.0832852 0.0029568
1.8 1.25 1 0.4 2 0.0911332 0.00622041
1.8 1.25 1 0.6 2 0.103676 0.00890376
1.8 1.25 1 0.8 2 0.121931 0.0129353
1.8 1.25 1 1 2 0.145085 0.0159227

1.9 1.25 1 0 2 0.0779938 5.81611e-09
1.9 1.25 1 0.2 2 0.0806032 0.00300918
1.9 1.25 1 0.4 2 0.0882231 0.00582685
1.9 1.25 1 0.6 2 0.100836 0.00872216
1.9 1.25 1 0.8 2 0.11899 0.0122098
1.9 1.25 1 1 2 0.142062 0.0156293

2 1.25 1 0 2 0.0753342 5.50978e-09
2 1.25 1 0.2 2 0.07787 0.00277798
2 1.25 1 0.4 2 0.0853065 0.00586436
2 1.25 1 0.6 2 0.0984353 0.00873047
2 1.25 1 0.8 2 0.116845 0.0116337
2 1.25 1 1 2 0.139307 0.015276

2.1 1.25 1 0 2 0.0728522 -nan
2.1 1.25 1 0.2 2 0.0753916 0.00274368
2.1 1.25 1 0.4 2 0.0828138 0.00548574
2.1 1.25 1 0.6 2 0.0961535 0.00879797
2.1 1.25 1 0.8 2 0.114253 0.0117819
2.1 1.25 1 1 2 0.137556 0.0139415

2.2 1.25 1 0 2 0.0705302 1.58325e-08
2.2 1.25 1 0.2 2 0.0730165 0.00274859
2.2 1.25 1 0.4 2 0.0806975 0.00532761
2.2 1.25 1 0.6 2 0.0934345 0.00849829
2.2 1.25 1 0.8 2 0.11185 0.0108502
2.2 1.25 1 1 2 0.136027 0.0138043

2.3 1.25 1 0 2 0.0683532 8.6868e-09
2.3 1.25 1 0.2 2 0.0708332 0.0025369
2.3 1.25 1 0.4 2 0.0786469 0.00503061
2.3 1.25 1 0.6 2 0.0913632 0.00800089
2.3 1.25 1 0.8 2 0.109362 0.0108055
2.3 1.25 1 1 2 0.133268 0.0135242

2.4 1.25 1 0 2 0.0663079 1.04955e-08
2.4 1.25 1 0.2 2 0.0687528 0.00246984
2.4 1.25 1 0.4 2 0.0764557 0.00492005
2.4 1.25 1 0.6 2 0.0893821 0.00785857
2.4 1.25 1 0.8 2 0.107551 0.010322
2.4 1.25 1 1 2 0.131413 0.0134308

2.5 1.25 1 0 2 0.0643827 9.81209e-09
2.5 1.25 1 0.2 2 0.0669076 0.00243951
2.5 1.25 1 0.4 2 0.0745058 0.00509658
2.5 1.25 1 0.6 2 0.0876942 0.0074198
2.5 1.25 1 0.8 2 0.105656 0.00976376
2.5 1.25 1 1 2 0.12947 0.0129637

2.6 1.25 1 0 2 0.0625671 1.2285e-08
2.6 1.25 1 0.2 2 0.0652088 0.00235384
2.6 1.25 1 0.4 2 0.0730415 0.00478292
2.6 1.25 1 0.6 2 0.0855171 0.00713038
2.6 1.25 1 0.8 2 0.103845 0.0100837
2.6 1.25 1 1 2 0.126914 0.0127511

2.7 1.25 1 0 2 0.060852 1.14443e-08
2.7 1.25 1 0.2 2 0.0634088 0.00229308
2.7 1.25 1 0.4 2 0.0709296 0.00468085
2.7 1.25 1 0.6 2 0.0837189 0.00710414
2.7 1.25 1 0.8 2 0.102343 0.0099384
2.7 1.25 1 1 2 0.125368 0.0120644

2.8 1.25 1 0 2 0.0592292 -nan
2.8 1.25 1 0.2 2 0.0618775 0.00224932
2.8 1.25 1 0.4 2 0.0694812 0.00448557
2.8 1.25 1 0.6 2 0.0820497 0.00698024
2.8 1.25 1 0.8 2 0.0999726 0.0095657
2.8 1.25 1 1 2 0.123045 0.0121133

2.9 1.25 1 0 2 0.0576915 6.51926e-09
2.9 1.25 1 0.2 2 0.0602789 0.00215155
2.9 1.25 1 0.4 2 0.0678346 0.00455011
2.9 1.25 1 0.6 2 0.0804417 0.00695563
2.9 1.25 1 0.8 2 0.0984154 0.00896952
2.9 1.25 1 1 2 0.1222 0.0121253

3 1.25 1 0 2 0.0562322 -nan
3 1.25 1 0.2 2 0.0587483 0.00217562
3 1.25 1 0.4 2 0.0663351 0.00432473
3 1.25 1 0.6 2 0.0790341 0.00646451
3 1.25 1 0.8 2 0.0966034 0.00897773
3 1.25 1 1 2 0.120343 0.0114446

3.1 1.25 1 0 2 0.0548455 -nan
3.1 1.25 1 0.2 2 0.0572959 0.00212937
3.1 1.25 1 0.4 2 0.064881 0.0041967
3.1 1.25 1 0.6 2 0.0772608 0.00628256
3.1 1.25 1 0.8 2 0.0959045 0.00879566
3.1 1.25 1 1 2 0.118679 0.0110207

3.2 1.25 1 0 2 0.0535261 6.61829e-09
3.2 1.25 1 0.2 2 0.0560668 0.00202357
3.2 1.25 1 0.4 2 0.063426 0.00414376
3.2 1.25 1 0.6 2 0.0759454 0.00659808
3.2 1.25 1 0.8 2 0.0937791 0.00880302
3.2 1.25 1 1 2 0.117139 0.0115209

3.3 1.25 1 0 2 0.0522691 5.50978e-09
3.3 1.25 1 0.2 2 0.0546758 0.00203779
3.3 1.25 1 0.4 2 0.0620801 0.00412459
3.3 1.25 1 0.6 2 0.0744212 0.00628506
3.3 1.25 1 0.8 2 0.0926735 0.00839602
3.3 1.25 1 1 2 0.115798 0.0109177

3.4 1.25 1 0 2 0.0510702 -nan
3.4 1.25 1 0.2 2 0.0534825 0.0019995
3.4 1.25 1 0.4 2 0.060984 0.00386285
3.4 1.25 1 0.6 2 0.0734227 0.00629925
3.4 1.25 1 0.8 2 0.0907398 0.00806951
3.4 1.25 1 1 2 0.114242 0.011118

3.5 1.25 1 0 2 0.0499255 -nan
3.5 1.25 1 0.2 2 0.0523414 0.00190936
3.5 1.25 1 0.4 2 0.0595858 0.00391533
3.5 1.25 1 0.6 2 0.0717464 0.00585796
3.5 1.25 1 0.8 2 0.089641 0.008225
3.5 1.25 1 1 2 0.112853 0.0106826

3.6 1.25 1 0 2 0.0488313 -nan
3.6 1.25 1 0.2 2 0.0511404 0.00189303
3.6 1.25 1 0.4 2 0.0585465 0.00403584
3.6 1.25 1 0.6 2 0.0709561 0.00595236
3.6 1.25 1 0.8 2 0.0879143 0.00790848
3.6 1.25 1 1 2 0.110916 0.0104611

3.7 1.25 1 0 2 0.0477844 4.83929e-09
3.7 1.25 1 0.2 2 0.0501001 0.00188008
3.7 1.25 1 0.4 2 0.0573823 0.00358567
3.7 1.25 1 0.6 2 0.0693633 0.00566487
3.7 1.25 1 0.8 2 0.0868336 0.007625
3.7 1.25 1 1 2 0.110129 0.010175

3.8 1.25 1 0 2 0.0467817 -nan
3.8 1.25 1 0.2 2 0.0492001 0.0017823
3.8 1.25 1 0.4 2 0.0563336 0.00365221
3.8 1.25 1 0.6 2 0.0687526 0.00556666
3.8 1.25 1 0.8 2 0.0853947 0.00772654
3.8 1.25 1 1 2 0.107916 0.0102113

3.9 1.25 1 0 2 0.0458205 4.79428e-09
3.9 1.25 1 0.2 2 0.0481071 0.00178644
3.9 1.25 1 0.4 2 0.0551832 0.00361094
3.9 1.25 1 0.6 2 0.0671848 0.00559978
3.9 1.25 1 0.8 2 0.0841049 0.0078002
3.9 1.25 1 1 2 0.107009 0.00967999

4 1.25 1 0 2 0.0448983 -nan
4 1.25 1 0.2 2 0.0471219 0.00173996
4 1.25 1 0.4 2 0.054223 0.00365641
4 1.25 1 0.6 2 0.0660943 0.00537545
4 1.25 1 0.8 2 0.0833325 0.00734201
4 1.25 1 1 2 0.10546 0.00974082

4.1 1.25 1 0 2 0.0440127 3.32549e-09
4.1 1.25 1 0.2 2 0.0463569 0.00171315
4.1 1.25 1 0.4 2 0.0533485 0.00349682
4.1 1.25 1 0.6 2 0.064901 0.00503245
4.1 1.25 1 0.8 2 0.0823694 0.00732999
4.1 1.25 1 1 2 0.10427 0.00961946

4.2 1.25 1 0 2 0.0431616 7.16876e-09
4.2 1.25 1 0.2 2 0.0453868 0.00169847
4.2 1.25 1 0.4 2 0.0522818 0.0033727
4.2 1.25 1 0.6 2 0.0641654 0.005253
4.2 1.25 1 0.8 2 0.0805245 0.00726497
4.2 1.25 1 1 2 0.103112 0.00995376

4.3 1.25 1 0 2 0.042343 -nan
4.3 1.25 1 0.2 2 0.0445731 0.00161863
4.3 1.25 1 0.4 2 0.0515331 0.0033099
4.3 1.25 1 0.6 2 0.0626922 0.00511244
4.3 1.25 1 0.8 2 0.0798487 0.00722813
4.3 1.25 1 1 2 0.101697 0.00942187

4.4 1.25 1 0 2 0.041555 6.1777e-09
4.4 1.25 1 0.2 2 0.0437383 0.00162523
4.4 1.25 1 0.4 2 0.050716 0.00326251
4.4 1.25 1 0.6 2 0.061977 0.00511286
4.4 1.25 1 0.8 2 0.0783963 0.00706318
4.4 1.25 1 1 2 0.100733 0.00906929

4.5 1.25 1 0 2 0.040796 6.40178e-09
4.5 1.25 1 0.2 2 0.0430109 0.00159708
4.5 1.25 1 0.4 2 0.0501061 0.00330577
4.5 1.25 1 0.6 2 0.0612116 0.0050684
4.5 1.25 1 0.8 2 0.0775868 0.00696111
4.5 1.25 1 1 2 0.0996282 0.00930139

4.6 1.25 1 0 2 0.0401363 4.77161e-09
4.6 1.25 1 0.2 2 0.042316 0.00154692
4.6 1.25 1 0.4 2 0.0491896 0.00316214
4.6 1.25 1 0.6 2 0.0602018 0.00492439
4.6 1.25 1 0.8 2 0.0767004 0.00673812
4.6 1.25 1 1 2 0.0987157 0.00907828

4.7 1.25 1 0 2 0.0394281 2.46405e-09
4.7 1.25 1 0.2 2 0.041604 0.00157196
4.7 1.25 1 0.4 2 0.0482561 0.00305448
4.7 1.25 1 0.6 2 0.0595378 0.00469269
4.7 1.25 1 0.8 2 0.0757218 0.00679944
4.7 1.25 1 1 2 0.0975283 0.00876951

4.8 1.25 1 0 2 0.0387446 2.13393e-09
4.8 1.25 1 0.2 2 0.0409324 0.00154294
4.8 1.25 1 0.4 2 0.0474027 0.00306625
4.8 1.25 1 0.6 2 0.0586468 0.00461591
4.8 1.25 1 0.8 2 0.0746383 0.00648827
4.8 1.25 1 1 2 0.0955435 0.00862873

4.9 1.25 1 0 2 0.0380846 -nan
4.9 1.25 1 0.2 2 0.0402566 0.00146773
4.9 1.25 1 0.4 2 0.0468318 0.00297291
4.9 1.25 1 0.6 2 0.0579846 0.00469771
4.9 1.25 1 0.8 2 0.073508 0.00647147
4.9 1.25 1 1 2 0.0946973 0.00869061

5 1.25 1 0 2 0.0374467 -nan
5 1.25 1 0.2 2 0.0395693 0.00145157
5 1.25 1 0.4 2 0.0461097 0.00301559
5 1.25 1 0.6 2 0.0572389 0.00457992
5 1.25 1 0.8 2 0.0729671 0.00621848
5 1.25 1 1 2 0.0940678 0.00872745

5.1 1.25 1 0 2 0.03683 -nan
5.1 1.25 1 0.2 2 0.038954 0.00145468
5.1 1.25 1 0.4 2 0.0452936 0.00275577
5.1 1.25 1 0.6 2 0.0562292 0.00453747
5.1 1.25 1 0.8 2 0.0718906 0.00650774
5.1 1.25 1 1 2 0.092767 0.00855603

5.2 1.25 1 0 2 0.0362334 -nan
5.2 1.25 1 0.2 2 0.0383001 0.00136635
5.2 1.25 1 0.4 2 0.0445986 0.00286945
5.2 1.25 1 0.6 2 0.0556818 0.00450448
5.2 1.25 1 0.8 2 0.071405 0.00618885
5.2 1.25 1 1 2 0.0918352 0.00811893

5.3 1.25 1 0 2 0.035656 -nan
5.3 1.25 1 0.2 2 0.0377069 0.00135512
5.3 1.25 1 0.4 2 0.0441878 0.00291427
5.3 1.25 1 0.6 2 0.0548018 0.00456155
5.3 1.25 1 0.8 2 0.0700876 0.00627152
5.3 1.25 1 1 2 0.0906652 0.00850419

5.4 1.25 1 0 2 0.0350967 -nan
5.4 1.25 1 0.2 2 0.0371751 0.0014058
5.4 1.25 1 0.4 2 0.0434199 0.00282639
5.4 1.25 1 0.6 2 0.0540629 0.00433276
5.4 1.25 1 0.8 2 0.0694764 0.00622113
5.4 1.25 1 1 2 0.089788 0.00829918

5.5 1.25 1 0 2 0.0345548 3.48469e-09
5.5 1.25 1 0.2 2 0.0366001 0.00135178
5.5 1.25 1 0.4 2 0.0428391 0.00285797
5.5 1.25 1 0.6 2 0.053303 0.00430938
5.5 1.25 1 0.8 2 0.0686902 0.00655061
5.5 1.25 1 1 2 0.0891224 0.00803613

5.6 1.25 1 0 2 0.0340295 -nan
5.6 1.25 1 0.2 2 0.0360471 0.00135106
5.6 1.25 1 0.4 2 0.0422254 0.00277446
5.6 1.25 1 0.6 2 0.0525624 0.00445259
5.6 1.25 1 0.8 2 0.0681341 0.00610179
5.6 1.25 1 1 2 0.0878402 0.00806983

5.7 1.25 1 0 2 0.03352 -nan
5.7 1.25 1 0.2 2 0.0355502 0.00132195
5.7 1.25 1 0.4 2 0.0416803 0.00263761
5.7 1.25 1 0.6 2 0.0520335 0.00417932
5.7 1.25 1 0.8 2 0.0665339 0.00599562
5.7 1.25 1 1 2 0.086535 0.0079896

5.8 1.25 1 0 2 0.0330256 -nan
5.8 1.25 1 0.2 2 0.0349404 0.00126702
5.8 1.25 1 0.4 2 0.0410404 0.00283027
5.8 1.25 1 0.6 2 0.0513406 0.0042489
5.8 1.25 1 0.8 2 0.0663515 0.00569952
5.8 1.25 1 1 2 0.0863573 0.00759005

5.9 1.25 1 0 2 0.0325457 6.51926e-09
5.9 1.25 1 0.2 2 0.0344878 0.00123272
5.9 1.25 1 0.4 2 0.0404769 0.00258035
5.9 1.25 1 0.6 2 0.0506126 0.00421393
5.9 1.25 1 0.8 2 0.0655048 0.00598383
5.9 1.25 1 1 2 0.0856619 0.00786173

6 1.25 1 0 2 0.0320796 -nan
6 1.25 1 0.2 2 0.0340894 0.00122393
6 1.25 1 0.4 2 0.0400678 0.00255828
6 1.25 1 0.6 2 0.0501518 0.00417291
6 1.25 1 0.8 2 0.0646865 0.0055631
6 1.25 1 1 2 0.0844954 0.00790936

6.1 1.25 1 0 2 0.0316268 -nan
6.1 1.25 1 0.2 2 0.0336037 0.00127382
6.1 1.25 1 0.4 2 0.0392851 0.00263723
6.1 1.25 1 0.6 2 0.049489 0.00406632
6.1 1.25 1 0.8 2 0.0641022 0.00587003
6.1 1.25 1 1 2 0.0834122 0.00759018

6.2 1.25 1 0 2 0.0311866 6.50261e-09
6.2 1.25 1 0.2 2 0.0331194 0.00123048
6.2 1.25 1 0.4 2 0.0389546 0.00252123
6.2 1.25 1 0.6 2 0.0488585 0.00380372
6.2 1.25 1 0.8 2 0.0631125 0.00552773
6.2 1.25 1 1 2 0.082873 0.00732777

6.3 1.25 1 0 2 0.0307585 4.45431e-09
6.3 1.25 1 0.2 2 0.0326029 0.00121832
6.3 1.25 1 0.4 2 0.0385581 0.00242636
6.3 1.25 1 0.6 2 0.0482589 0.00393017
6.3 1.25 1 0.8 2 0.0623828 0.00563798
6.3 1.25 1 1 2 0.0821856 0.00768131

6.4 1.25 1 0 2 0.0303422 -nan
6.4 1.25 1 0.2 2 0.0321785 0.00119033
6.4 1.25 1 0.4 2 0.0379998 0.00250326
6.4 1.25 1 0.6 2 0.0478613 0.0038962
6.4 1.25 1 0.8 2 0.0615394 0.00538794
6.4 1.25 1 1 2 0.0811345 0.00759217

6.5 1.25 1 0 2 0.029937 4.7374e-09
6.5 1.25 1 0.2 2 0.0317995 0.00117959
6.5 1.25 1 0.4 2 0.037578 0.00240134
6.5 1.25 1 0.6 2 0.0471813 0.0039396
6.5 1.25 1 0.8 2 0.0615862 0.00542952
6.5 1.25 1 1 2 0.0798329 0.0070479

6.6 1.25 1 0 2 0.0295425 6.20396e-09
6.6 1.25 1 0.2 2 0.0314324 0.00117092
6.6 1.25 1 0.4 2 0.0370487 0.0024381
6.6 1.25 1 0.6 2 0.0467367 0.0037904
6.6 1.25 1 0.8 2 0.060638 0.00542721
6.6 1.25 1 1 2 0.0789246 0.00716382

6.7 1.25 1 0 2 0.0291584 4.64496e-09
6.7 1.25 1 0.2 2 0.0309983 0.00111466
6.7 1.25 1 0.4 2 0.0365948 0.00246098
6.7 1.25 1 0.6 2 0.0461509 0.00380063
6.7 1.25 1 0.8 2 0.0600848 0.00524173
6.7 1.25 1 1 2 0.0789812 0.00737012

6.8 1.25 1 0 2 0.0287842 -nan
6.8 1.25 1 0.2 2 0.0306429 0.0011424
6.8 1.25 1 0.4 2 0.0361816 0.00239274
6.8 1.25 1 0.6 2 0.0455621 0.0037425
6.8 1.25 1 0.8 2 0.0593924 0.00505678
6.8 1.25 1 1 2 0.0780616 0.00736451

6.9 1.25 1 0 2 0.0284195 3.85403e-09
6.9 1.25 1 0.2 2 0.0302204 0.00115295
6.9 1.25 1 0.4 2 0.0357897 0.00236415
6.9 1.25 1 0.6 2 0.0449764 0.00363958
6.9 1.25 1 0.8 2 0.0586022 0.00530648
6.9 1.25 1 1 2 0.0772019 0.00667708

7 1.25 1 0 2 0.028064 -nan
7 1.25 1 0.2 2 0.029901 0.00111291
7 1.25 1 0.4 2 0.0353958 0.00233154
7 1.25 1 0.6 2 0.0448599 0.00373351
7 1.25 1 0.8 2 0.0579423 0.00508129
7 1.25 1 1 2 0.0766306 0.00687892

7.1 1.25 1 0 2 0.0277173 -nan
7.1 1.25 1 0.2 2 0.0295007 0.00109564
7.1 1.25 1 0.4 2 0.0349764 0.00223895
7.1 1.25 1 0.6 2 0.0442538 0.00357548
7.1 1.25 1 0.8 2 0.0576156 0.00521583
7.1 1.25 1 1 2 0.0757741 0.00681394

7.2 1.25 1 0 2 0.0273791 4.3309e-09
7.2 1.25 1 0.2 2 0.0292057 0.00109291
7.2 1.25 1 0.4 2 0.0344957 0.00227924
7.2 1.25 1 0.6 2 0.0435809 0.00366135
7.2 1.25 1 0.8 2 0.0570993 0.00497105
7.2 1.25 1 1 2 0.0746636 0.00723157

7.3 1.25 1 0 2 0.0270491 4.74883e-09
7.3 1.25 1 0.2 2 0.0287549 0.00109778
7.3 1.25 1 0.4 2 0.0341998 0.00226713
7.3 1.25 1 0.6 2 0.0433614 0.0034222
7.3 1.25 1 0.8 2 0.0563819 0.00491486
7.3 1.25 1 1 2 0.0740729 0.00676278

7.4 1.25 1 0 2 0.0267271 2.71525e-09
7.4 1.25 1 0.2 2 0.0284934 0.00107645
7.4 1.25 1 0.4 2 0.0338377 0.00226198
7.4 1.25 1 0.6 2 0.0429171 0.00338178
7.4 1.25 1 0.8 2 0.0560202 0.00505571
7.4 1.25 1 1 2 0.073682 0.00663891

7.5 1.25 1 0 2 0.0264126 -nan
7.5 1.25 1 0.2 2 0.0281957 0.00107204
7.5 1.25 1 0.4 2 0.0334978 0.00223087
7.5 1.25 1 0.6 2 0.0421382 0.00352303
7.5 1.25 1 0.8 2 0.0556217 0.00491295
7.5 1.25 1 1 2 0.0732261 0.00680229

7.6 1.25 1 0 2 0.0261055 -nan
7.6 1.25 1 0.2 2 0.0278599 0.00107185
7.6 1.25 1 0.4 2 0.032988 0.0021873
7.6 1.25 1 0.6 2 0.0421117 0.00345474
7.6 1.25 1 0.8 2 0.0549373 0.00490014
7.6 1.25 1 1 2 0.0725781 0.00648581

7.7 1.25 1 0 2 0.0258056 4.86165e-09
7.7 1.25 1 0.2 2 0.0275201 0.00103083
7.7 1.25 1 0.4 2 0.0327175 0.00220871
7.7 1.25 1 0.6 2 0.0414816 0.00343302
7.7 1.25 1 0.8 2 0.0542696 0.00471517
7.7 1.25 1 1 2 0.0720458 0.00656097

7.8 1.25 1 0 2 0.0255124 -nan
7.8 1.25 1 0.2 2 0.0272798 0.00101673
7.8 1.25 1 0.4 2 0.0322792 0.00221017
7.8 1.25 1 0.6 2 0.0408615 0.00341263
7.8 1.25 1 0.8 2 0.0537086 0.00484183
7.8 1.25 1 1 2 0.0711368 0.0065561

7.9 1.25 1 0 2 0.0252259 -nan
7.9 1.25 1 0.2 2 0.0269276 0.00102415
7.9 1.25 1 0.4 2 0.0320626 0.00213618
7.9 1.25 1 0.6 2 0.0407463 0.00329724
7.9 1.25 1 0.8 2 0.0532002 0.00468126
7.9 1.25 1 1 2 0.0704495 0.00650985

8 1.25 1 0 2 0.0249458 4.82808e-09
8 1.25 1 0.2 2 0.0266302 0.00101354
8 1.25 1 0.4 2 0.0316303 0.00201739
8 1.25 1 0.6 2 0.0404038 0.00337275
8 1.25 1 0.8 2 0.0529402 0.00457689
8 1.25 1 1 2 0.0699901 0.00656211

8.1 1.25 1 0 2 0.0246719 -nan
8.1 1.25 1 0.2 2 0.0263062 0.000992354
8.1 1.25 1 0.4 2 0.0313591 0.00202686
8.1 1.25 1 0.6 2 0.0399031 0.0033525
8.1 1.25 1 0.8 2 0.0524312 0.00462743
8.1 1.25 1 1 2 0.0695107 0.00619742

8.2 1.25 1 0 2 0.0244039 -nan
8.2 1.25 1 0.2 2 0.0260459 0.000954745
8.2 1.25 1 0.4 2 0.0310135 0.00197144
8.2 1.25 1 0.6 2 0.0394585 0.0032486
8.2 1.25 1 0.8 2 0.0521953 0.00470376
8.2 1.25 1 1 2 0.0690294 0.00633497

8.3 1.25 1 0 2 0.0241418 -nan
8.3 1.25 1 0.2 2 0.0257685 0.000950368
8.3 1.25 1 0.4 2 0.0307706 0.00203142
8.3 1.25 1 0.6 2 0.0391222 0.00331621
8.3 1.25 1 0.8 2 0.0515902 0.00467704
8.3 1.25 1 1 2 0.0681708 0.00610952

8.4 1.25 1 0 2 0.0238852 1.39698e-09
8.4 1.25 1 0.2 2 0.0255193 0.000947877
8.4 1.25 1 0.4 2 0.0304313 0.00201776
8.4 1.25 1 0.6 2 0.038684 0.00321246
8.4 1.25 1 0.8 2 0.0514478 0.00478291
8.4 1.25 1 1 2 0.0674884 0.00608057

8.5 1.25 1 0 2 0.0236341 5.18538e-09
8.5 1.25 1 0.2 2 0.025207 0.00097844
8.5 1.25 1 0.4 2 0.030114 0.00197036
8.5 1.25 1 0.6 2 0.0384488 0.00318117
8.5 1.25 1 0.8 2 0.0505707 0.00469501
8.5 1.25 1 1 2 0.0665067 0.00646784

8.6 1.25 1 0 2 0.0233883 -nan
8.6 1.25 1 0.2 2 0.0249956 0.000932387
8.6 1.25 1 0.4 2 0.0298048 0.00198968
8.6 1.25 1 0.6 2 0.0381314 0.00314351
8.6 1.25 1 0.8 2 0.0501846 0.00446568
8.6 1.25 1 1 2 0.0661039 0.00603491

8.7 1.25 1 0 2 0.0231475 6.58545e-10
8.7 1.25 1 0.2 2 0.0247204 0.000932702
8.7 1.25 1 0.4 2 0.0295262 0.0019303
8.7 1.25 1 0.6 2 0.0378682 0.0030902
8.7 1.25 1 0.8 2 0.0495184 0.00454001
8.7 1.25 1 1 2 0.0661861 0.00633426

8.8 1.25 1 0 2 0.0229116 4.90605e-09
8.8 1.25 1 0.2 2 0.024484 0.000948323
8.8 1.25 1 0.4 2 0.0291248 0.00196868
8.8 1.25 1 0.6 2 0.03717 0.00305122
8.8 1.25 1 0.8 2 0.0492225 0.00453237
8.8 1.25 1 1 2 0.065416 0.00595254

8.9 1.25 1 0 2 0.0226806 8.71172e-10
8.9 1.25 1 0.2 2 0.0242701 0.000925269
8.9 1.25 1 0.4 2 0.0289442 0.00197154
8.9 1.25 1 0.6 2 0.0368083 0.00307845
8.9 1.25 1 0.8 2 0.0491154 0.0044948
8.9 1.25 1 1 2 0.0651953 0.00588852

9 1.25 1 0 2 0.0224542 0
9 1.25 1 0.2 2 0.0240236 0.000911852
9 1.25 1 0.4 2 0.0287404 0.00200107
9 1.25 1 0.6 2 0.0368398 0.00307994
9 1.25 1 0.8 2 0.0484873 0.00457874
9 1.25 1 1 2 0.0647204 0.0060243

9.1 1.25 1 0 2 0.0222323 4.24238e-09
9.1 1.25 1 0.2 2 0.0237405 0.000921861
9.1 1.25 1 0.4 2 0.0286081 0.00181236
9.1 1.25 1 0.6 2 0.0363127 0.00306105
9.1 1.25 1 0.8 2 0.0480966 0.0043568
9.1 1.25 1 1 2 0.063873 0.00616624

9.2 1.25 1 0 2 0.0220148 -nan
9.2 1.25 1 0.2 2 0.0235589 0.000891292
9.2 1.25 1 0.4 2 0.0281288 0.00190154
9.2 1.25 1 0.6 2 0.0360953 0.00311415
9.2 1.25 1 0.8 2 0.0479226 0.00445873
9.2 1.25 1 1 2 0.063371 0.00597251

9.3 1.25 1 0 2 0.0218015 2.65468e-09
9.3 1.25 1 0.2 2 0.0233643 0.000872412
9.3 1.25 1 0.4 2 0.027818 0.00191521
9.3 1.25 1 0.6 2 0.0358068 0.00300287
9.3 1.25 1 0.8 2 0.0472192 0.00424058
9.3 1.25 1 1 2 0.0626672 0.00627085

9.4 1.25 1 0 2 0.0215923 -nan
9.4 1.25 1 0.2 2 0.023091 0.000915577
9.4 1.25 1 0.4 2 0.0276816 0.00184557
9.4 1.25 1 0.6 2 0.0353654 0.00283675
9.4 1.25 1 0.8 2 0.0469581 0.00421318
9.4 1.25 1 1 2 0.0623538 0.00582287

9.5 1.25 1 0 2 0.0213871 1.72672e-09
9.5 1.25 1 0.2 2 0.022863 0.000879233
9.5 1.25 1 0.4 2 0.0274454 0.00184697
9.5 1.25 1 0.6 2 0.03511 0.00298188
9.5 1.25 1 0.8 2 0.0463277 0.00423776
9.5 1.25 1 1 2 0.0621114 0.00592859

9.6 1.25 1 0 2 0.0211858 3.80448e-09
9.6 1.25 1 0.2 2 0.0226634 0.000900364
9.6 1.25 1 0.4 2 0.0271093 0.00185196
9.6 1.25 1 0.6 2 0.034731 0.00298179
9.6 1.25 1 0.8 2 0.0461324 0.00421934
9.6 1.25 1 1 2 0.0613777 0.00590105

9.7 1.25 1 0 2 0.0209883 3.07125e-09
9.7 1.25 1 0.2 2 0.0224432 0.000859714
9.7 1.25 1 0.4 2 0.0269558 0.00195663
9.7 1.25 1 0.6 2 0.0345604 0.00289162
9.7 1.25 1 0.8 2 0.0456312 0.00432917
9.7 1.25 1 1 2 0.060983 0.00588995

9.8 1.25 1 0 2 0.0207945 4.13233e-09
9.8 1.25 1 0.2 2 0.0222892 0.000865482
9.8 1.25 1 0.4 2 0.026666 0.00181499
9.8 1.25 1 0.6 2 0.0343941 0.00291354
9.8 1.25 1 0.8 2 0.0452917 0.00419359
9.8 1.25 1 1 2 0.0604005 0.00566315

9.9 1.25 1 0 2 0.0206042 -nan
9.9 1.25 1 0.2 2 0.0220801 0.000867351
9.9 1.25 1 0.4 2 0.0265437 0.00179381
9.9 1.25 1 0.6 2 0.0340347 0.00282348
9.9 1.25 1 0.8 2 0.0452224 0.00412036
9.9 1.25 1 1 2 0.0600447 0.0055946

10 1.25 1 0 2 0.0204174 1.23202e-09
10 1.25 1 0.2 2 0.0218503 0.00086919
10 1.25 1 0.4 2 0.0261253 0.00182148
10 1.25 1 0.6 2 0.0337124 0.00288522
10 1.25 1 0.8 2 0.0448687 0.00415509
10 1.25 1 1 2 0.0597846 0.00574663

