alpha b d0 sigma tau Gmean Gstd
0 1.25 1 0 0.5 inf -nan
0 1.25 1 0.2 0.5 inf -nan
0 1.25 1 0.4 0.5 inf -nan
0 1.25 1 0.6 0.5 inf -nan
0 1.25 1 0.8 0.5 inf -nan
0 1.25 1 1 0.5 inf -nan

0.1 1.25 1 0 0.5 0.222499 2.25064e-08
0.1 1.25 1 0.2 0.5 0.222909 0.00408144
0.1 1.25 1 0.4 0.5 0.222447 0.00797926
0.1 1.25 1 0.6 0.5 0.224389 0.0118149
0.1 1.25 1 0.8 0.5 0.225499 0.0163359
0.1 1.25 1 1 0.5 0.226562 0.0194723

0.2 1.25 1 0 0.5 0.200802 3.48469e-08
0.2 1.25 1 0.2 0.5 0.201271 0.00358269
0.2 1.25 1 0.4 0.5 0.202336 0.007223
0.2 1.25 1 0.6 0.5 0.204653 0.0107627
0.2 1.25 1 0.8 0.5 0.208535 0.0144148
0.2 1.25 1 1 0.5 0.210271 0.0185867

0.3 1.25 1 0 0.5 0.183175 3.26893e-08
0.3 1.25 1 0.2 0.5 0.18391 0.0032111
0.3 1.25 1 0.4 0.5 0.185688 0.00663975
0.3 1.25 1 0.6 0.5 0.18912 0.00992081
0.3 1.25 1 0.8 0.5 0.194129 0.0135222
0.3 1.25 1 1 0.5 0.200121 0.0163863

0.4 1.25 1 0 0.5 0.168531 -nan
0.4 1.25 1 0.2 0.5 0.169473 0.0031443
0.4 1.25 1 0.4 0.5 0.171961 0.0060364
0.4 1.25 1 0.6 0.5 0.176748 0.00928953
0.4 1.25 1 0.8 0.5 0.181743 0.0120645
0.4 1.25 1 1 0.5 0.191061 0.0152433

0.5 1.25 1 0 0.5 0.156146 3.48966e-08
0.5 1.25 1 0.2 0.5 0.157238 0.00286174
0.5 1.25 1 0.4 0.5 0.160473 0.00575654
0.5 1.25 1 0.6 0.5 0.165496 0.00816388
0.5 1.25 1 0.8 0.5 0.17269 0.0115156
0.5 1.25 1 1 0.5 0.181996 0.0139536

0.6 1.25 1 0 0.5 0.145521 1.67638e-08
0.6 1.25 1 0.2 0.5 0.146711 0.00273628
0.6 1.25 1 0.4 0.5 0.150276 0.00534763
0.6 1.25 1 0.6 0.5 0.156311 0.00826351
0.6 1.25 1 0.8 0.5 0.164565 0.010662
0.6 1.25 1 1 0.5 0.17413 0.0135186

0.7 1.25 1 0 0.5 0.136295 -nan
0.7 1.25 1 0.2 0.5 0.137534 0.00248207
0.7 1.25 1 0.4 0.5 0.141509 0.0050362
0.7 1.25 1 0.6 0.5 0.147827 0.00759241
0.7 1.25 1 0.8 0.5 0.156807 0.0100329
0.7 1.25 1 1 0.5 0.167742 0.0124387

0.8 1.25 1 0 0.5 0.128967 2.79397e-08
0.8 1.25 1 0.2 0.5 0.130405 0.00242988
0.8 1.25 1 0.4 0.5 0.134442 0.00470948
0.8 1.25 1 0.6 0.5 0.141208 0.00713759
0.8 1.25 1 0.8 0.5 0.150935 0.00936895
0.8 1.25 1 1 0.5 0.162785 0.0119343

0.9 1.25 1 0 0.5 0.121721 -nan
0.9 1.25 1 0.2 0.5 0.123097 0.00224626
0.9 1.25 1 0.4 0.5 0.127637 0.00440531
0.9 1.25 1 0.6 0.5 0.134432 0.0067891
0.9 1.25 1 0.8 0.5 0.144044 0.00909784
0.9 1.25 1 1 0.5 0.156853 0.0111848

1 1.25 1 0 0.5 0.115265 1.99312e-08
1 1.25 1 0.2 0.5 0.11681 0.0021392
1 1.25 1 0.4 0.5 0.121068 0.00413204
1 1.25 1 0.6 0.5 0.128887 0.00649098
1 1.25 1 0.8 0.5 0.138765 0.00838827
1 1.25 1 1 0.5 0.151191 0.0105079

1.1 1.25 1 0 0.5 0.109474 -nan
1.1 1.25 1 0.2 0.5 0.110941 0.00200534
1.1 1.25 1 0.4 0.5 0.115632 0.00412615
1.1 1.25 1 0.6 0.5 0.122798 0.00616072
1.1 1.25 1 0.8 0.5 0.133192 0.0080641
1.1 1.25 1 1 0.5 0.147137 0.00998131

1.2 1.25 1 0 0.5 0.103754 -nan
1.2 1.25 1 0.2 0.5 0.105255 0.00182474
1.2 1.25 1 0.4 0.5 0.109828 0.00375123
1.2 1.25 1 0.6 0.5 0.117467 0.00569791
1.2 1.25 1 0.8 0.5 0.127858 0.00757485
1.2 1.25 1 1 0.5 0.141228 0.00986664

1.3 1.25 1 0 0.5 0.0990592 4.74883e-09
1.3 1.25 1 0.2 0.5 0.100688 0.00178013
1.3 1.25 1 0.4 0.5 0.105404 0.00378926
1.3 1.25 1 0.6 0.5 0.112822 0.00558346
1.3 1.25 1 0.8 0.5 0.123272 0.00754981
1.3 1.25 1 1 0.5 0.137471 0.00925405

1.4 1.25 1 0 0.5 0.094778 -nan
1.4 1.25 1 0.2 0.5 0.0963715 0.00178587
1.4 1.25 1 0.4 0.5 0.101187 0.00362873
1.4 1.25 1 0.6 0.5 0.108536 0.00526186
1.4 1.25 1 0.8 0.5 0.11883 0.00731815
1.4 1.25 1 1 0.5 0.132984 0.0092082

1.5 1.25 1 0 0.5 0.0908575 -nan
1.5 1.25 1 0.2 0.5 0.0923165 0.00174059
1.5 1.25 1 0.4 0.5 0.0971972 0.00344358
1.5 1.25 1 0.6 0.5 0.104595 0.00501365
1.5 1.25 1 0.8 0.5 0.115488 0.00675451
1.5 1.25 1 1 0.5 0.129418 0.00856637

1.6 1.25 1 0 0.5 0.0872534 -nan
1.6 1.25 1 0.2 0.5 0.0888445 0.00159191
1.6 1.25 1 0.4 0.5 0.0934426 0.00325363
1.6 1.25 1 0.6 0.5 0.101014 0.00495214
1.6 1.25 1 0.8 0.5 0.112059 0.006578
1.6 1.25 1 1 0.5 0.125713 0.00816201

1.7 1.25 1 0 0.5 0.0839283 -nan
1.7 1.25 1 0.2 0.5 0.0855052 0.00157228
1.7 1.25 1 0.4 0.5 0.0902083 0.00322527
1.7 1.25 1 0.6 0.5 0.0978424 0.0046733
1.7 1.25 1 0.8 0.5 0.108604 0.0061887
1.7 1.25 1 1 0.5 0.121931 0.00769503

1.8 1.25 1 0 0.5 0.0808508 3.83994e-09
1.8 1.25 1 0.2 0.5 0.0823555 0.00151835
1.8 1.25 1 0.4 0.5 0.0869761 0.00312098
1.8 1.25 1 0.6 0.5 0.0945967 0.00466384
1.8 1.25 1 0.8 0.5 0.105284 0.00610289
1.8 1.25 1 1 0.5 0.11892 0.0076981

1.9 1.25 1 0 0.5 0.0779938 5.81611e-09
1.9 1.25 1 0.2 0.5 0.0795343 0.00142182
1.9 1.25 1 0.4 0.5 0.0840296 0.00291855
1.9 1.25 1 0.6 0.5 0.0914825 0.00444543
1.9 1.25 1 0.8 0.5 0.1021 0.00570438
1.9 1.25 1 1 0.5 0.115651 0.00762045

2 1.25 1 0 0.5 0.0753342 5.50978e-09
2 1.25 1 0.2 0.5 0.0767522 0.00145531
2 1.25 1 0.4 0.5 0.0812268 0.00281055
2 1.25 1 0.6 0.5 0.0885874 0.00408452
2 1.25 1 0.8 0.5 0.0994623 0.00587412
2 1.25 1 1 0.5 0.112534 0.00735726

2.1 1.25 1 0 0.5 0.0728522 -nan
2.1 1.25 1 0.2 0.5 0.0743435 0.00142944
2.1 1.25 1 0.4 0.5 0.0787168 0.00286104
2.1 1.25 1 0.6 0.5 0.0862814 0.00432152
2.1 1.25 1 0.8 0.5 0.0966574 0.00550084
2.1 1.25 1 1 0.5 0.109796 0.00700154

2.2 1.25 1 0 0.5 0.0705302 1.58325e-08
2.2 1.25 1 0.2 0.5 0.0720111 0.00135762
2.2 1.25 1 0.4 0.5 0.0763596 0.00272369
2.2 1.25 1 0.6 0.5 0.0838281 0.00414484
2.2 1.25 1 0.8 0.5 0.0940045 0.00547875
2.2 1.25 1 1 0.5 0.106769 0.00719944

2.3 1.25 1 0 0.5 0.0683532 8.6868e-09
2.3 1.25 1 0.2 0.5 0.069778 0.00127739
2.3 1.25 1 0.4 0.5 0.0741429 0.00268485
2.3 1.25 1 0.6 0.5 0.0812976 0.00398696
2.3 1.25 1 0.8 0.5 0.0912109 0.00536337
2.3 1.25 1 1 0.5 0.104011 0.00654103

2.4 1.25 1 0 0.5 0.0663079 1.04955e-08
2.4 1.25 1 0.2 0.5 0.0676279 0.00126837
2.4 1.25 1 0.4 0.5 0.0720451 0.00267936
2.4 1.25 1 0.6 0.5 0.0791601 0.00394983
2.4 1.25 1 0.8 0.5 0.0892059 0.0053524
2.4 1.25 1 1 0.5 0.101672 0.00664719

2.5 1.25 1 0 0.5 0.0643827 9.81209e-09
2.5 1.25 1 0.2 0.5 0.065795 0.00124124
2.5 1.25 1 0.4 0.5 0.069969 0.00247574
2.5 1.25 1 0.6 0.5 0.0770099 0.00377447
2.5 1.25 1 0.8 0.5 0.0869466 0.00512563
2.5 1.25 1 1 0.5 0.0996787 0.00653371

2.6 1.25 1 0 0.5 0.0625671 1.2285e-08
2.6 1.25 1 0.2 0.5 0.0639418 0.00119409
2.6 1.25 1 0.4 0.5 0.0681109 0.00240151
2.6 1.25 1 0.6 0.5 0.0753535 0.00364369
2.6 1.25 1 0.8 0.5 0.0848849 0.00503529
2.6 1.25 1 1 0.5 0.0974083 0.00628102

2.7 1.25 1 0 0.5 0.060852 1.14443e-08
2.7 1.25 1 0.2 0.5 0.0621925 0.00118756
2.7 1.25 1 0.4 0.5 0.0661562 0.00240211
2.7 1.25 1 0.6 0.5 0.0731366 0.00348482
2.7 1.25 1 0.8 0.5 0.0829611 0.00487468
2.7 1.25 1 1 0.5 0.0952311 0.00611287

2.8 1.25 1 0 0.5 0.0592292 -nan
2.8 1.25 1 0.2 0.5 0.0605457 0.0011682
2.8 1.25 1 0.4 0.5 0.0647062 0.00232735
2.8 1.25 1 0.6 0.5 0.0716752 0.0035328
2.8 1.25 1 0.8 0.5 0.0809494 0.00468399
2.8 1.25 1 1 0.5 0.093187 0.00628565

2.9 1.25 1 0 0.5 0.0576915 6.51926e-09
2.9 1.25 1 0.2 0.5 0.0590312 0.00109671
2.9 1.25 1 0.4 0.5 0.0631445 0.00225782
2.9 1.25 1 0.6 0.5 0.069729 0.00333213
2.9 1.25 1 0.8 0.5 0.0788929 0.00453267
2.9 1.25 1 1 0.5 0.0910743 0.00596689

3 1.25 1 0 0.5 0.0562322 -nan
3 1.25 1 0.2 0.5 0.0575883 0.00103365
3 1.25 1 0.4 0.5 0.0615003 0.00218557
3 1.25 1 0.6 0.5 0.0680875 0.00341877
3 1.25 1 0.8 0.5 0.0773033 0.00446298
3 1.25 1 1 0.5 0.08912 0.00578745

3.1 1.25 1 0 0.5 0.0548455 -nan
3.1 1.25 1 0.2 0.5 0.0561517 0.00104876
3.1 1.25 1 0.4 0.5 0.060134 0.00211012
3.1 1.25 1 0.6 0.5 0.0664712 0.00324128
3.1 1.25 1 0.8 0.5 0.075676 0.00431821
3.1 1.25 1 1 0.5 0.0875221 0.00569282

3.2 1.25 1 0 0.5 0.0535261 6.61829e-09
3.2 1.25 1 0.2 0.5 0.0548429 0.00102853
3.2 1.25 1 0.4 0.5 0.0586102 0.00209608
3.2 1.25 1 0.6 0.5 0.0651625 0.00325664
3.2 1.25 1 0.8 0.5 0.0739153 0.00432746
3.2 1.25 1 1 0.5 0.0857614 0.00547255

3.3 1.25 1 0 0.5 0.0522691 5.50978e-09
3.3 1.25 1 0.2 0.5 0.0535689 0.00102083
3.3 1.25 1 0.4 0.5 0.0574639 0.00201141
3.3 1.25 1 0.6 0.5 0.06373 0.00314599
3.3 1.25 1 0.8 0.5 0.0727099 0.00425284
3.3 1.25 1 1 0.5 0.0838485 0.00554623

3.4 1.25 1 0 0.5 0.0510702 -nan
3.4 1.25 1 0.2 0.5 0.0523815 0.00100983
3.4 1.25 1 0.4 0.5 0.0561687 0.0019786
3.4 1.25 1 0.6 0.5 0.062169 0.00297292
3.4 1.25 1 0.8 0.5 0.0711102 0.00427126
3.4 1.25 1 1 0.5 0.0822173 0.00539706

3.5 1.25 1 0 0.5 0.0499255 -nan
3.5 1.25 1 0.2 0.5 0.0511669 0.00100168
3.5 1.25 1 0.4 0.5 0.0549451 0.00191666
3.5 1.25 1 0.6 0.5 0.0610794 0.00304474
3.5 1.25 1 0.8 0.5 0.0696072 0.00406184
3.5 1.25 1 1 0.5 0.0810791 0.00500101

3.6 1.25 1 0 0.5 0.0488313 -nan
3.6 1.25 1 0.2 0.5 0.0500211 0.000948446
3.6 1.25 1 0.4 0.5 0.0537337 0.0019192
3.6 1.25 1 0.6 0.5 0.0597736 0.00285236
3.6 1.25 1 0.8 0.5 0.0682959 0.00404784
3.6 1.25 1 1 0.5 0.0791492 0.00518554

3.7 1.25 1 0 0.5 0.0477844 4.83929e-09
3.7 1.25 1 0.2 0.5 0.0489288 0.000945544
3.7 1.25 1 0.4 0.5 0.0525856 0.00189012
3.7 1.25 1 0.6 0.5 0.0587745 0.00292713
3.7 1.25 1 0.8 0.5 0.0669973 0.00389431
3.7 1.25 1 1 0.5 0.0780732 0.00504836

3.8 1.25 1 0 0.5 0.0467817 -nan
3.8 1.25 1 0.2 0.5 0.0479405 0.000905144
3.8 1.25 1 0.4 0.5 0.0515545 0.0019137
3.8 1.25 1 0.6 0.5 0.0574293 0.00277199
3.8 1.25 1 0.8 0.5 0.0658486 0.00379934
3.8 1.25 1 1 0.5 0.0767874 0.00509349

3.9 1.25 1 0 0.5 0.0458205 4.79428e-09
3.9 1.25 1 0.2 0.5 0.0469893 0.000893807
3.9 1.25 1 0.4 0.5 0.0505349 0.00178341
3.9 1.25 1 0.6 0.5 0.0563602 0.00271634
3.9 1.25 1 0.8 0.5 0.0648114 0.0037272
3.9 1.25 1 1 0.5 0.0751042 0.00500382

4 1.25 1 0 0.5 0.0448983 -nan
4 1.25 1 0.2 0.5 0.0460815 0.000837452
4 1.25 1 0.4 0.5 0.0494869 0.00181394
4 1.25 1 0.6 0.5 0.0551831 0.00269686
4 1.25 1 0.8 0.5 0.0634898 0.00383682
4 1.25 1 1 0.5 0.073788 0.00479079

4.1 1.25 1 0 0.5 0.0440127 3.32549e-09
4.1 1.25 1 0.2 0.5 0.0451704 0.000851041
4.1 1.25 1 0.4 0.5 0.0486595 0.00171712
4.1 1.25 1 0.6 0.5 0.0543106 0.00267302
4.1 1.25 1 0.8 0.5 0.0623975 0.00357315
4.1 1.25 1 1 0.5 0.0727577 0.00468743

4.2 1.25 1 0 0.5 0.0431616 7.16876e-09
4.2 1.25 1 0.2 0.5 0.0442611 0.00083724
4.2 1.25 1 0.4 0.5 0.0476299 0.00170293
4.2 1.25 1 0.6 0.5 0.0531932 0.00260679
4.2 1.25 1 0.8 0.5 0.0613651 0.00374577
4.2 1.25 1 1 0.5 0.0718174 0.00472271

4.3 1.25 1 0 0.5 0.042343 -nan
4.3 1.25 1 0.2 0.5 0.0434352 0.000836762
4.3 1.25 1 0.4 0.5 0.0468504 0.00174129
4.3 1.25 1 0.6 0.5 0.0523632 0.00262459
4.3 1.25 1 0.8 0.5 0.0603537 0.00365011
4.3 1.25 1 1 0.5 0.0704144 0.00463034

4.4 1.25 1 0 0.5 0.041555 6.1777e-09
4.4 1.25 1 0.2 0.5 0.0426575 0.000791558
4.4 1.25 1 0.4 0.5 0.0460027 0.00173155
4.4 1.25 1 0.6 0.5 0.0513739 0.00259673
4.4 1.25 1 0.8 0.5 0.059222 0.00347814
4.4 1.25 1 1 0.5 0.0691384 0.00449049

4.5 1.25 1 0 0.5 0.040796 6.40178e-09
4.5 1.25 1 0.2 0.5 0.0418993 0.000837908
4.5 1.25 1 0.4 0.5 0.0451272 0.0016241
4.5 1.25 1 0.6 0.5 0.050704 0.00245519
4.5 1.25 1 0.8 0.5 0.0583302 0.00354346
4.5 1.25 1 1 0.5 0.0682304 0.00449788

4.6 1.25 1 0 0.5 0.0401363 4.77161e-09
4.6 1.25 1 0.2 0.5 0.0412818 0.000813085
4.6 1.25 1 0.4 0.5 0.044401 0.00158787
4.6 1.25 1 0.6 0.5 0.0497418 0.00254167
4.6 1.25 1 0.8 0.5 0.0572559 0.00335892
4.6 1.25 1 1 0.5 0.0671748 0.00451557

4.7 1.25 1 0 0.5 0.0394281 2.46405e-09
4.7 1.25 1 0.2 0.5 0.0405083 0.000759177
4.7 1.25 1 0.4 0.5 0.0436685 0.00155817
4.7 1.25 1 0.6 0.5 0.0491576 0.00241146
4.7 1.25 1 0.8 0.5 0.056586 0.0033524
4.7 1.25 1 1 0.5 0.0660897 0.00437638

4.8 1.25 1 0 0.5 0.0387446 2.13393e-09
4.8 1.25 1 0.2 0.5 0.0398312 0.000769858
4.8 1.25 1 0.4 0.5 0.0428467 0.00161046
4.8 1.25 1 0.6 0.5 0.0482792 0.00236593
4.8 1.25 1 0.8 0.5 0.0555091 0.0033025
4.8 1.25 1 1 0.5 0.0654032 0.00437003

4.9 1.25 1 0 0.5 0.0380846 -nan
4.9 1.25 1 0.2 0.5 0.0391415 0.000764984
4.9 1.25 1 0.4 0.5 0.0422368 0.00160741
4.9 1.25 1 0.6 0.5 0.047519 0.0023066
4.9 1.25 1 0.8 0.5 0.0549683 0.00328978
4.9 1.25 1 1 0.5 0.064272 0.00448433

5 1.25 1 0 0.5 0.0374467 -nan
5 1.25 1 0.2 0.5 0.0384793 0.000749647
5 1.25 1 0.4 0.5 0.0415953 0.00151339
5 1.25 1 0.6 0.5 0.0467533 0.00231642
5 1.25 1 0.8 0.5 0.0538861 0.00324582
5 1.25 1 1 0.5 0.0632009 0.00421153

5.1 1.25 1 0 0.5 0.03683 -nan
5.1 1.25 1 0.2 0.5 0.0378518 0.000709887
5.1 1.25 1 0.4 0.5 0.0408527 0.0014683
5.1 1.25 1 0.6 0.5 0.0460772 0.00232044
5.1 1.25 1 0.8 0.5 0.0531118 0.00325703
5.1 1.25 1 1 0.5 0.0624535 0.00420748

5.2 1.25 1 0 0.5 0.0362334 -nan
5.2 1.25 1 0.2 0.5 0.0372317 0.000742803
5.2 1.25 1 0.4 0.5 0.0401885 0.00143168
5.2 1.25 1 0.6 0.5 0.0453374 0.00233098
5.2 1.25 1 0.8 0.5 0.0524051 0.00315148
5.2 1.25 1 1 0.5 0.0615687 0.00413854

5.3 1.25 1 0 0.5 0.035656 -nan
5.3 1.25 1 0.2 0.5 0.036668 0.000727648
5.3 1.25 1 0.4 0.5 0.0397586 0.00148027
5.3 1.25 1 0.6 0.5 0.0446789 0.00222894
5.3 1.25 1 0.8 0.5 0.051373 0.00312531
5.3 1.25 1 1 0.5 0.060772 0.0038959

5.4 1.25 1 0 0.5 0.0350967 -nan
5.4 1.25 1 0.2 0.5 0.0361252 0.000716511
5.4 1.25 1 0.4 0.5 0.0390928 0.00145853
5.4 1.25 1 0.6 0.5 0.0439823 0.00225577
5.4 1.25 1 0.8 0.5 0.0508431 0.00299423
5.4 1.25 1 1 0.5 0.0598519 0.00411309

5.5 1.25 1 0 0.5 0.0345548 3.48469e-09
5.5 1.25 1 0.2 0.5 0.035531 0.000707492
5.5 1.25 1 0.4 0.5 0.0384454 0.00142997
5.5 1.25 1 0.6 0.5 0.0432733 0.00209264
5.5 1.25 1 0.8 0.5 0.0500875 0.00304034
5.5 1.25 1 1 0.5 0.0590624 0.00407928

5.6 1.25 1 0 0.5 0.0340295 -nan
5.6 1.25 1 0.2 0.5 0.035046 0.000680476
5.6 1.25 1 0.4 0.5 0.0378835 0.0014122
5.6 1.25 1 0.6 0.5 0.0427985 0.00212687
5.6 1.25 1 0.8 0.5 0.0494957 0.00300795
5.6 1.25 1 1 0.5 0.0582544 0.00392674

5.7 1.25 1 0 0.5 0.03352 -nan
5.7 1.25 1 0.2 0.5 0.0344394 0.000678374
5.7 1.25 1 0.4 0.5 0.0372818 0.00136477
5.7 1.25 1 0.6 0.5 0.0421833 0.00214294
5.7 1.25 1 0.8 0.5 0.04876 0.00307051
5.7 1.25 1 1 0.5 0.0575311 0.00392795

5.8 1.25 1 0 0.5 0.0330256 -nan
5.8 1.25 1 0.2 0.5 0.03394 0.000671978
5.8 1.25 1 0.4 0.5 0.0367903 0.00133934
5.8 1.25 1 0.6 0.5 0.0414986 0.00216224
5.8 1.25 1 0.8 0.5 0.0482502 0.00300643
5.8 1.25 1 1 0.5 0.0568099 0.0038929

5.9 1.25 1 0 0.5 0.0325457 6.51926e-09
5.9 1.25 1 0.2 0.5 0.0334528 0.000659911
5.9 1.25 1 0.4 0.5 0.0362487 0.00135411
5.9 1.25 1 0.6 0.5 0.0409598 0.0020163
5.9 1.25 1 0.8 0.5 0.0474777 0.00282881
5.9 1.25 1 1 0.5 0.0559338 0.00373687

6 1.25 1 0 0.5 0.0320796 -nan
6 1.25 1 0.2 0.5 0.0330012 0.000650258
6 1.25 1 0.4 0.5 0.0357129 0.0013323
6 1.25 1 0.6 0.5 0.0404541 0.00207204
6 1.25 1 0.8 0.5 0.0468802 0.00286561
6 1.25 1 1 0.5 0.0553774 0.00363497

6.1 1.25 1 0 0.5 0.0316268 -nan
6.1 1.25 1 0.2 0.5 0.0325249 0.00065324
6.1 1.25 1 0.4 0.5 0.0353198 0.00134645
6.1 1.25 1 0.6 0.5 0.0398864 0.00203225
6.1 1.25 1 0.8 0.5 0.0462913 0.00287984
6.1 1.25 1 1 0.5 0.0546824 0.00381774

6.2 1.25 1 0 0.5 0.0311866 6.50261e-09
6.2 1.25 1 0.2 0.5 0.0320952 0.000628577
6.2 1.25 1 0.4 0.5 0.0347706 0.00128845
6.2 1.25 1 0.6 0.5 0.0393892 0.00198825
6.2 1.25 1 0.8 0.5 0.0456722 0.00278753
6.2 1.25 1 1 0.5 0.0538781 0.0036755

6.3 1.25 1 0 0.5 0.0307585 4.45431e-09
6.3 1.25 1 0.2 0.5 0.0316696 0.000629746
6.3 1.25 1 0.4 0.5 0.0343458 0.00129574
6.3 1.25 1 0.6 0.5 0.0388764 0.00198691
6.3 1.25 1 0.8 0.5 0.0450771 0.00266507
6.3 1.25 1 1 0.5 0.0535555 0.00372362

6.4 1.25 1 0 0.5 0.0303422 -nan
6.4 1.25 1 0.2 0.5 0.0312363 0.000635173
6.4 1.25 1 0.4 0.5 0.0338383 0.00131603
6.4 1.25 1 0.6 0.5 0.0383383 0.00201863
6.4 1.25 1 0.8 0.5 0.0446153 0.00271738
6.4 1.25 1 1 0.5 0.052988 0.00362596

6.5 1.25 1 0 0.5 0.029937 4.7374e-09
6.5 1.25 1 0.2 0.5 0.0307792 0.000594791
6.5 1.25 1 0.4 0.5 0.0334767 0.00127416
6.5 1.25 1 0.6 0.5 0.0378759 0.00192266
6.5 1.25 1 0.8 0.5 0.0439291 0.00268345
6.5 1.25 1 1 0.5 0.0522309 0.00351215

6.6 1.25 1 0 0.5 0.0295425 6.20396e-09
6.6 1.25 1 0.2 0.5 0.030412 0.000602044
6.6 1.25 1 0.4 0.5 0.0330812 0.00122852
6.6 1.25 1 0.6 0.5 0.0373859 0.00194005
6.6 1.25 1 0.8 0.5 0.043413 0.00270584
6.6 1.25 1 1 0.5 0.0513786 0.00345159

6.7 1.25 1 0 0.5 0.0291584 4.64496e-09
6.7 1.25 1 0.2 0.5 0.0299932 0.00060495
6.7 1.25 1 0.4 0.5 0.0326055 0.00123874
6.7 1.25 1 0.6 0.5 0.0369369 0.00191239
6.7 1.25 1 0.8 0.5 0.0429947 0.00267923
6.7 1.25 1 1 0.5 0.0507296 0.00338547

6.8 1.25 1 0 0.5 0.0287842 -nan
6.8 1.25 1 0.2 0.5 0.029595 0.000607682
6.8 1.25 1 0.4 0.5 0.0321779 0.00120484
6.8 1.25 1 0.6 0.5 0.0363324 0.00193329
6.8 1.25 1 0.8 0.5 0.0423121 0.00258238
6.8 1.25 1 1 0.5 0.0501566 0.00346272

6.9 1.25 1 0 0.5 0.0284195 3.85403e-09
6.9 1.25 1 0.2 0.5 0.0292421 0.000606621
6.9 1.25 1 0.4 0.5 0.031736 0.00122721
6.9 1.25 1 0.6 0.5 0.0360425 0.0018472
6.9 1.25 1 0.8 0.5 0.0421058 0.00260477
6.9 1.25 1 1 0.5 0.0498063 0.00331299

7 1.25 1 0 0.5 0.028064 -nan
7 1.25 1 0.2 0.5 0.0288851 0.000595686
7 1.25 1 0.4 0.5 0.0314115 0.00121059
7 1.25 1 0.6 0.5 0.0355481 0.00190417
7 1.25 1 0.8 0.5 0.0413356 0.00265158
7 1.25 1 1 0.5 0.0492774 0.0033705

7.1 1.25 1 0 0.5 0.0277173 -nan
7.1 1.25 1 0.2 0.5 0.0285482 0.00057357
7.1 1.25 1 0.4 0.5 0.0310281 0.00121871
7.1 1.25 1 0.6 0.5 0.0352351 0.00185958
7.1 1.25 1 0.8 0.5 0.0408575 0.00259793
7.1 1.25 1 1 0.5 0.0484947 0.00337684

7.2 1.25 1 0 0.5 0.0273791 4.3309e-09
7.2 1.25 1 0.2 0.5 0.0282079 0.000575952
7.2 1.25 1 0.4 0.5 0.0306203 0.00113633
7.2 1.25 1 0.6 0.5 0.0347039 0.00182187
7.2 1.25 1 0.8 0.5 0.0405884 0.00259581
7.2 1.25 1 1 0.5 0.0478707 0.00337892

7.3 1.25 1 0 0.5 0.0270491 4.74883e-09
7.3 1.25 1 0.2 0.5 0.0278738 0.000546437
7.3 1.25 1 0.4 0.5 0.0303026 0.00114591
7.3 1.25 1 0.6 0.5 0.0343123 0.00179378
7.3 1.25 1 0.8 0.5 0.0400456 0.00247093
7.3 1.25 1 1 0.5 0.0473776 0.0032463

7.4 1.25 1 0 0.5 0.0267271 2.71525e-09
7.4 1.25 1 0.2 0.5 0.027501 0.000571912
7.4 1.25 1 0.4 0.5 0.029865 0.00111288
7.4 1.25 1 0.6 0.5 0.0338534 0.0018304
7.4 1.25 1 0.8 0.5 0.039584 0.00254428
7.4 1.25 1 1 0.5 0.0472234 0.00323836

7.5 1.25 1 0 0.5 0.0264126 -nan
7.5 1.25 1 0.2 0.5 0.0271995 0.000583974
7.5 1.25 1 0.4 0.5 0.0295862 0.00115457
7.5 1.25 1 0.6 0.5 0.0335607 0.00179314
7.5 1.25 1 0.8 0.5 0.0391394 0.00248411
7.5 1.25 1 1 0.5 0.046685 0.00326566

7.6 1.25 1 0 0.5 0.0261055 -nan
7.6 1.25 1 0.2 0.5 0.026927 0.00055215
7.6 1.25 1 0.4 0.5 0.0292442 0.00112235
7.6 1.25 1 0.6 0.5 0.0331434 0.00176463
7.6 1.25 1 0.8 0.5 0.0387909 0.00241013
7.6 1.25 1 1 0.5 0.0461174 0.00326164

7.7 1.25 1 0 0.5 0.0258056 4.86165e-09
7.7 1.25 1 0.2 0.5 0.026586 0.000552239
7.7 1.25 1 0.4 0.5 0.0289365 0.00113892
7.7 1.25 1 0.6 0.5 0.0328336 0.00174923
7.7 1.25 1 0.8 0.5 0.0381183 0.00243218
7.7 1.25 1 1 0.5 0.0456002 0.00326854

7.8 1.25 1 0 0.5 0.0255124 -nan
7.8 1.25 1 0.2 0.5 0.0262884 0.000540353
7.8 1.25 1 0.4 0.5 0.0285844 0.00114941
7.8 1.25 1 0.6 0.5 0.032481 0.00173349
7.8 1.25 1 0.8 0.5 0.0380099 0.00235015
7.8 1.25 1 1 0.5 0.0451337 0.00327475

7.9 1.25 1 0 0.5 0.0252259 -nan
7.9 1.25 1 0.2 0.5 0.0259771 0.000534872
7.9 1.25 1 0.4 0.5 0.0282657 0.0010898
7.9 1.25 1 0.6 0.5 0.0321415 0.00168361
7.9 1.25 1 0.8 0.5 0.0376128 0.00239238
7.9 1.25 1 1 0.5 0.0447398 0.00317741

8 1.25 1 0 0.5 0.0249458 4.82808e-09
8 1.25 1 0.2 0.5 0.0257011 0.00053363
8 1.25 1 0.4 0.5 0.0279726 0.00110975
8 1.25 1 0.6 0.5 0.0318196 0.00170418
8 1.25 1 0.8 0.5 0.0370711 0.00236375
8 1.25 1 1 0.5 0.0443826 0.00313312

8.1 1.25 1 0 0.5 0.0246719 -nan
8.1 1.25 1 0.2 0.5 0.0253929 0.000549621
8.1 1.25 1 0.4 0.5 0.0276898 0.00106032
8.1 1.25 1 0.6 0.5 0.0315006 0.00162126
8.1 1.25 1 0.8 0.5 0.0368922 0.00220282
8.1 1.25 1 1 0.5 0.0436756 0.00310779

8.2 1.25 1 0 0.5 0.0244039 -nan
8.2 1.25 1 0.2 0.5 0.025088 0.000522182
8.2 1.25 1 0.4 0.5 0.0273913 0.00107552
8.2 1.25 1 0.6 0.5 0.0311988 0.00166495
8.2 1.25 1 0.8 0.5 0.0362657 0.0023367
8.2 1.25 1 1 0.5 0.0434635 0.00318872

8.3 1.25 1 0 0.5 0.0241418 -nan
8.3 1.25 1 0.2 0.5 0.0248766 0.000523249
8.3 1.25 1 0.4 0.5 0.0270859 0.00107796
8.3 1.25 1 0.6 0.5 0.0307916 0.00168749
8.3 1.25 1 0.8 0.5 0.0361197 0.002438
8.3 1.25 1 1 0.5 0.0429467 0.00313307

8.4 1.25 1 0 0.5 0.0238852 1.39698e-09
8.4 1.25 1 0.2 0.5 0.0246314 0.000529663
8.4 1.25 1 0.4 0.5 0.0268701 0.00107859
8.4 1.25 1 0.6 0.5 0.0305047 0.00171468
8.4 1.25 1 0.8 0.5 0.0357326 0.00225571
8.4 1.25 1 1 0.5 0.0425199 0.00311255

8.5 1.25 1 0 0.5 0.0236341 5.18538e-09
8.5 1.25 1 0.2 0.5 0.0243496 0.000494515
8.5 1.25 1 0.4 0.5 0.0265058 0.00107174
8.5 1.25 1 0.6 0.5 0.0301128 0.0016691
8.5 1.25 1 0.8 0.5 0.0353614 0.00222903
8.5 1.25 1 1 0.5 0.0420483 0.00314649

8.6 1.25 1 0 0.5 0.0233883 -nan
8.6 1.25 1 0.2 0.5 0.0240839 0.000522719
8.6 1.25 1 0.4 0.5 0.026229 0.0010221
8.6 1.25 1 0.6 0.5 0.0298696 0.00161473
8.6 1.25 1 0.8 0.5 0.0349832 0.00221716
8.6 1.25 1 1 0.5 0.0417123 0.00285332

8.7 1.25 1 0 0.5 0.0231475 6.58545e-10
8.7 1.25 1 0.2 0.5 0.0238421 0.000495062
8.7 1.25 1 0.4 0.5 0.0259959 0.00101794
8.7 1.25 1 0.6 0.5 0.0295772 0.00160417
8.7 1.25 1 0.8 0.5 0.0346816 0.00221613
8.7 1.25 1 1 0.5 0.0412801 0.00302486

8.8 1.25 1 0 0.5 0.0229116 4.90605e-09
8.8 1.25 1 0.2 0.5 0.0236006 0.000510121
8.8 1.25 1 0.4 0.5 0.0257358 0.000995488
8.8 1.25 1 0.6 0.5 0.029348 0.00161624
8.8 1.25 1 0.8 0.5 0.0343309 0.00235322
8.8 1.25 1 1 0.5 0.0409702 0.00299581

8.9 1.25 1 0 0.5 0.0226806 8.71172e-10
8.9 1.25 1 0.2 0.5 0.0233804 0.000510894
8.9 1.25 1 0.4 0.5 0.0254525 0.00102376
8.9 1.25 1 0.6 0.5 0.0289492 0.00159886
8.9 1.25 1 0.8 0.5 0.033868 0.00225007
8.9 1.25 1 1 0.5 0.0407366 0.00292907

9 1.25 1 0 0.5 0.0224542 0
9 1.25 1 0.2 0.5 0.0231354 0.000497141
9 1.25 1 0.4 0.5 0.025179 0.000990107
9 1.25 1 0.6 0.5 0.0286091 0.00160852
9 1.25 1 0.8 0.5 0.0337477 0.00227072
9 1.25 1 1 0.5 0.0400805 0.00300614

9.1 1.25 1 0 0.5 0.0222323 4.24238e-09
9.1 1.25 1 0.2 0.5 0.022916 0.000513642
9.1 1.25 1 0.4 0.5 0.0249934 0.00100043
9.1 1.25 1 0.6 0.5 0.0284892 0.00150919
9.1 1.25 1 0.8 0.5 0.0333481 0.00218048
9.1 1.25 1 1 0.5 0.0400194 0.00283431

9.2 1.25 1 0 0.5 0.0220148 -nan
9.2 1.25 1 0.2 0.5 0.0227197 0.00049858
9.2 1.25 1 0.4 0.5 0.0247308 0.000996791
9.2 1.25 1 0.6 0.5 0.0282198 0.00159209
9.2 1.25 1 0.8 0.5 0.0330651 0.00219822
9.2 1.25 1 1 0.5 0.0395073 0.00308412

9.3 1.25 1 0 0.5 0.0218015 2.65468e-09
9.3 1.25 1 0.2 0.5 0.0224596 0.000470005
9.3 1.25 1 0.4 0.5 0.0244859 0.000985916
9.3 1.25 1 0.6 0.5 0.0279175 0.00154265
9.3 1.25 1 0.8 0.5 0.0326739 0.00223563
9.3 1.25 1 1 0.5 0.0392564 0.00299879

9.4 1.25 1 0 0.5 0.0215923 -nan
9.4 1.25 1 0.2 0.5 0.0222546 0.000481312
9.4 1.25 1 0.4 0.5 0.024285 0.000948695
9.4 1.25 1 0.6 0.5 0.0276061 0.00155351
9.4 1.25 1 0.8 0.5 0.0325027 0.00207691
9.4 1.25 1 1 0.5 0.0389554 0.00291686

9.5 1.25 1 0 0.5 0.0213871 1.72672e-09
9.5 1.25 1 0.2 0.5 0.0220454 0.00048651
9.5 1.25 1 0.4 0.5 0.0240075 0.000965702
9.5 1.25 1 0.6 0.5 0.0274126 0.00151471
9.5 1.25 1 0.8 0.5 0.0322335 0.00221192
9.5 1.25 1 1 0.5 0.0383553 0.00284202

9.6 1.25 1 0 0.5 0.0211858 3.80448e-09
9.6 1.25 1 0.2 0.5 0.0217999 0.000480124
9.6 1.25 1 0.4 0.5 0.0238727 0.000967624
9.6 1.25 1 0.6 0.5 0.0271487 0.00152932
9.6 1.25 1 0.8 0.5 0.0318812 0.00209096
9.6 1.25 1 1 0.5 0.0380367 0.00294899

9.7 1.25 1 0 0.5 0.0209883 3.07125e-09
9.7 1.25 1 0.2 0.5 0.0216534 0.000491443
9.7 1.25 1 0.4 0.5 0.0236206 0.00096589
9.7 1.25 1 0.6 0.5 0.026944 0.00152657
9.7 1.25 1 0.8 0.5 0.0315892 0.00216949
9.7 1.25 1 1 0.5 0.0378314 0.00282299

9.8 1.25 1 0 0.5 0.0207945 4.13233e-09
9.8 1.25 1 0.2 0.5 0.0214622 0.000476337
9.8 1.25 1 0.4 0.5 0.023389 0.00096466
9.8 1.25 1 0.6 0.5 0.0266379 0.00149707
9.8 1.25 1 0.8 0.5 0.0313441 0.00206507
9.8 1.25 1 1 0.5 0.0374578 0.00290126

9.9 1.25 1 0 0.5 0.0206042 -nan
9.9 1.25 1 0.2 0.5 0.0212337 0.000463013
9.9 1.25 1 0.4 0.5 0.0232147 0.000980853
9.9 1.25 1 0.6 0.5 0.0265025 0.00149853
9.9 1.25 1 0.8 0.5 0.031232 0.00213811
9.9 1.25 1 1 0.5 0.0371332 0.00267892

10 1.25 1 0 0.5 0.0204174 1.23202e-09
10 1.25 1 0.2 0.5 0.0210205 0.00044025
10 1.25 1 0.4 0.5 0.0229905 0.000945823
10 1.25 1 0.6 0.5 0.0262356 0.0014773
10 1.25 1 0.8 0.5 0.030779 0.00206936
10 1.25 1 1 0.5 0.0368379 0.00279765

