alpha b0 d sigma tau Gmean Gstd
0 1.035 1 1.5 0 -nan -nan
0 1.035 1 1.5 0.5 inf -nan
0 1.035 1 1.5 1 0.252817 0.0504197
0 1.035 1 1.5 1.5 0.113987 0.0320081
0 1.035 1 1.5 2 0.0642754 0.0225959
0 1.035 1 1.5 2.5 0.0464173 0.0164291
0 1.035 1 1.5 3 0.0386029 0.0125301
0 1.035 1 1.5 3.5 0.0363116 0.00992388
0 1.035 1 1.5 4 0.0353806 0.00853578
0 1.035 1 1.5 4.5 0.0352628 0.00729046
0 1.035 1 1.5 5 0.0345568 0.00639134
0 1.035 1 1.5 5.5 0.0349243 0.00529205

0.1 1.035 1 1.5 0 0.223102 0.00242667
0.1 1.035 1 1.5 0.5 0.139376 0.029718
0.1 1.035 1 1.5 1 0.13641 0.0445213
0.1 1.035 1 1.5 1.5 0.135304 0.0516159
0.1 1.035 1 1.5 2 0.133172 0.060724
0.1 1.035 1 1.5 2.5 0.131692 0.0670436
0.1 1.035 1 1.5 3 0.136848 0.0765683
0.1 1.035 1 1.5 3.5 0.13262 0.0804091
0.1 1.035 1 1.5 4 0.131733 0.0842531
0.1 1.035 1 1.5 4.5 0.126878 0.0917387
0.1 1.035 1 1.5 5 0.132461 0.0972319
0.1 1.035 1 1.5 5.5 0.129907 0.102492

0.2 1.035 1 1.5 0 0.201574 0.00225377
0.2 1.035 1 1.5 0.5 0.0825253 0.0270541
0.2 1.035 1 1.5 1 0.0713384 0.0373835
0.2 1.035 1 1.5 1.5 0.0702555 0.0469581
0.2 1.035 1 1.5 2 0.067707 0.0537436
0.2 1.035 1 1.5 2.5 0.060661 0.0627925
0.2 1.035 1 1.5 3 0.0630845 0.0652887
0.2 1.035 1 1.5 3.5 0.0585571 0.0704397
0.2 1.035 1 1.5 4 0.0617304 0.0757411
0.2 1.035 1 1.5 4.5 0.0645891 0.085178
0.2 1.035 1 1.5 5 0.0582216 0.0841186
0.2 1.035 1 1.5 5.5 0.0603757 0.0917977

0.3 1.035 1 1.5 0 0.184095 0.00201051
0.3 1.035 1 1.5 0.5 0.0508806 0.0245847
0.3 1.035 1 1.5 1 0.0339422 0.0356982
0.3 1.035 1 1.5 1.5 0.023728 0.04301
0.3 1.035 1 1.5 2 0.0205338 0.0507679
0.3 1.035 1 1.5 2.5 0.019349 0.0541608
0.3 1.035 1 1.5 3 0.0206628 0.0586495
0.3 1.035 1 1.5 3.5 0.0188049 0.0665959
0.3 1.035 1 1.5 4 0.0135031 0.0728996
0.3 1.035 1 1.5 4.5 0.0152812 0.075617
0.3 1.035 1 1.5 5 0.0124605 0.0789802
0.3 1.035 1 1.5 5.5 0.0144115 0.0831326

0.4 1.035 1 1.5 0 0.169505 0.00184466
0.4 1.035 1 1.5 0.5 0.0303482 0.0220338
0.4 1.035 1 1.5 1 0.00691577 0.032994
0.4 1.035 1 1.5 1.5 -0.00287553 0.0414912
0.4 1.035 1 1.5 2 -0.00811707 0.0442568
0.4 1.035 1 1.5 2.5 -0.0103294 0.0509231
0.4 1.035 1 1.5 3 -0.0133425 0.0588601
0.4 1.035 1 1.5 3.5 -0.0121417 0.0626715
0.4 1.035 1 1.5 4 -0.0159653 0.0679673
0.4 1.035 1 1.5 4.5 -0.0167774 0.0713462
0.4 1.035 1 1.5 5 -0.0202334 0.0729402
0.4 1.035 1 1.5 5.5 -0.0177424 0.0793355

0.5 1.035 1 1.5 0 0.157169 0.00170221
0.5 1.035 1 1.5 0.5 0.0202834 0.022299
0.5 1.035 1 1.5 1 -0.00908658 0.0295428
0.5 1.035 1 1.5 1.5 -0.0217093 0.0384056
0.5 1.035 1 1.5 2 -0.0276248 0.0433937
0.5 1.035 1 1.5 2.5 -0.0346366 0.0478416
0.5 1.035 1 1.5 3 -0.0380723 0.0545687
0.5 1.035 1 1.5 3.5 -0.0374232 0.0586927
0.5 1.035 1 1.5 4 -0.0397422 0.0630948
0.5 1.035 1 1.5 4.5 -0.0432414 0.067363
0.5 1.035 1 1.5 5 -0.0365107 0.0697748
0.5 1.035 1 1.5 5.5 -0.0443772 0.0738603

0.6 1.035 1 1.5 0 0.146416 0.00154824
0.6 1.035 1 1.5 0.5 0.0141104 0.0195608
0.6 1.035 1 1.5 1 -0.019392 0.0296497
0.6 1.035 1 1.5 1.5 -0.0358633 0.0376577
0.6 1.035 1 1.5 2 -0.0452544 0.0442912
0.6 1.035 1 1.5 2.5 -0.048963 0.0459574
0.6 1.035 1 1.5 3 -0.049514 0.0519678
0.6 1.035 1 1.5 3.5 -0.0532476 0.0552103
0.6 1.035 1 1.5 4 -0.0621712 0.0609961
0.6 1.035 1 1.5 4.5 -0.0583505 0.0638577
0.6 1.035 1 1.5 5 -0.0630513 0.068103
0.6 1.035 1 1.5 5.5 -0.0572112 0.0707655

0.7 1.035 1 1.5 0 0.13724 0.00146669
0.7 1.035 1 1.5 0.5 0.0100766 0.0195959
0.7 1.035 1 1.5 1 -0.028601 0.0293103
0.7 1.035 1 1.5 1.5 -0.0442484 0.0342655
0.7 1.035 1 1.5 2 -0.0564803 0.041754
0.7 1.035 1 1.5 2.5 -0.0607232 0.0454757
0.7 1.035 1 1.5 3 -0.0646901 0.0475104
0.7 1.035 1 1.5 3.5 -0.0695953 0.054932
0.7 1.035 1 1.5 4 -0.0695206 0.0576919
0.7 1.035 1 1.5 4.5 -0.0742552 0.0611467
0.7 1.035 1 1.5 5 -0.0784856 0.0641256
0.7 1.035 1 1.5 5.5 -0.0776971 0.0691637

0.8 1.035 1 1.5 0 0.129952 0.00142491
0.8 1.035 1 1.5 0.5 0.00836567 0.0190478
0.8 1.035 1 1.5 1 -0.0330627 0.0278674
0.8 1.035 1 1.5 1.5 -0.0519834 0.0345129
0.8 1.035 1 1.5 2 -0.0630612 0.0375186
0.8 1.035 1 1.5 2.5 -0.0690755 0.0431862
0.8 1.035 1 1.5 3 -0.0764668 0.0481669
0.8 1.035 1 1.5 3.5 -0.0775735 0.0520703
0.8 1.035 1 1.5 4 -0.0786881 0.0546734
0.8 1.035 1 1.5 4.5 -0.0812501 0.0589588
0.8 1.035 1 1.5 5 -0.0885856 0.0628024
0.8 1.035 1 1.5 5.5 -0.0877102 0.0661961

0.9 1.035 1 1.5 0 0.122614 0.001317
0.9 1.035 1 1.5 0.5 0.00681264 0.0181528
0.9 1.035 1 1.5 1 -0.0362562 0.0259538
0.9 1.035 1 1.5 1.5 -0.0557986 0.0321153
0.9 1.035 1 1.5 2 -0.0701263 0.0363506
0.9 1.035 1 1.5 2.5 -0.0769589 0.0429154
0.9 1.035 1 1.5 3 -0.0856467 0.0442526
0.9 1.035 1 1.5 3.5 -0.0856772 0.0524589
0.9 1.035 1 1.5 4 -0.0932835 0.0529139
0.9 1.035 1 1.5 4.5 -0.0909858 0.0563009
0.9 1.035 1 1.5 5 -0.0943579 0.0600623
0.9 1.035 1 1.5 5.5 -0.0950326 0.0645616

1 1.035 1 1.5 0 0.11617 0.00129327
1 1.035 1 1.5 0.5 0.00691912 0.0173984
1 1.035 1 1.5 1 -0.0379284 0.0242463
1 1.035 1 1.5 1.5 -0.0590739 0.0311568
1 1.035 1 1.5 2 -0.0732635 0.0373553
1 1.035 1 1.5 2.5 -0.0809612 0.0395916
1 1.035 1 1.5 3 -0.0909935 0.0449938
1 1.035 1 1.5 3.5 -0.0932103 0.0497361
1 1.035 1 1.5 4 -0.0987013 0.0523262
1 1.035 1 1.5 4.5 -0.0953664 0.0580181
1 1.035 1 1.5 5 -0.101869 0.0572061
1 1.035 1 1.5 5.5 -0.105503 0.0586148

1.1 1.035 1 1.5 0 0.110286 0.00123324
1.1 1.035 1 1.5 0.5 0.00809405 0.0161103
1.1 1.035 1 1.5 1 -0.0387165 0.0238118
1.1 1.035 1 1.5 1.5 -0.0621953 0.0287317
1.1 1.035 1 1.5 2 -0.075504 0.0355298
1.1 1.035 1 1.5 2.5 -0.0854843 0.0390027
1.1 1.035 1 1.5 3 -0.0914201 0.0423306
1.1 1.035 1 1.5 3.5 -0.098021 0.0480122
1.1 1.035 1 1.5 4 -0.100997 0.0507783
1.1 1.035 1 1.5 4.5 -0.103077 0.0527449
1.1 1.035 1 1.5 5 -0.106843 0.0552419
1.1 1.035 1 1.5 5.5 -0.107321 0.0583715

1.2 1.035 1 1.5 0 0.104545 0.00122827
1.2 1.035 1 1.5 0.5 0.0091457 0.0151509
1.2 1.035 1 1.5 1 -0.0381686 0.0236222
1.2 1.035 1 1.5 1.5 -0.0632713 0.0284603
1.2 1.035 1 1.5 2 -0.0797327 0.0344554
1.2 1.035 1 1.5 2.5 -0.0895531 0.0366807
1.2 1.035 1 1.5 3 -0.0970656 0.0431068
1.2 1.035 1 1.5 3.5 -0.099064 0.0451158
1.2 1.035 1 1.5 4 -0.105779 0.0489576
1.2 1.035 1 1.5 4.5 -0.108587 0.0524742
1.2 1.035 1 1.5 5 -0.112525 0.0558646
1.2 1.035 1 1.5 5.5 -0.115415 0.0566729

1.3 1.035 1 1.5 0 0.0998187 0.00118547
1.3 1.035 1 1.5 0.5 0.00998877 0.0149242
1.3 1.035 1 1.5 1 -0.0369796 0.021741
1.3 1.035 1 1.5 1.5 -0.0631352 0.0270561
1.3 1.035 1 1.5 2 -0.0771667 0.033313
1.3 1.035 1 1.5 2.5 -0.0900575 0.0371428
1.3 1.035 1 1.5 3 -0.0974832 0.0407599
1.3 1.035 1 1.5 3.5 -0.105599 0.043762
1.3 1.035 1 1.5 4 -0.1097 0.0455275
1.3 1.035 1 1.5 4.5 -0.112874 0.0503447
1.3 1.035 1 1.5 5 -0.116377 0.0550929
1.3 1.035 1 1.5 5.5 -0.118884 0.0563406

1.4 1.035 1 1.5 0 0.0955515 0.00120609
1.4 1.035 1 1.5 0.5 0.0114298 0.014362
1.4 1.035 1 1.5 1 -0.0365015 0.0218347
1.4 1.035 1 1.5 1.5 -0.0617641 0.0266979
1.4 1.035 1 1.5 2 -0.0800889 0.0320509
1.4 1.035 1 1.5 2.5 -0.0912358 0.0372329
1.4 1.035 1 1.5 3 -0.0995873 0.0428346
1.4 1.035 1 1.5 3.5 -0.102685 0.043996
1.4 1.035 1 1.5 4 -0.109899 0.0471224
1.4 1.035 1 1.5 4.5 -0.113737 0.0483732
1.4 1.035 1 1.5 5 -0.115086 0.0511247
1.4 1.035 1 1.5 5.5 -0.122521 0.056699

1.5 1.035 1 1.5 0 0.0916212 0.00113337
1.5 1.035 1 1.5 0.5 0.013101 0.0137434
1.5 1.035 1 1.5 1 -0.0351099 0.0213592
1.5 1.035 1 1.5 1.5 -0.062395 0.0266797
1.5 1.035 1 1.5 2 -0.081081 0.0321835
1.5 1.035 1 1.5 2.5 -0.0931099 0.0359962
1.5 1.035 1 1.5 3 -0.103899 0.0385758
1.5 1.035 1 1.5 3.5 -0.10515 0.0413942
1.5 1.035 1 1.5 4 -0.109216 0.0450242
1.5 1.035 1 1.5 4.5 -0.117709 0.048453
1.5 1.035 1 1.5 5 -0.119356 0.0496296
1.5 1.035 1 1.5 5.5 -0.123312 0.0517734

1.6 1.035 1 1.5 0 0.0878946 0.00111157
1.6 1.035 1 1.5 0.5 0.0142143 0.0135321
1.6 1.035 1 1.5 1 -0.0330328 0.0191598
1.6 1.035 1 1.5 1.5 -0.0611209 0.0261962
1.6 1.035 1 1.5 2 -0.0786509 0.029619
1.6 1.035 1 1.5 2.5 -0.0917695 0.0338286
1.6 1.035 1 1.5 3 -0.0982633 0.0387753
1.6 1.035 1 1.5 3.5 -0.102749 0.0415777
1.6 1.035 1 1.5 4 -0.113463 0.0430802
1.6 1.035 1 1.5 4.5 -0.117632 0.0460799
1.6 1.035 1 1.5 5 -0.119786 0.0519258
1.6 1.035 1 1.5 5.5 -0.125299 0.0524787

1.7 1.035 1 1.5 0 0.0845143 0.00106614
1.7 1.035 1 1.5 0.5 0.0146549 0.0139369
1.7 1.035 1 1.5 1 -0.0327791 0.0200145
1.7 1.035 1 1.5 1.5 -0.0585602 0.0249918
1.7 1.035 1 1.5 2 -0.0801467 0.0293619
1.7 1.035 1 1.5 2.5 -0.0902478 0.0336846
1.7 1.035 1 1.5 3 -0.099412 0.0367704
1.7 1.035 1 1.5 3.5 -0.107374 0.0385817
1.7 1.035 1 1.5 4 -0.112381 0.0430007
1.7 1.035 1 1.5 4.5 -0.118654 0.0454564
1.7 1.035 1 1.5 5 -0.122939 0.0492713
1.7 1.035 1 1.5 5.5 -0.125894 0.0508305

1.8 1.035 1 1.5 0 0.081459 0.00106631
1.8 1.035 1 1.5 0.5 0.0165685 0.013252
1.8 1.035 1 1.5 1 -0.0304116 0.018988
1.8 1.035 1 1.5 1.5 -0.0578631 0.0256818
1.8 1.035 1 1.5 2 -0.0778524 0.0288424
1.8 1.035 1 1.5 2.5 -0.0885571 0.0334974
1.8 1.035 1 1.5 3 -0.0984443 0.0371198
1.8 1.035 1 1.5 3.5 -0.106628 0.0407538
1.8 1.035 1 1.5 4 -0.113332 0.0451418
1.8 1.035 1 1.5 4.5 -0.120297 0.0456073
1.8 1.035 1 1.5 5 -0.122249 0.0485315
1.8 1.035 1 1.5 5.5 -0.126608 0.0517299

1.9 1.035 1 1.5 0 0.0786009 0.00109935
1.9 1.035 1 1.5 0.5 0.0169191 0.0121156
1.9 1.035 1 1.5 1 -0.0291592 0.0191595
1.9 1.035 1 1.5 1.5 -0.0565461 0.0241664
1.9 1.035 1 1.5 2 -0.075987 0.0277971
1.9 1.035 1 1.5 2.5 -0.0901015 0.0308091
1.9 1.035 1 1.5 3 -0.0987184 0.0373027
1.9 1.035 1 1.5 3.5 -0.107665 0.0388952
1.9 1.035 1 1.5 4 -0.111565 0.0419316
1.9 1.035 1 1.5 4.5 -0.115935 0.0441806
1.9 1.035 1 1.5 5 -0.12151 0.0465153
1.9 1.035 1 1.5 5.5 -0.127179 0.0521916

2 1.035 1 1.5 0 0.0758826 0.00103806
2 1.035 1 1.5 0.5 0.0179769 0.0120501
2 1.035 1 1.5 1 -0.0264441 0.0181112
2 1.035 1 1.5 1.5 -0.0532334 0.0227697
2 1.035 1 1.5 2 -0.0736274 0.027602
2 1.035 1 1.5 2.5 -0.0880667 0.0307459
2 1.035 1 1.5 3 -0.0985021 0.0348312
2 1.035 1 1.5 3.5 -0.106124 0.0368674
2 1.035 1 1.5 4 -0.11262 0.0410231
2 1.035 1 1.5 4.5 -0.117328 0.0428775
2 1.035 1 1.5 5 -0.12448 0.0471626
2 1.035 1 1.5 5.5 -0.125754 0.0492292

2.1 1.035 1 1.5 0 0.0733862 0.00103294
2.1 1.035 1 1.5 0.5 0.0188794 0.0117634
2.1 1.035 1 1.5 1 -0.0239674 0.0178519
2.1 1.035 1 1.5 1.5 -0.0545684 0.023015
2.1 1.035 1 1.5 2 -0.0739817 0.0278073
2.1 1.035 1 1.5 2.5 -0.0849971 0.0297775
2.1 1.035 1 1.5 3 -0.0972534 0.0361535
2.1 1.035 1 1.5 3.5 -0.105244 0.0362865
2.1 1.035 1 1.5 4 -0.111629 0.0390439
2.1 1.035 1 1.5 4.5 -0.118656 0.0428227
2.1 1.035 1 1.5 5 -0.121058 0.0460496
2.1 1.035 1 1.5 5.5 -0.12728 0.0493542

2.2 1.035 1 1.5 0 0.0709976 0.00106013
2.2 1.035 1 1.5 0.5 0.0188712 0.0108725
2.2 1.035 1 1.5 1 -0.0234791 0.0172781
2.2 1.035 1 1.5 1.5 -0.0517162 0.0221163
2.2 1.035 1 1.5 2 -0.0698631 0.025802
2.2 1.035 1 1.5 2.5 -0.0832791 0.0293724
2.2 1.035 1 1.5 3 -0.0938025 0.0332377
2.2 1.035 1 1.5 3.5 -0.103444 0.0358834
2.2 1.035 1 1.5 4 -0.112109 0.0383503
2.2 1.035 1 1.5 4.5 -0.114958 0.0413508
2.2 1.035 1 1.5 5 -0.121658 0.0456981
2.2 1.035 1 1.5 5.5 -0.123428 0.0459197

2.3 1.035 1 1.5 0 0.0688217 0.0010292
2.3 1.035 1 1.5 0.5 0.0202561 0.0105733
2.3 1.035 1 1.5 1 -0.0216868 0.0169004
2.3 1.035 1 1.5 1.5 -0.0497172 0.0221924
2.3 1.035 1 1.5 2 -0.0687246 0.0260955
2.3 1.035 1 1.5 2.5 -0.082812 0.0308225
2.3 1.035 1 1.5 3 -0.0953575 0.0313509
2.3 1.035 1 1.5 3.5 -0.102728 0.0355792
2.3 1.035 1 1.5 4 -0.108903 0.0373128
2.3 1.035 1 1.5 4.5 -0.11482 0.0419202
2.3 1.035 1 1.5 5 -0.119319 0.044563
2.3 1.035 1 1.5 5.5 -0.124464 0.04521

2.4 1.035 1 1.5 0 0.066787 0.00104249
2.4 1.035 1 1.5 0.5 0.0210897 0.0106547
2.4 1.035 1 1.5 1 -0.0203093 0.0166191
2.4 1.035 1 1.5 1.5 -0.0467639 0.02161
2.4 1.035 1 1.5 2 -0.067532 0.0248212
2.4 1.035 1 1.5 2.5 -0.0800733 0.0294128
2.4 1.035 1 1.5 3 -0.0920691 0.0325148
2.4 1.035 1 1.5 3.5 -0.100613 0.0369754
2.4 1.035 1 1.5 4 -0.107771 0.0390149
2.4 1.035 1 1.5 4.5 -0.116545 0.0417871
2.4 1.035 1 1.5 5 -0.121367 0.0431022
2.4 1.035 1 1.5 5.5 -0.1223 0.0451305

2.5 1.035 1 1.5 0 0.0648422 0.00103041
2.5 1.035 1 1.5 0.5 0.021396 0.0102397
2.5 1.035 1 1.5 1 -0.0182571 0.0164579
2.5 1.035 1 1.5 1.5 -0.0450118 0.0207152
2.5 1.035 1 1.5 2 -0.0648223 0.0237475
2.5 1.035 1 1.5 2.5 -0.0799507 0.0280756
2.5 1.035 1 1.5 3 -0.0900118 0.0317863
2.5 1.035 1 1.5 3.5 -0.0986743 0.0344312
2.5 1.035 1 1.5 4 -0.10781 0.0377875
2.5 1.035 1 1.5 4.5 -0.113426 0.0400952
2.5 1.035 1 1.5 5 -0.116855 0.0419018
2.5 1.035 1 1.5 5.5 -0.120381 0.0456535

2.6 1.035 1 1.5 0 0.0630076 0.00101081
2.6 1.035 1 1.5 0.5 0.0211331 0.0101333
2.6 1.035 1 1.5 1 -0.0163178 0.0150803
2.6 1.035 1 1.5 1.5 -0.0440189 0.0205486
2.6 1.035 1 1.5 2 -0.0635285 0.025301
2.6 1.035 1 1.5 2.5 -0.0783447 0.0285255
2.6 1.035 1 1.5 3 -0.0894149 0.0298932
2.6 1.035 1 1.5 3.5 -0.0983605 0.0337355
2.6 1.035 1 1.5 4 -0.104823 0.0380574
2.6 1.035 1 1.5 4.5 -0.111422 0.0395608
2.6 1.035 1 1.5 5 -0.117085 0.0412087
2.6 1.035 1 1.5 5.5 -0.121582 0.0446107

2.7 1.035 1 1.5 0 0.0612304 0.00105092
2.7 1.035 1 1.5 0.5 0.0218536 0.0099964
2.7 1.035 1 1.5 1 -0.0160584 0.0147614
2.7 1.035 1 1.5 1.5 -0.0417786 0.0196402
2.7 1.035 1 1.5 2 -0.0617367 0.0241213
2.7 1.035 1 1.5 2.5 -0.0768503 0.0274423
2.7 1.035 1 1.5 3 -0.0865695 0.0322483
2.7 1.035 1 1.5 3.5 -0.0969296 0.0325868
2.7 1.035 1 1.5 4 -0.104987 0.0364025
2.7 1.035 1 1.5 4.5 -0.109945 0.0383972
2.7 1.035 1 1.5 5 -0.118218 0.0423188
2.7 1.035 1 1.5 5.5 -0.1211 0.0423599

2.8 1.035 1 1.5 0 0.0596574 0.00104493
2.8 1.035 1 1.5 0.5 0.0221945 0.00964153
2.8 1.035 1 1.5 1 -0.0139433 0.0141175
2.8 1.035 1 1.5 1.5 -0.0406873 0.0193499
2.8 1.035 1 1.5 2 -0.059584 0.0234506
2.8 1.035 1 1.5 2.5 -0.0739094 0.0266554
2.8 1.035 1 1.5 3 -0.0840523 0.0290088
2.8 1.035 1 1.5 3.5 -0.0944073 0.0320934
2.8 1.035 1 1.5 4 -0.10258 0.0346162
2.8 1.035 1 1.5 4.5 -0.111401 0.0384039
2.8 1.035 1 1.5 5 -0.112818 0.0398053
2.8 1.035 1 1.5 5.5 -0.120258 0.0445229

2.9 1.035 1 1.5 0 0.0580244 0.00104746
2.9 1.035 1 1.5 0.5 0.0217634 0.009301
2.9 1.035 1 1.5 1 -0.0123484 0.0139594
2.9 1.035 1 1.5 1.5 -0.039467 0.0185012
2.9 1.035 1 1.5 2 -0.0573833 0.0230225
2.9 1.035 1 1.5 2.5 -0.07153 0.0260258
2.9 1.035 1 1.5 3 -0.0852648 0.0307456
2.9 1.035 1 1.5 3.5 -0.0947159 0.0325726
2.9 1.035 1 1.5 4 -0.100249 0.0348304
2.9 1.035 1 1.5 4.5 -0.106381 0.0386985
2.9 1.035 1 1.5 5 -0.114455 0.0413133
2.9 1.035 1 1.5 5.5 -0.117621 0.0427147

3 1.035 1 1.5 0 0.0565797 0.00103208
3 1.035 1 1.5 0.5 0.0219841 0.00881763
3 1.035 1 1.5 1 -0.0107184 0.0136473
3 1.035 1 1.5 1.5 -0.0382233 0.0182966
3 1.035 1 1.5 2 -0.0573765 0.0222444
3 1.035 1 1.5 2.5 -0.0700532 0.0258278
3 1.035 1 1.5 3 -0.0825043 0.0298226
3 1.035 1 1.5 3.5 -0.0923983 0.031982
3 1.035 1 1.5 4 -0.100617 0.0350356
3 1.035 1 1.5 4.5 -0.105744 0.0368421
3 1.035 1 1.5 5 -0.11011 0.0390477
3 1.035 1 1.5 5.5 -0.118842 0.0416708

3.1 1.035 1 1.5 0 0.0551606 0.0010128
3.1 1.035 1 1.5 0.5 0.0224795 0.00891291
3.1 1.035 1 1.5 1 -0.0104202 0.0139664
3.1 1.035 1 1.5 1.5 -0.0353823 0.0183986
3.1 1.035 1 1.5 2 -0.0537857 0.022243
3.1 1.035 1 1.5 2.5 -0.0688918 0.0246504
3.1 1.035 1 1.5 3 -0.0803986 0.0279279
3.1 1.035 1 1.5 3.5 -0.0906313 0.0308597
3.1 1.035 1 1.5 4 -0.097536 0.0341132
3.1 1.035 1 1.5 4.5 -0.103774 0.0370969
3.1 1.035 1 1.5 5 -0.111052 0.0374671
3.1 1.035 1 1.5 5.5 -0.111681 0.0406444

3.2 1.035 1 1.5 0 0.0537909 0.00104553
3.2 1.035 1 1.5 0.5 0.0225513 0.00855806
3.2 1.035 1 1.5 1 -0.00876423 0.0130886
3.2 1.035 1 1.5 1.5 -0.0329716 0.0179703
3.2 1.035 1 1.5 2 -0.0527385 0.0218576
3.2 1.035 1 1.5 2.5 -0.0680852 0.0251588
3.2 1.035 1 1.5 3 -0.0793086 0.0279729
3.2 1.035 1 1.5 3.5 -0.088041 0.0303596
3.2 1.035 1 1.5 4 -0.0977798 0.0340154
3.2 1.035 1 1.5 4.5 -0.103332 0.036614
3.2 1.035 1 1.5 5 -0.109613 0.0398612
3.2 1.035 1 1.5 5.5 -0.118 0.0403508

3.3 1.035 1 1.5 0 0.0525561 0.00105286
3.3 1.035 1 1.5 0.5 0.0228932 0.00838163
3.3 1.035 1 1.5 1 -0.00780041 0.0134741
3.3 1.035 1 1.5 1.5 -0.0322156 0.0172493
3.3 1.035 1 1.5 2 -0.050478 0.0210431
3.3 1.035 1 1.5 2.5 -0.0643582 0.0246158
3.3 1.035 1 1.5 3 -0.0789318 0.0266055
3.3 1.035 1 1.5 3.5 -0.0872759 0.0308708
3.3 1.035 1 1.5 4 -0.0932629 0.0331185
3.3 1.035 1 1.5 4.5 -0.102185 0.0361751
3.3 1.035 1 1.5 5 -0.107483 0.0388819
3.3 1.035 1 1.5 5.5 -0.112995 0.0397561

3.4 1.035 1 1.5 0 0.0512883 0.0010282
3.4 1.035 1 1.5 0.5 0.0228823 0.00777963
3.4 1.035 1 1.5 1 -0.00720201 0.0125419
3.4 1.035 1 1.5 1.5 -0.0304711 0.0169749
3.4 1.035 1 1.5 2 -0.0495628 0.0206519
3.4 1.035 1 1.5 2.5 -0.0629802 0.0245786
3.4 1.035 1 1.5 3 -0.0765033 0.0286609
3.4 1.035 1 1.5 3.5 -0.0839162 0.0289999
3.4 1.035 1 1.5 4 -0.0938518 0.0333516
3.4 1.035 1 1.5 4.5 -0.0986342 0.0342702
3.4 1.035 1 1.5 5 -0.106416 0.0394541
3.4 1.035 1 1.5 5.5 -0.113034 0.0378409

3.5 1.035 1 1.5 0 0.0501047 0.00103234
3.5 1.035 1 1.5 0.5 0.0228225 0.00819792
3.5 1.035 1 1.5 1 -0.00654436 0.0122897
3.5 1.035 1 1.5 1.5 -0.0291025 0.016948
3.5 1.035 1 1.5 2 -0.0472731 0.0195529
3.5 1.035 1 1.5 2.5 -0.0621395 0.023213
3.5 1.035 1 1.5 3 -0.072995 0.0256354
3.5 1.035 1 1.5 3.5 -0.0841593 0.0281302
3.5 1.035 1 1.5 4 -0.092491 0.0319944
3.5 1.035 1 1.5 4.5 -0.0965196 0.0340848
3.5 1.035 1 1.5 5 -0.103684 0.0360529
3.5 1.035 1 1.5 5.5 -0.108897 0.0384071

3.6 1.035 1 1.5 0 0.0490269 0.00104408
3.6 1.035 1 1.5 0.5 0.0225143 0.00780042
3.6 1.035 1 1.5 1 -0.00432786 0.0118316
3.6 1.035 1 1.5 1.5 -0.0287265 0.0163369
3.6 1.035 1 1.5 2 -0.0453859 0.0203478
3.6 1.035 1 1.5 2.5 -0.0613184 0.0235678
3.6 1.035 1 1.5 3 -0.0726893 0.0263334
3.6 1.035 1 1.5 3.5 -0.0809906 0.028957
3.6 1.035 1 1.5 4 -0.0904681 0.0323822
3.6 1.035 1 1.5 4.5 -0.0968163 0.0326111
3.6 1.035 1 1.5 5 -0.104201 0.0360707
3.6 1.035 1 1.5 5.5 -0.106484 0.0400282

3.7 1.035 1 1.5 0 0.0480043 0.0010445
3.7 1.035 1 1.5 0.5 0.0228853 0.00764113
3.7 1.035 1 1.5 1 -0.00386724 0.0123392
3.7 1.035 1 1.5 1.5 -0.0265136 0.0161836
3.7 1.035 1 1.5 2 -0.0442544 0.0195098
3.7 1.035 1 1.5 2.5 -0.0578075 0.0226606
3.7 1.035 1 1.5 3 -0.0697135 0.0263599
3.7 1.035 1 1.5 3.5 -0.0797102 0.0287888
3.7 1.035 1 1.5 4 -0.0885047 0.0311873
3.7 1.035 1 1.5 4.5 -0.0948195 0.0338853
3.7 1.035 1 1.5 5 -0.10139 0.0369162
3.7 1.035 1 1.5 5.5 -0.105417 0.0371755

3.8 1.035 1 1.5 0 0.0469001 0.0010525
3.8 1.035 1 1.5 0.5 0.0226299 0.00747823
3.8 1.035 1 1.5 1 -0.00329191 0.0115411
3.8 1.035 1 1.5 1.5 -0.0246927 0.0157207
3.8 1.035 1 1.5 2 -0.0427234 0.0197062
3.8 1.035 1 1.5 2.5 -0.056185 0.0220178
3.8 1.035 1 1.5 3 -0.0676655 0.0240675
3.8 1.035 1 1.5 3.5 -0.0780271 0.0281223
3.8 1.035 1 1.5 4 -0.0865787 0.0307093
3.8 1.035 1 1.5 4.5 -0.0938626 0.0328131
3.8 1.035 1 1.5 5 -0.0995443 0.0350945
3.8 1.035 1 1.5 5.5 -0.10431 0.0364651

3.9 1.035 1 1.5 0 0.0459786 0.00106168
3.9 1.035 1 1.5 0.5 0.0224313 0.00713226
3.9 1.035 1 1.5 1 -0.0026791 0.0112042
3.9 1.035 1 1.5 1.5 -0.0236416 0.0158152
3.9 1.035 1 1.5 2 -0.0407274 0.018737
3.9 1.035 1 1.5 2.5 -0.0552028 0.0220452
3.9 1.035 1 1.5 3 -0.0673758 0.024697
3.9 1.035 1 1.5 3.5 -0.0768301 0.026244
3.9 1.035 1 1.5 4 -0.0854665 0.0311935
3.9 1.035 1 1.5 4.5 -0.0913831 0.0321759
3.9 1.035 1 1.5 5 -0.0986106 0.0328418
3.9 1.035 1 1.5 5.5 -0.10527 0.0360487

4 1.035 1 1.5 0 0.0450393 0.00108071
4 1.035 1 1.5 0.5 0.0227181 0.00734082
4 1.035 1 1.5 1 -0.00194937 0.0114337
4 1.035 1 1.5 1.5 -0.0227226 0.0152496
4 1.035 1 1.5 2 -0.0401484 0.0191772
4 1.035 1 1.5 2.5 -0.0536414 0.0208773
4 1.035 1 1.5 3 -0.0656445 0.0247597
4 1.035 1 1.5 3.5 -0.0752741 0.026276
4 1.035 1 1.5 4 -0.0845321 0.029858
4 1.035 1 1.5 4.5 -0.0916737 0.0323202
4 1.035 1 1.5 5 -0.0965658 0.0342427
4 1.035 1 1.5 5.5 -0.102067 0.0372648

4.1 1.035 1 1.5 0 0.044113 0.00103716
4.1 1.035 1 1.5 0.5 0.0224258 0.00712242
4.1 1.035 1 1.5 1 -0.000669092 0.0111265
4.1 1.035 1 1.5 1.5 -0.021879 0.0146319
4.1 1.035 1 1.5 2 -0.0389363 0.0183234
4.1 1.035 1 1.5 2.5 -0.0534678 0.0212512
4.1 1.035 1 1.5 3 -0.0641103 0.0237265
4.1 1.035 1 1.5 3.5 -0.0725319 0.0264603
4.1 1.035 1 1.5 4 -0.0826495 0.0296426
4.1 1.035 1 1.5 4.5 -0.0884735 0.0317486
4.1 1.035 1 1.5 5 -0.0951215 0.0343675
4.1 1.035 1 1.5 5.5 -0.100728 0.037023

4.2 1.035 1 1.5 0 0.0432585 0.00108412
4.2 1.035 1 1.5 0.5 0.02259 0.00705497
4.2 1.035 1 1.5 1 -0.000107024 0.0114518
4.2 1.035 1 1.5 1.5 -0.0202875 0.0142217
4.2 1.035 1 1.5 2 -0.0373276 0.0178742
4.2 1.035 1 1.5 2.5 -0.0493873 0.0207014
4.2 1.035 1 1.5 3 -0.0629457 0.024087
4.2 1.035 1 1.5 3.5 -0.0717487 0.0266073
4.2 1.035 1 1.5 4 -0.0809533 0.0289757
4.2 1.035 1 1.5 4.5 -0.0874452 0.031821
4.2 1.035 1 1.5 5 -0.0940205 0.0340583
4.2 1.035 1 1.5 5.5 -0.100945 0.0363233

4.3 1.035 1 1.5 0 0.0424274 0.00107811
4.3 1.035 1 1.5 0.5 0.0220984 0.00688835
4.3 1.035 1 1.5 1 -3.90982e-05 0.0103408
4.3 1.035 1 1.5 1.5 -0.0187492 0.0145561
4.3 1.035 1 1.5 2 -0.0362469 0.0174568
4.3 1.035 1 1.5 2.5 -0.0493293 0.0198184
4.3 1.035 1 1.5 3 -0.0607187 0.0234656
4.3 1.035 1 1.5 3.5 -0.0715397 0.0267321
4.3 1.035 1 1.5 4 -0.079363 0.0282786
4.3 1.035 1 1.5 4.5 -0.0854407 0.0309375
4.3 1.035 1 1.5 5 -0.0928996 0.0342082
4.3 1.035 1 1.5 5.5 -0.0969637 0.0353215

4.4 1.035 1 1.5 0 0.0415541 0.00109322
4.4 1.035 1 1.5 0.5 0.0219558 0.00671115
4.4 1.035 1 1.5 1 0.00074835 0.0105578
4.4 1.035 1 1.5 1.5 -0.0192821 0.0141814
4.4 1.035 1 1.5 2 -0.036299 0.016679
4.4 1.035 1 1.5 2.5 -0.0482282 0.0205481
4.4 1.035 1 1.5 3 -0.0597747 0.0232451
4.4 1.035 1 1.5 3.5 -0.0686098 0.0262771
4.4 1.035 1 1.5 4 -0.0773892 0.0291288
4.4 1.035 1 1.5 4.5 -0.084576 0.0299313
4.4 1.035 1 1.5 5 -0.088926 0.031091
4.4 1.035 1 1.5 5.5 -0.0948068 0.0348412

4.5 1.035 1 1.5 0 0.0409465 0.00105319
4.5 1.035 1 1.5 0.5 0.0214695 0.00669245
4.5 1.035 1 1.5 1 0.000676135 0.010565
4.5 1.035 1 1.5 1.5 -0.0179953 0.0138707
4.5 1.035 1 1.5 2 -0.0329787 0.0174247
4.5 1.035 1 1.5 2.5 -0.047302 0.0193779
4.5 1.035 1 1.5 3 -0.0581135 0.0225629
4.5 1.035 1 1.5 3.5 -0.0680574 0.0248521
4.5 1.035 1 1.5 4 -0.0741702 0.0268921
4.5 1.035 1 1.5 4.5 -0.0829864 0.0303708
4.5 1.035 1 1.5 5 -0.0887724 0.0320826
4.5 1.035 1 1.5 5.5 -0.0944829 0.0332521

4.6 1.035 1 1.5 0 0.0402258 0.00109472
4.6 1.035 1 1.5 0.5 0.0218043 0.00639225
4.6 1.035 1 1.5 1 0.0019406 0.0100347
4.6 1.035 1 1.5 1.5 -0.0172576 0.013853
4.6 1.035 1 1.5 2 -0.0329237 0.0161996
4.6 1.035 1 1.5 2.5 -0.0459288 0.0204336
4.6 1.035 1 1.5 3 -0.057177 0.022807
4.6 1.035 1 1.5 3.5 -0.064544 0.0251363
4.6 1.035 1 1.5 4 -0.0751204 0.0275949
4.6 1.035 1 1.5 4.5 -0.0812956 0.0303055
4.6 1.035 1 1.5 5 -0.0887493 0.031282
4.6 1.035 1 1.5 5.5 -0.0927999 0.0338133

4.7 1.035 1 1.5 0 0.0395479 0.00104795
4.7 1.035 1 1.5 0.5 0.0217647 0.00628188
4.7 1.035 1 1.5 1 0.002519 0.0102986
4.7 1.035 1 1.5 1.5 -0.01571 0.0134261
4.7 1.035 1 1.5 2 -0.0311976 0.0170205
4.7 1.035 1 1.5 2.5 -0.0448609 0.0196338
4.7 1.035 1 1.5 3 -0.0544873 0.0221945
4.7 1.035 1 1.5 3.5 -0.064616 0.0241487
4.7 1.035 1 1.5 4 -0.071837 0.0275315
4.7 1.035 1 1.5 4.5 -0.0808486 0.029657
4.7 1.035 1 1.5 5 -0.087122 0.032536
4.7 1.035 1 1.5 5.5 -0.0921939 0.0337057

4.8 1.035 1 1.5 0 0.0387804 0.00106866
4.8 1.035 1 1.5 0.5 0.0216388 0.00647307
4.8 1.035 1 1.5 1 0.00263233 0.00986442
4.8 1.035 1 1.5 1.5 -0.0148626 0.0125574
4.8 1.035 1 1.5 2 -0.0309938 0.015449
4.8 1.035 1 1.5 2.5 -0.0431532 0.0194944
4.8 1.035 1 1.5 3 -0.0543798 0.0212149
4.8 1.035 1 1.5 3.5 -0.064324 0.0254386
4.8 1.035 1 1.5 4 -0.0715063 0.0266688
4.8 1.035 1 1.5 4.5 -0.0787391 0.0282317
4.8 1.035 1 1.5 5 -0.0849839 0.0326485
4.8 1.035 1 1.5 5.5 -0.0909692 0.034416

4.9 1.035 1 1.5 0 0.0381079 0.00109611
4.9 1.035 1 1.5 0.5 0.0218012 0.00617155
4.9 1.035 1 1.5 1 0.00276847 0.00966231
4.9 1.035 1 1.5 1.5 -0.0139496 0.0128158
4.9 1.035 1 1.5 2 -0.0286562 0.0159418
4.9 1.035 1 1.5 2.5 -0.0421351 0.018403
4.9 1.035 1 1.5 3 -0.0531864 0.0219594
4.9 1.035 1 1.5 3.5 -0.0636977 0.0239092
4.9 1.035 1 1.5 4 -0.0702359 0.0262445
4.9 1.035 1 1.5 4.5 -0.077641 0.0280394
4.9 1.035 1 1.5 5 -0.0838713 0.0315567
4.9 1.035 1 1.5 5.5 -0.0896957 0.0329667

5 1.035 1 1.5 0 0.0374394 0.0011065
5 1.035 1 1.5 0.5 0.0213778 0.00618431
5 1.035 1 1.5 1 0.00348875 0.00926727
5 1.035 1 1.5 1.5 -0.0130578 0.0126111
5 1.035 1 1.5 2 -0.0288551 0.0154433
5 1.035 1 1.5 2.5 -0.0407432 0.0185941
5 1.035 1 1.5 3 -0.0512971 0.0216349
5 1.035 1 1.5 3.5 -0.0616244 0.0238994
5 1.035 1 1.5 4 -0.0699512 0.0265349
5 1.035 1 1.5 4.5 -0.075566 0.0273156
5 1.035 1 1.5 5 -0.0807544 0.0295673
5 1.035 1 1.5 5.5 -0.0868325 0.0323133

5.1 1.035 1 1.5 0 0.0368827 0.00110926
5.1 1.035 1 1.5 0.5 0.021179 0.0060706
5.1 1.035 1 1.5 1 0.00373822 0.00928658
5.1 1.035 1 1.5 1.5 -0.0135672 0.0124252
5.1 1.035 1 1.5 2 -0.026878 0.0150835
5.1 1.035 1 1.5 2.5 -0.0398241 0.0181661
5.1 1.035 1 1.5 3 -0.050196 0.0212142
5.1 1.035 1 1.5 3.5 -0.0598196 0.0241171
5.1 1.035 1 1.5 4 -0.0682441 0.0260503
5.1 1.035 1 1.5 4.5 -0.0755265 0.0277787
5.1 1.035 1 1.5 5 -0.0814041 0.0300348
5.1 1.035 1 1.5 5.5 -0.0868344 0.0322763

5.2 1.035 1 1.5 0 0.0361986 0.00111883
5.2 1.035 1 1.5 0.5 0.0210127 0.00604692
5.2 1.035 1 1.5 1 0.00433402 0.00923221
5.2 1.035 1 1.5 1.5 -0.0127089 0.0126281
5.2 1.035 1 1.5 2 -0.0264392 0.0160659
5.2 1.035 1 1.5 2.5 -0.0385563 0.0182192
5.2 1.035 1 1.5 3 -0.0491525 0.0205709
5.2 1.035 1 1.5 3.5 -0.0573611 0.0230262
5.2 1.035 1 1.5 4 -0.0665943 0.0257296
5.2 1.035 1 1.5 4.5 -0.0726378 0.0279671
5.2 1.035 1 1.5 5 -0.0797358 0.0303255
5.2 1.035 1 1.5 5.5 -0.0863875 0.0325699

5.3 1.035 1 1.5 0 0.0356433 0.00113322
5.3 1.035 1 1.5 0.5 0.0207552 0.00592248
5.3 1.035 1 1.5 1 0.00419753 0.00902301
5.3 1.035 1 1.5 1.5 -0.0122726 0.0122205
5.3 1.035 1 1.5 2 -0.0256299 0.0147121
5.3 1.035 1 1.5 2.5 -0.0389942 0.0177628
5.3 1.035 1 1.5 3 -0.0471937 0.0197664
5.3 1.035 1 1.5 3.5 -0.0562761 0.0232272
5.3 1.035 1 1.5 4 -0.0665373 0.0253121
5.3 1.035 1 1.5 4.5 -0.0709391 0.0261625
5.3 1.035 1 1.5 5 -0.0779126 0.0299273
5.3 1.035 1 1.5 5.5 -0.0848853 0.0320191

5.4 1.035 1 1.5 0 0.0350715 0.00112568
5.4 1.035 1 1.5 0.5 0.0208516 0.00554733
5.4 1.035 1 1.5 1 0.00446969 0.0089374
5.4 1.035 1 1.5 1.5 -0.0105296 0.0118066
5.4 1.035 1 1.5 2 -0.0245206 0.0145265
5.4 1.035 1 1.5 2.5 -0.0365246 0.0175581
5.4 1.035 1 1.5 3 -0.0476298 0.020184
5.4 1.035 1 1.5 3.5 -0.0551474 0.0227693
5.4 1.035 1 1.5 4 -0.0642771 0.0243185
5.4 1.035 1 1.5 4.5 -0.0698069 0.0274229
5.4 1.035 1 1.5 5 -0.07785 0.0295347
5.4 1.035 1 1.5 5.5 -0.0822568 0.0316225

5.5 1.035 1 1.5 0 0.0344841 0.00107197
5.5 1.035 1 1.5 0.5 0.0204928 0.00575871
5.5 1.035 1 1.5 1 0.00464317 0.00872008
5.5 1.035 1 1.5 1.5 -0.0102018 0.0114812
5.5 1.035 1 1.5 2 -0.0233771 0.0147993
5.5 1.035 1 1.5 2.5 -0.0354222 0.0177411
5.5 1.035 1 1.5 3 -0.0465646 0.0191136
5.5 1.035 1 1.5 3.5 -0.0547431 0.0219082
5.5 1.035 1 1.5 4 -0.0627142 0.0246505
5.5 1.035 1 1.5 4.5 -0.0696179 0.0269656
5.5 1.035 1 1.5 5 -0.0752477 0.0282824
5.5 1.035 1 1.5 5.5 -0.0827414 0.0311835

5.6 1.035 1 1.5 0 0.0339538 0.00110177
5.6 1.035 1 1.5 0.5 0.0204381 0.00571703
5.6 1.035 1 1.5 1 0.00542314 0.00866023
5.6 1.035 1 1.5 1.5 -0.00992587 0.0115357
5.6 1.035 1 1.5 2 -0.022743 0.0142713
5.6 1.035 1 1.5 2.5 -0.0352501 0.0173773
5.6 1.035 1 1.5 3 -0.0447534 0.0202074
5.6 1.035 1 1.5 3.5 -0.052537 0.0221077
5.6 1.035 1 1.5 4 -0.060668 0.0252307
5.6 1.035 1 1.5 4.5 -0.0697406 0.0268559
5.6 1.035 1 1.5 5 -0.0744123 0.0289876
5.6 1.035 1 1.5 5.5 -0.0813446 0.0306549

5.7 1.035 1 1.5 0 0.0334182 0.00114277
5.7 1.035 1 1.5 0.5 0.0201786 0.00586122
5.7 1.035 1 1.5 1 0.00505249 0.00896037
5.7 1.035 1 1.5 1.5 -0.00869767 0.0114337
5.7 1.035 1 1.5 2 -0.0220872 0.0140213
5.7 1.035 1 1.5 2.5 -0.033141 0.0167941
5.7 1.035 1 1.5 3 -0.0434736 0.0199562
5.7 1.035 1 1.5 3.5 -0.0531007 0.0215703
5.7 1.035 1 1.5 4 -0.0618617 0.0245975
5.7 1.035 1 1.5 4.5 -0.0679206 0.0268099
5.7 1.035 1 1.5 5 -0.0726801 0.027669
5.7 1.035 1 1.5 5.5 -0.0794388 0.028966

5.8 1.035 1 1.5 0 0.0329874 0.00113115
5.8 1.035 1 1.5 0.5 0.0203069 0.00566437
5.8 1.035 1 1.5 1 0.0052168 0.00833007
5.8 1.035 1 1.5 1.5 -0.00896798 0.0109363
5.8 1.035 1 1.5 2 -0.0217243 0.0139466
5.8 1.035 1 1.5 2.5 -0.0331706 0.0165997
5.8 1.035 1 1.5 3 -0.0417991 0.0187617
5.8 1.035 1 1.5 3.5 -0.0513107 0.0218409
5.8 1.035 1 1.5 4 -0.0599823 0.0233321
5.8 1.035 1 1.5 4.5 -0.0664759 0.0262028
5.8 1.035 1 1.5 5 -0.0711404 0.0286882
5.8 1.035 1 1.5 5.5 -0.0785712 0.0288158

5.9 1.035 1 1.5 0 0.0324809 0.00110507
5.9 1.035 1 1.5 0.5 0.0199182 0.00536718
5.9 1.035 1 1.5 1 0.0053595 0.00826199
5.9 1.035 1 1.5 1.5 -0.00783718 0.0109251
5.9 1.035 1 1.5 2 -0.0209081 0.0140151
5.9 1.035 1 1.5 2.5 -0.0320521 0.0160444
5.9 1.035 1 1.5 3 -0.041595 0.0183644
5.9 1.035 1 1.5 3.5 -0.0512864 0.0204727
5.9 1.035 1 1.5 4 -0.0574384 0.0231146
5.9 1.035 1 1.5 4.5 -0.0646712 0.0256541
5.9 1.035 1 1.5 5 -0.0712171 0.0286232
5.9 1.035 1 1.5 5.5 -0.0785376 0.0291546

6 1.035 1 1.5 0 0.0320308 0.00112187
6 1.035 1 1.5 0.5 0.0196639 0.00531347
6 1.035 1 1.5 1 0.00524418 0.00849281
6 1.035 1 1.5 1.5 -0.00778538 0.0110453
6 1.035 1 1.5 2 -0.0194755 0.0137645
6 1.035 1 1.5 2.5 -0.030711 0.0162828
6 1.035 1 1.5 3 -0.0410908 0.0189828
6 1.035 1 1.5 3.5 -0.0495824 0.0203308
6 1.035 1 1.5 4 -0.0569252 0.0232497
6 1.035 1 1.5 4.5 -0.0638353 0.0251039
6 1.035 1 1.5 5 -0.0699085 0.0273005
6 1.035 1 1.5 5.5 -0.0748711 0.0286371

6.1 1.035 1 1.5 0 0.0315745 0.00111958
6.1 1.035 1 1.5 0.5 0.0197778 0.00534463
6.1 1.035 1 1.5 1 0.00594597 0.00819477
6.1 1.035 1 1.5 1.5 -0.00749015 0.0112018
6.1 1.035 1 1.5 2 -0.0193177 0.0130109
6.1 1.035 1 1.5 2.5 -0.0305497 0.015358
6.1 1.035 1 1.5 3 -0.0392563 0.0183699
6.1 1.035 1 1.5 3.5 -0.0495452 0.0202975
6.1 1.035 1 1.5 4 -0.0554317 0.0230887
6.1 1.035 1 1.5 4.5 -0.0627295 0.0257439
6.1 1.035 1 1.5 5 -0.0699317 0.0264586
6.1 1.035 1 1.5 5.5 -0.0744637 0.0291498

6.2 1.035 1 1.5 0 0.0311372 0.00109146
6.2 1.035 1 1.5 0.5 0.0191869 0.00521606
6.2 1.035 1 1.5 1 0.00629635 0.00794284
6.2 1.035 1 1.5 1.5 -0.0062374 0.0103639
6.2 1.035 1 1.5 2 -0.01853 0.0130878
6.2 1.035 1 1.5 2.5 -0.0303668 0.0150857
6.2 1.035 1 1.5 3 -0.0390221 0.0180995
6.2 1.035 1 1.5 3.5 -0.0469085 0.0199852
6.2 1.035 1 1.5 4 -0.0564576 0.0227633
6.2 1.035 1 1.5 4.5 -0.0614671 0.0247144
6.2 1.035 1 1.5 5 -0.068085 0.0268165
6.2 1.035 1 1.5 5.5 -0.0726681 0.028738

6.3 1.035 1 1.5 0 0.0306923 0.00111127
6.3 1.035 1 1.5 0.5 0.0192847 0.00538128
6.3 1.035 1 1.5 1 0.00654174 0.00768357
6.3 1.035 1 1.5 1.5 -0.00630806 0.0105552
6.3 1.035 1 1.5 2 -0.0181409 0.0127152
6.3 1.035 1 1.5 2.5 -0.0282936 0.015629
6.3 1.035 1 1.5 3 -0.0386007 0.0180547
6.3 1.035 1 1.5 3.5 -0.0449835 0.0195719
6.3 1.035 1 1.5 4 -0.0533816 0.0223437
6.3 1.035 1 1.5 4.5 -0.0599398 0.0239695
6.3 1.035 1 1.5 5 -0.0673888 0.0263869
6.3 1.035 1 1.5 5.5 -0.0725598 0.0287597

6.4 1.035 1 1.5 0 0.0303587 0.00112086
6.4 1.035 1 1.5 0.5 0.0192295 0.00504088
6.4 1.035 1 1.5 1 0.00626029 0.00770467
6.4 1.035 1 1.5 1.5 -0.00575077 0.0101958
6.4 1.035 1 1.5 2 -0.0183227 0.0126761
6.4 1.035 1 1.5 2.5 -0.0284965 0.0157357
6.4 1.035 1 1.5 3 -0.0381634 0.0180955
6.4 1.035 1 1.5 3.5 -0.0461838 0.0203068
6.4 1.035 1 1.5 4 -0.0524479 0.0212855
6.4 1.035 1 1.5 4.5 -0.0596103 0.0242063
6.4 1.035 1 1.5 5 -0.0644845 0.0263417
6.4 1.035 1 1.5 5.5 -0.0700674 0.0279095

6.5 1.035 1 1.5 0 0.0299078 0.00115056
6.5 1.035 1 1.5 0.5 0.0185964 0.00514434
6.5 1.035 1 1.5 1 0.00663761 0.00798631
6.5 1.035 1 1.5 1.5 -0.00579621 0.0102082
6.5 1.035 1 1.5 2 -0.0163148 0.0126983
6.5 1.035 1 1.5 2.5 -0.0272331 0.0145463
6.5 1.035 1 1.5 3 -0.0373188 0.0176584
6.5 1.035 1 1.5 3.5 -0.0450435 0.0199183
6.5 1.035 1 1.5 4 -0.0523573 0.0222803
6.5 1.035 1 1.5 4.5 -0.0580973 0.024002
6.5 1.035 1 1.5 5 -0.0641246 0.0263799
6.5 1.035 1 1.5 5.5 -0.0699941 0.0279532

6.6 1.035 1 1.5 0 0.0296096 0.00111628
6.6 1.035 1 1.5 0.5 0.0187211 0.00498081
6.6 1.035 1 1.5 1 0.00681651 0.0075915
6.6 1.035 1 1.5 1.5 -0.00495966 0.0102253
6.6 1.035 1 1.5 2 -0.01659 0.0129825
6.6 1.035 1 1.5 2.5 -0.0265033 0.0149443
6.6 1.035 1 1.5 3 -0.0351591 0.0166565
6.6 1.035 1 1.5 3.5 -0.0435043 0.0192838
6.6 1.035 1 1.5 4 -0.0507955 0.0214334
6.6 1.035 1 1.5 4.5 -0.0592327 0.0240007
6.6 1.035 1 1.5 5 -0.0638659 0.0252847
6.6 1.035 1 1.5 5.5 -0.0691648 0.0287709

6.7 1.035 1 1.5 0 0.0293041 0.00133243
6.7 1.035 1 1.5 0.5 0.0184993 0.00475911
6.7 1.035 1 1.5 1 0.00643079 0.00734216
6.7 1.035 1 1.5 1.5 -0.00455049 0.0100363
6.7 1.035 1 1.5 2 -0.0165348 0.0123788
6.7 1.035 1 1.5 2.5 -0.0261103 0.0145766
6.7 1.035 1 1.5 3 -0.0341837 0.017311
6.7 1.035 1 1.5 3.5 -0.0430577 0.0205706
6.7 1.035 1 1.5 4 -0.050611 0.0212514
6.7 1.035 1 1.5 4.5 -0.056704 0.0226438
6.7 1.035 1 1.5 5 -0.0621454 0.0256746
6.7 1.035 1 1.5 5.5 -0.0679709 0.0274089

6.8 1.035 1 1.5 0 0.0289526 0.00132622
6.8 1.035 1 1.5 0.5 0.0182912 0.00498699
6.8 1.035 1 1.5 1 0.00679275 0.00748698
6.8 1.035 1 1.5 1.5 -0.00488637 0.00978609
6.8 1.035 1 1.5 2 -0.0159069 0.0118807
6.8 1.035 1 1.5 2.5 -0.0255588 0.0145497
6.8 1.035 1 1.5 3 -0.0340308 0.017404
6.8 1.035 1 1.5 3.5 -0.042937 0.0193225
6.8 1.035 1 1.5 4 -0.0495478 0.0204792
6.8 1.035 1 1.5 4.5 -0.0554004 0.0233094
6.8 1.035 1 1.5 5 -0.0606276 0.0252503
6.8 1.035 1 1.5 5.5 -0.0672523 0.0267749

6.9 1.035 1 1.5 0 0.0288362 0.00188622
6.9 1.035 1 1.5 0.5 0.0181641 0.00503298
6.9 1.035 1 1.5 1 0.00683342 0.00747721
6.9 1.035 1 1.5 1.5 -0.00427701 0.00968102
6.9 1.035 1 1.5 2 -0.0152437 0.0116808
6.9 1.035 1 1.5 2.5 -0.0246809 0.0148164
6.9 1.035 1 1.5 3 -0.0331832 0.016074
6.9 1.035 1 1.5 3.5 -0.038817 0.0180233
6.9 1.035 1 1.5 4 -0.0473134 0.0212047
6.9 1.035 1 1.5 4.5 -0.0543538 0.0228523
6.9 1.035 1 1.5 5 -0.0609719 0.0249594
6.9 1.035 1 1.5 5.5 -0.0650102 0.0261565

7 1.035 1 1.5 0 0.0283138 0.0016361
7 1.035 1 1.5 0.5 0.0179265 0.00496024
7 1.035 1 1.5 1 0.00715956 0.00721062
7 1.035 1 1.5 1.5 -0.00423616 0.00923962
7 1.035 1 1.5 2 -0.0149811 0.0113392
7 1.035 1 1.5 2.5 -0.0236957 0.0143598
7 1.035 1 1.5 3 -0.0324795 0.0165345
7 1.035 1 1.5 3.5 -0.0400319 0.0182558
7 1.035 1 1.5 4 -0.0489727 0.0209165
7 1.035 1 1.5 4.5 -0.0529241 0.0225398
7 1.035 1 1.5 5 -0.0601694 0.025824
7 1.035 1 1.5 5.5 -0.0656448 0.0267023

7.1 1.035 1 1.5 0 0.0281164 0.00204722
7.1 1.035 1 1.5 0.5 0.0180577 0.00489726
7.1 1.035 1 1.5 1 0.00702907 0.00696037
7.1 1.035 1 1.5 1.5 -0.00343596 0.00933593
7.1 1.035 1 1.5 2 -0.0142476 0.0118304
7.1 1.035 1 1.5 2.5 -0.0230295 0.0138308
7.1 1.035 1 1.5 3 -0.0322641 0.015932
7.1 1.035 1 1.5 3.5 -0.0395869 0.0181026
7.1 1.035 1 1.5 4 -0.047305 0.0206706
7.1 1.035 1 1.5 4.5 -0.0541138 0.0220595
7.1 1.035 1 1.5 5 -0.0584134 0.0241054
7.1 1.035 1 1.5 5.5 -0.0640575 0.0257938

7.2 1.035 1 1.5 0 0.0280517 0.00227483
7.2 1.035 1 1.5 0.5 0.0177392 0.00490323
7.2 1.035 1 1.5 1 0.00713739 0.00702421
7.2 1.035 1 1.5 1.5 -0.00350222 0.00917965
7.2 1.035 1 1.5 2 -0.0135773 0.0120266
7.2 1.035 1 1.5 2.5 -0.0221506 0.0143016
7.2 1.035 1 1.5 3 -0.0311946 0.0154777
7.2 1.035 1 1.5 3.5 -0.0384534 0.0174458
7.2 1.035 1 1.5 4 -0.0450048 0.0197484
7.2 1.035 1 1.5 4.5 -0.0513315 0.0222226
7.2 1.035 1 1.5 5 -0.0589415 0.0239832
7.2 1.035 1 1.5 5.5 -0.0627804 0.0263941

7.3 1.035 1 1.5 0 0.0278695 0.00298203
7.3 1.035 1 1.5 0.5 0.0178102 0.00462005
7.3 1.035 1 1.5 1 0.00728353 0.00680731
7.3 1.035 1 1.5 1.5 -0.00313457 0.0091306
7.3 1.035 1 1.5 2 -0.0128477 0.0113096
7.3 1.035 1 1.5 2.5 -0.0217772 0.0137448
7.3 1.035 1 1.5 3 -0.0310889 0.0158691
7.3 1.035 1 1.5 3.5 -0.038712 0.0181921
7.3 1.035 1 1.5 4 -0.0446982 0.0194753
7.3 1.035 1 1.5 4.5 -0.0530643 0.0225271
7.3 1.035 1 1.5 5 -0.0563366 0.0239
7.3 1.035 1 1.5 5.5 -0.0617825 0.0263663

7.4 1.035 1 1.5 0 0.0276231 0.00314698
7.4 1.035 1 1.5 0.5 0.0173645 0.00464114
7.4 1.035 1 1.5 1 0.00691668 0.0068837
7.4 1.035 1 1.5 1.5 -0.00309315 0.00937187
7.4 1.035 1 1.5 2 -0.0123096 0.011268
7.4 1.035 1 1.5 2.5 -0.0215686 0.0130858
7.4 1.035 1 1.5 3 -0.0297306 0.0159221
7.4 1.035 1 1.5 3.5 -0.0374284 0.0174301
7.4 1.035 1 1.5 4 -0.0443505 0.020153
7.4 1.035 1 1.5 4.5 -0.0502577 0.0217116
7.4 1.035 1 1.5 5 -0.0546205 0.0231838
7.4 1.035 1 1.5 5.5 -0.0617596 0.0250076

7.5 1.035 1 1.5 0 0.0276709 0.00383993
7.5 1.035 1 1.5 0.5 0.0173207 0.00462264
7.5 1.035 1 1.5 1 0.00716079 0.00685284
7.5 1.035 1 1.5 1.5 -0.00250661 0.00917552
7.5 1.035 1 1.5 2 -0.0120919 0.0108722
7.5 1.035 1 1.5 2.5 -0.0205569 0.0134738
7.5 1.035 1 1.5 3 -0.0292793 0.0156983
7.5 1.035 1 1.5 3.5 -0.0368246 0.0177118
7.5 1.035 1 1.5 4 -0.0422534 0.0202558
7.5 1.035 1 1.5 4.5 -0.0502494 0.020725
7.5 1.035 1 1.5 5 -0.0551454 0.0239958
7.5 1.035 1 1.5 5.5 -0.0606914 0.0247349

7.6 1.035 1 1.5 0 0.0279049 0.00531911
7.6 1.035 1 1.5 0.5 0.0171943 0.00434182
7.6 1.035 1 1.5 1 0.00732924 0.00694996
7.6 1.035 1 1.5 1.5 -0.00262727 0.00871472
7.6 1.035 1 1.5 2 -0.0124122 0.011493
7.6 1.035 1 1.5 2.5 -0.0201418 0.0132543
7.6 1.035 1 1.5 3 -0.0290576 0.0153062
7.6 1.035 1 1.5 3.5 -0.0363133 0.0180024
7.6 1.035 1 1.5 4 -0.0429416 0.0190899
7.6 1.035 1 1.5 4.5 -0.0487348 0.020882
7.6 1.035 1 1.5 5 -0.0545897 0.0225258
7.6 1.035 1 1.5 5.5 -0.0589887 0.0248431

7.7 1.035 1 1.5 0 0.0279822 0.00623612
7.7 1.035 1 1.5 0.5 0.0169507 0.00462071
7.7 1.035 1 1.5 1 0.00733756 0.00673533
7.7 1.035 1 1.5 1.5 -0.00220414 0.00878865
7.7 1.035 1 1.5 2 -0.0114864 0.0110191
7.7 1.035 1 1.5 2.5 -0.0201842 0.0138676
7.7 1.035 1 1.5 3 -0.0277117 0.014591
7.7 1.035 1 1.5 3.5 -0.0348863 0.0170938
7.7 1.035 1 1.5 4 -0.0411047 0.0196245
7.7 1.035 1 1.5 4.5 -0.0488789 0.021345
7.7 1.035 1 1.5 5 -0.0528699 0.0231201
7.7 1.035 1 1.5 5.5 -0.058293 0.024416

7.8 1.035 1 1.5 0 0.0281948 0.00778205
7.8 1.035 1 1.5 0.5 0.0169068 0.00446787
7.8 1.035 1 1.5 1 0.00737435 0.0069552
7.8 1.035 1 1.5 1.5 -0.00236909 0.00878738
7.8 1.035 1 1.5 2 -0.0112287 0.01127
7.8 1.035 1 1.5 2.5 -0.0197825 0.0124631
7.8 1.035 1 1.5 3 -0.0278036 0.0150177
7.8 1.035 1 1.5 3.5 -0.0352555 0.0168977
7.8 1.035 1 1.5 4 -0.039356 0.0186845
7.8 1.035 1 1.5 4.5 -0.0477325 0.021918
7.8 1.035 1 1.5 5 -0.0526568 0.0228032
7.8 1.035 1 1.5 5.5 -0.0582425 0.0243337

7.9 1.035 1 1.5 0 0.0283364 0.00871007
7.9 1.035 1 1.5 0.5 0.0166472 0.00445856
7.9 1.035 1 1.5 1 0.00752651 0.00639023
7.9 1.035 1 1.5 1.5 -0.00189878 0.00870012
7.9 1.035 1 1.5 2 -0.0115852 0.0111757
7.9 1.035 1 1.5 2.5 -0.0186236 0.0127502
7.9 1.035 1 1.5 3 -0.0265684 0.0149672
7.9 1.035 1 1.5 3.5 -0.0342963 0.0172639
7.9 1.035 1 1.5 4 -0.0413011 0.0187157
7.9 1.035 1 1.5 4.5 -0.0468887 0.0206418
7.9 1.035 1 1.5 5 -0.0516868 0.0224108
7.9 1.035 1 1.5 5.5 -0.0576784 0.02418

8 1.035 1 1.5 0 0.0293264 0.0115658
8 1.035 1 1.5 0.5 0.0166398 0.0043993
8 1.035 1 1.5 1 0.00726433 0.0064734
8 1.035 1 1.5 1.5 -0.00155773 0.00853092
8 1.035 1 1.5 2 -0.0103448 0.0108632
8 1.035 1 1.5 2.5 -0.0188434 0.0128709
8 1.035 1 1.5 3 -0.0266351 0.01406
8 1.035 1 1.5 3.5 -0.0335093 0.0168479
8 1.035 1 1.5 4 -0.0392067 0.0187767
8 1.035 1 1.5 4.5 -0.0445508 0.020656
8 1.035 1 1.5 5 -0.0509794 0.022301
8 1.035 1 1.5 5.5 -0.0573986 0.0235355

8.1 1.035 1 1.5 0 0.0295603 0.0130092
8.1 1.035 1 1.5 0.5 0.0164981 0.00435956
8.1 1.035 1 1.5 1 0.00736223 0.0065204
8.1 1.035 1 1.5 1.5 -0.00188251 0.00897845
8.1 1.035 1 1.5 2 -0.00982241 0.0108611
8.1 1.035 1 1.5 2.5 -0.01871 0.0125233
8.1 1.035 1 1.5 3 -0.0255458 0.0145758
8.1 1.035 1 1.5 3.5 -0.0325225 0.0168023
8.1 1.035 1 1.5 4 -0.0389368 0.0188862
8.1 1.035 1 1.5 4.5 -0.0449207 0.0209054
8.1 1.035 1 1.5 5 -0.0501732 0.021485
8.1 1.035 1 1.5 5.5 -0.055123 0.0247815

8.2 1.035 1 1.5 0 0.0315777 0.0182419
8.2 1.035 1 1.5 0.5 0.0162445 0.00426365
8.2 1.035 1 1.5 1 0.00739445 0.00637674
8.2 1.035 1 1.5 1.5 -0.00169886 0.0081781
8.2 1.035 1 1.5 2 -0.010035 0.010324
8.2 1.035 1 1.5 2.5 -0.0184097 0.0127348
8.2 1.035 1 1.5 3 -0.0254015 0.0146948
8.2 1.035 1 1.5 3.5 -0.0324777 0.0161845
8.2 1.035 1 1.5 4 -0.0387845 0.0176395
8.2 1.035 1 1.5 4.5 -0.0437673 0.0193607
8.2 1.035 1 1.5 5 -0.0498073 0.0223761
8.2 1.035 1 1.5 5.5 -0.0548342 0.0241759

8.3 1.035 1 1.5 0 0.0308978 0.0182536
8.3 1.035 1 1.5 0.5 0.0162252 0.00453405
8.3 1.035 1 1.5 1 0.00741973 0.00646494
8.3 1.035 1 1.5 1.5 -0.00112694 0.00827165
8.3 1.035 1 1.5 2 -0.00910803 0.010179
8.3 1.035 1 1.5 2.5 -0.017415 0.0121535
8.3 1.035 1 1.5 3 -0.0248432 0.0139009
8.3 1.035 1 1.5 3.5 -0.0311556 0.0160489
8.3 1.035 1 1.5 4 -0.0368988 0.0179315
8.3 1.035 1 1.5 4.5 -0.0443029 0.0205325
8.3 1.035 1 1.5 5 -0.0490681 0.0217854
8.3 1.035 1 1.5 5.5 -0.054002 0.0234282

8.4 1.035 1 1.5 0 0.0320026 0.0218045
8.4 1.035 1 1.5 0.5 0.016188 0.00400879
8.4 1.035 1 1.5 1 0.00756875 0.00615823
8.4 1.035 1 1.5 1.5 -0.001408 0.00829924
8.4 1.035 1 1.5 2 -0.00919925 0.0101336
8.4 1.035 1 1.5 2.5 -0.0169686 0.0120213
8.4 1.035 1 1.5 3 -0.0231166 0.0140714
8.4 1.035 1 1.5 3.5 -0.0307899 0.0157268
8.4 1.035 1 1.5 4 -0.0358733 0.0174132
8.4 1.035 1 1.5 4.5 -0.042706 0.0200143
8.4 1.035 1 1.5 5 -0.0482417 0.0218426
8.4 1.035 1 1.5 5.5 -0.0535382 0.0232965

8.5 1.035 1 1.5 0 0.0343049 0.0285271
8.5 1.035 1 1.5 0.5 0.0159479 0.00418829
8.5 1.035 1 1.5 1 0.00769519 0.00651323
8.5 1.035 1 1.5 1.5 -0.000853899 0.00813979
8.5 1.035 1 1.5 2 -0.00876007 0.00995114
8.5 1.035 1 1.5 2.5 -0.017142 0.012001
8.5 1.035 1 1.5 3 -0.0237447 0.0137401
8.5 1.035 1 1.5 3.5 -0.0305624 0.0161303
8.5 1.035 1 1.5 4 -0.03657 0.0180905
8.5 1.035 1 1.5 4.5 -0.0425799 0.0196266
8.5 1.035 1 1.5 5 -0.0475511 0.0204261
8.5 1.035 1 1.5 5.5 -0.0509973 0.0230096

8.6 1.035 1 1.5 0 0.0387456 0.0358196
8.6 1.035 1 1.5 0.5 0.0156806 0.00416251
8.6 1.035 1 1.5 1 0.0076561 0.00620649
8.6 1.035 1 1.5 1.5 -0.000654202 0.0082379
8.6 1.035 1 1.5 2 -0.00854456 0.010191
8.6 1.035 1 1.5 2.5 -0.0163098 0.0116648
8.6 1.035 1 1.5 3 -0.0237039 0.0136023
8.6 1.035 1 1.5 3.5 -0.0299565 0.0153887
8.6 1.035 1 1.5 4 -0.0361674 0.0169315
8.6 1.035 1 1.5 4.5 -0.0416868 0.0193177
8.6 1.035 1 1.5 5 -0.0472059 0.0219019
8.6 1.035 1 1.5 5.5 -0.0517374 0.0229794

8.7 1.035 1 1.5 0 0.041466 0.0437618
8.7 1.035 1 1.5 0.5 0.0156681 0.00419712
8.7 1.035 1 1.5 1 0.00774635 0.00628812
8.7 1.035 1 1.5 1.5 -0.000541713 0.00794997
8.7 1.035 1 1.5 2 -0.00896871 0.0100982
8.7 1.035 1 1.5 2.5 -0.0157928 0.011902
8.7 1.035 1 1.5 3 -0.0225206 0.013377
8.7 1.035 1 1.5 3.5 -0.0285514 0.0153801
8.7 1.035 1 1.5 4 -0.0351008 0.0179858
8.7 1.035 1 1.5 4.5 -0.0409889 0.0193315
8.7 1.035 1 1.5 5 -0.045137 0.0207057
8.7 1.035 1 1.5 5.5 -0.0508272 0.0222428

8.8 1.035 1 1.5 0 0.0421463 0.05201
8.8 1.035 1 1.5 0.5 0.0155992 0.0043753
8.8 1.035 1 1.5 1 0.00720502 0.00611232
8.8 1.035 1 1.5 1.5 -0.000618097 0.0078419
8.8 1.035 1 1.5 2 -0.00765821 0.00981782
8.8 1.035 1 1.5 2.5 -0.0158257 0.0114509
8.8 1.035 1 1.5 3 -0.0228126 0.0135938
8.8 1.035 1 1.5 3.5 -0.0293103 0.0156263
8.8 1.035 1 1.5 4 -0.033708 0.0170447
8.8 1.035 1 1.5 4.5 -0.0399157 0.0191995
8.8 1.035 1 1.5 5 -0.0465394 0.020146
8.8 1.035 1 1.5 5.5 -0.050138 0.0228981

8.9 1.035 1 1.5 0 0.046288 0.0620115
8.9 1.035 1 1.5 0.5 0.0158057 0.00591474
8.9 1.035 1 1.5 1 0.00742848 0.00609501
8.9 1.035 1 1.5 1.5 -2.23327e-05 0.00802775
8.9 1.035 1 1.5 2 -0.00806979 0.0096334
8.9 1.035 1 1.5 2.5 -0.0145801 0.011791
8.9 1.035 1 1.5 3 -0.0215082 0.0135471
8.9 1.035 1 1.5 3.5 -0.0282786 0.0146034
8.9 1.035 1 1.5 4 -0.0350585 0.0168744
8.9 1.035 1 1.5 4.5 -0.0400871 0.0191774
8.9 1.035 1 1.5 5 -0.0445985 0.0209498
8.9 1.035 1 1.5 5.5 -0.0489131 0.0223319

9 1.035 1 1.5 0 inf -nan
9 1.035 1 1.5 0.5 0.0154693 0.00431544
9 1.035 1 1.5 1 0.00767324 0.00618289
9 1.035 1 1.5 1.5 -0.000285369 0.00767086
9 1.035 1 1.5 2 -0.00732556 0.00941217
9 1.035 1 1.5 2.5 -0.0150964 0.011323
9 1.035 1 1.5 3 -0.0215324 0.0134772
9 1.035 1 1.5 3.5 -0.0281354 0.0156753
9 1.035 1 1.5 4 -0.0344416 0.0164206
9 1.035 1 1.5 4.5 -0.0387231 0.0192269
9 1.035 1 1.5 5 -0.0450114 0.0205622
9 1.035 1 1.5 5.5 -0.0492299 0.0212674

9.1 1.035 1 1.5 0 inf -nan
9.1 1.035 1 1.5 0.5 0.0157291 0.00663612
9.1 1.035 1 1.5 1 0.00772449 0.00620448
9.1 1.035 1 1.5 1.5 -0.000155179 0.00781435
9.1 1.035 1 1.5 2 -0.00766095 0.00954533
9.1 1.035 1 1.5 2.5 -0.0141763 0.0113725
9.1 1.035 1 1.5 3 -0.0212131 0.0131144
9.1 1.035 1 1.5 3.5 -0.0264921 0.0140866
9.1 1.035 1 1.5 4 -0.0321971 0.0165243
9.1 1.035 1 1.5 4.5 -0.0387626 0.018831
9.1 1.035 1 1.5 5 -0.0441472 0.0197024
9.1 1.035 1 1.5 5.5 -0.0484376 0.0220236

9.2 1.035 1 1.5 0 inf -nan
9.2 1.035 1 1.5 0.5 0.0167342 0.0151905
9.2 1.035 1 1.5 1 0.00773664 0.00595348
9.2 1.035 1 1.5 1.5 0.000677971 0.00940606
9.2 1.035 1 1.5 2 -0.00731962 0.00930649
9.2 1.035 1 1.5 2.5 -0.0142523 0.0113354
9.2 1.035 1 1.5 3 -0.0214487 0.0127067
9.2 1.035 1 1.5 3.5 -0.0265953 0.0156593
9.2 1.035 1 1.5 4 -0.0320651 0.0160026
9.2 1.035 1 1.5 4.5 -0.0378241 0.0176954
9.2 1.035 1 1.5 5 -0.0426957 0.0197648
9.2 1.035 1 1.5 5.5 -0.0479219 0.0214505

9.3 1.035 1 1.5 0 inf -nan
9.3 1.035 1 1.5 0.5 0.0160714 0.0104648
9.3 1.035 1 1.5 1 0.00826943 0.011099
9.3 1.035 1 1.5 1.5 0.000180055 0.00948617
9.3 1.035 1 1.5 2 -0.00722233 0.00909913
9.3 1.035 1 1.5 2.5 -0.012889 0.0154777
9.3 1.035 1 1.5 3 -0.0194675 0.0128505
9.3 1.035 1 1.5 3.5 -0.0259783 0.0145546
9.3 1.035 1 1.5 4 -0.031971 0.0163103
9.3 1.035 1 1.5 4.5 -0.0375433 0.01789
9.3 1.035 1 1.5 5 -0.0426335 0.0187204
9.3 1.035 1 1.5 5.5 -0.0477531 0.0222036

9.4 1.035 1 1.5 0 inf -nan
9.4 1.035 1 1.5 0.5 0.0161105 0.0119295
9.4 1.035 1 1.5 1 0.00771034 0.0063891
9.4 1.035 1 1.5 1.5 0.000546795 0.0096001
9.4 1.035 1 1.5 2 -0.00632401 0.0105384
9.4 1.035 1 1.5 2.5 -0.0132211 0.0114179
9.4 1.035 1 1.5 3 -0.0196353 0.0132415
9.4 1.035 1 1.5 3.5 -0.0253244 0.0154033
9.4 1.035 1 1.5 4 -0.0304669 0.0158195
9.4 1.035 1 1.5 4.5 -0.0376953 0.0179666
9.4 1.035 1 1.5 5 -0.0418594 0.0210057
9.4 1.035 1 1.5 5.5 -0.0469307 0.0219226

9.5 1.035 1 1.5 0 inf -nan
9.5 1.035 1 1.5 0.5 0.0176514 0.0244243
9.5 1.035 1 1.5 1 0.00964504 0.0183553
9.5 1.035 1 1.5 1.5 0.00109995 0.011242
9.5 1.035 1 1.5 2 -0.00615481 0.0109736
9.5 1.035 1 1.5 2.5 -0.0127699 0.0155669
9.5 1.035 1 1.5 3 -0.0185944 0.0156394
9.5 1.035 1 1.5 3.5 -0.0240312 0.0173297
9.5 1.035 1 1.5 4 -0.0297008 0.0206119
9.5 1.035 1 1.5 4.5 -0.0353448 0.0185727
9.5 1.035 1 1.5 5 -0.0410827 0.0193679
9.5 1.035 1 1.5 5.5 -0.0456565 0.0228394

9.6 1.035 1 1.5 0 inf -nan
9.6 1.035 1 1.5 0.5 0.0176369 0.0223685
9.6 1.035 1 1.5 1 0.0102471 0.0259601
9.6 1.035 1 1.5 1.5 0.00127391 0.0152595
9.6 1.035 1 1.5 2 -0.00586414 0.0118272
9.6 1.035 1 1.5 2.5 -0.0115118 0.0149454
9.6 1.035 1 1.5 3 -0.01877 0.0176699
9.6 1.035 1 1.5 3.5 -0.0244401 0.0177212
9.6 1.035 1 1.5 4 -0.0285799 0.0224017
9.6 1.035 1 1.5 4.5 -0.0349429 0.0270223
9.6 1.035 1 1.5 5 -0.0401818 0.0206669
9.6 1.035 1 1.5 5.5 -0.0444246 0.0231308

9.7 1.035 1 1.5 0 inf -nan
9.7 1.035 1 1.5 0.5 0.0209484 0.0387382
9.7 1.035 1 1.5 1 0.0106665 0.0296783
9.7 1.035 1 1.5 1.5 0.00274636 0.017512
9.7 1.035 1 1.5 2 -0.00514942 0.0152172
9.7 1.035 1 1.5 2.5 -0.0107843 0.0179051
9.7 1.035 1 1.5 3 inf -nan
9.7 1.035 1 1.5 3.5 -0.0223337 0.0340783
9.7 1.035 1 1.5 4 -0.0285345 0.0208552
9.7 1.035 1 1.5 4.5 -0.0299294 0.039003
9.7 1.035 1 1.5 5 -0.0377346 0.0299832
9.7 1.035 1 1.5 5.5 -0.0434165 0.0274745

9.8 1.035 1 1.5 0 inf -nan
9.8 1.035 1 1.5 0.5 inf -nan
9.8 1.035 1 1.5 1 0.0108758 0.0254388
9.8 1.035 1 1.5 1.5 0.00303349 0.0204754
9.8 1.035 1 1.5 2 -0.00380367 0.0265127
9.8 1.035 1 1.5 2.5 -0.00977692 0.025911
9.8 1.035 1 1.5 3 -0.0148991 0.0280298
9.8 1.035 1 1.5 3.5 -0.020556 0.0310029
9.8 1.035 1 1.5 4 -0.0248841 0.0362505
9.8 1.035 1 1.5 4.5 -0.0317199 0.0302279
9.8 1.035 1 1.5 5 -0.033471 0.0440768
9.8 1.035 1 1.5 5.5 -0.040002 0.0328585

9.9 1.035 1 1.5 0 inf -nan
9.9 1.035 1 1.5 0.5 0.023135 0.0515114
9.9 1.035 1 1.5 1 0.0136081 0.0422525
9.9 1.035 1 1.5 1.5 0.00412736 0.0248393
9.9 1.035 1 1.5 2 -0.00151684 0.0352372
9.9 1.035 1 1.5 2.5 -0.00661147 0.0408849
9.9 1.035 1 1.5 3 inf -nan
9.9 1.035 1 1.5 3.5 -0.0161133 0.044148
9.9 1.035 1 1.5 4 -0.0231264 0.0418794
9.9 1.035 1 1.5 4.5 -0.0274803 0.0422711
9.9 1.035 1 1.5 5 inf -nan
9.9 1.035 1 1.5 5.5 -0.0368623 0.0473053

10 1.035 1 1.5 0 inf -nan
10 1.035 1 1.5 0.5 inf -nan
10 1.035 1 1.5 1 inf -nan
10 1.035 1 1.5 1.5 inf -nan
10 1.035 1 1.5 2 0.000900937 0.0387564
10 1.035 1 1.5 2.5 inf -nan
10 1.035 1 1.5 3 inf -nan
10 1.035 1 1.5 3.5 inf -nan
10 1.035 1 1.5 4 -0.0178197 0.0528949
10 1.035 1 1.5 4.5 inf -nan
10 1.035 1 1.5 5 -0.0289432 0.0561763
10 1.035 1 1.5 5.5 inf -nan

