alpha b0 d sigma tau Gmean Gstd
0 1.194 1 1 0 -nan -nan
0 1.194 1 1 0.5 inf -nan
0 1.194 1 1 1 0.249669 0.0400841
0 1.194 1 1 1.5 0.20439 0.024657
0 1.194 1 1 2 0.196681 0.0164472
0 1.194 1 1 2.5 0.193962 0.0111358
0 1.194 1 1 3 0.193755 0.00847134
0 1.194 1 1 3.5 0.193717 0.00705832
0 1.194 1 1 4 0.193789 0.00571048
0 1.194 1 1 4.5 0.194018 0.00485773
0 1.194 1 1 5 0.194181 0.00407704
0 1.194 1 1 5.5 0.194016 0.00343454

0.1 1.194 1 1 0 0.222113 0.00190656
0.1 1.194 1 1 0.5 0.171444 0.0241045
0.1 1.194 1 1 1 0.168467 0.0342576
0.1 1.194 1 1 1.5 0.16891 0.0424836
0.1 1.194 1 1 2 0.168852 0.047694
0.1 1.194 1 1 2.5 0.168725 0.0569288
0.1 1.194 1 1 3 0.166582 0.0601202
0.1 1.194 1 1 3.5 0.16619 0.0651093
0.1 1.194 1 1 4 0.164885 0.0691015
0.1 1.194 1 1 4.5 0.165174 0.0732062
0.1 1.194 1 1 5 0.164842 0.0774316
0.1 1.194 1 1 5.5 0.166833 0.0813967

0.2 1.194 1 1 0 0.200525 0.00165511
0.2 1.194 1 1 0.5 0.129008 0.0221645
0.2 1.194 1 1 1 0.120736 0.0322473
0.2 1.194 1 1 1.5 0.117435 0.0356296
0.2 1.194 1 1 2 0.115556 0.0450454
0.2 1.194 1 1 2.5 0.115186 0.0495758
0.2 1.194 1 1 3 0.114763 0.0534132
0.2 1.194 1 1 3.5 0.116479 0.0574607
0.2 1.194 1 1 4 0.11791 0.0609583
0.2 1.194 1 1 4.5 0.11455 0.0668664
0.2 1.194 1 1 5 0.11556 0.0697857
0.2 1.194 1 1 5.5 0.112793 0.0729723

0.3 1.194 1 1 0 0.182976 0.00150979
0.3 1.194 1 1 0.5 0.101324 0.0201556
0.3 1.194 1 1 1 0.0896123 0.0282953
0.3 1.194 1 1 1.5 0.0873086 0.0350812
0.3 1.194 1 1 2 0.0826533 0.0413476
0.3 1.194 1 1 2.5 0.0819579 0.0432509
0.3 1.194 1 1 3 0.0787914 0.0501393
0.3 1.194 1 1 3.5 0.0810718 0.0550475
0.3 1.194 1 1 4 0.0797576 0.0568856
0.3 1.194 1 1 4.5 0.0801185 0.0612893
0.3 1.194 1 1 5 0.0797843 0.0632166
0.3 1.194 1 1 5.5 0.0829993 0.0645389

0.4 1.194 1 1 0 0.168435 0.00140604
0.4 1.194 1 1 0.5 0.0839871 0.0178589
0.4 1.194 1 1 1 0.0692204 0.0259042
0.4 1.194 1 1 1.5 0.0608269 0.0337406
0.4 1.194 1 1 2 0.0599189 0.0367612
0.4 1.194 1 1 2.5 0.0558109 0.042402
0.4 1.194 1 1 3 0.0569465 0.0472903
0.4 1.194 1 1 3.5 0.0567281 0.0496759
0.4 1.194 1 1 4 0.0533936 0.0536772
0.4 1.194 1 1 4.5 0.0514452 0.0572881
0.4 1.194 1 1 5 0.0545127 0.0600732
0.4 1.194 1 1 5.5 0.0475942 0.0617325

0.5 1.194 1 1 0 0.156154 0.00128493
0.5 1.194 1 1 0.5 0.0721686 0.0180551
0.5 1.194 1 1 1 0.053966 0.0248974
0.5 1.194 1 1 1.5 0.0455456 0.0303146
0.5 1.194 1 1 2 0.0406842 0.034994
0.5 1.194 1 1 2.5 0.0377986 0.039064
0.5 1.194 1 1 3 0.0372145 0.0440293
0.5 1.194 1 1 3.5 0.0353355 0.0478801
0.5 1.194 1 1 4 0.0361837 0.0503519
0.5 1.194 1 1 4.5 0.0327937 0.0541652
0.5 1.194 1 1 5 0.0323453 0.0591835
0.5 1.194 1 1 5.5 0.0317392 0.0587887

0.6 1.194 1 1 0 0.145536 0.00117224
0.6 1.194 1 1 0.5 0.0635115 0.0168588
0.6 1.194 1 1 1 0.0430664 0.0241873
0.6 1.194 1 1 1.5 0.0340147 0.0295195
0.6 1.194 1 1 2 0.0278573 0.0327947
0.6 1.194 1 1 2.5 0.0248671 0.0366526
0.6 1.194 1 1 3 0.0224787 0.0426756
0.6 1.194 1 1 3.5 0.0185461 0.0440211
0.6 1.194 1 1 4 0.0187767 0.0485958
0.6 1.194 1 1 4.5 0.0181711 0.0525104
0.6 1.194 1 1 5 0.0156731 0.054633
0.6 1.194 1 1 5.5 0.0158102 0.0557435

0.7 1.194 1 1 0 0.136363 0.00114635
0.7 1.194 1 1 0.5 0.0589557 0.0155786
0.7 1.194 1 1 1 0.0342473 0.0224066
0.7 1.194 1 1 1.5 0.0230206 0.0287807
0.7 1.194 1 1 2 0.0188042 0.0315837
0.7 1.194 1 1 2.5 0.0135912 0.0366124
0.7 1.194 1 1 3 0.0126214 0.0390744
0.7 1.194 1 1 3.5 0.0100149 0.0407941
0.7 1.194 1 1 4 0.00946013 0.0450027
0.7 1.194 1 1 4.5 0.00706423 0.0489786
0.7 1.194 1 1 5 0.00503765 0.0509423
0.7 1.194 1 1 5.5 0.00330873 0.0511127

0.8 1.194 1 1 0 0.129048 0.00105031
0.8 1.194 1 1 0.5 0.0545685 0.0145242
0.8 1.194 1 1 1 0.0296652 0.0217017
0.8 1.194 1 1 1.5 0.017284 0.0274123
0.8 1.194 1 1 2 0.0117129 0.0311532
0.8 1.194 1 1 2.5 0.00820517 0.0348373
0.8 1.194 1 1 3 0.00400492 0.0394208
0.8 1.194 1 1 3.5 0.00280517 0.0421347
0.8 1.194 1 1 4 0.00046762 0.0420074
0.8 1.194 1 1 4.5 -0.00117477 0.0468075
0.8 1.194 1 1 5 -0.00168655 0.0469989
0.8 1.194 1 1 5.5 -0.00427001 0.0536738

0.9 1.194 1 1 0 0.121828 0.00101563
0.9 1.194 1 1 0.5 0.051941 0.014214
0.9 1.194 1 1 1 0.0247799 0.02066
0.9 1.194 1 1 1.5 0.0108766 0.026065
0.9 1.194 1 1 2 0.00591886 0.030899
0.9 1.194 1 1 2.5 -0.000549856 0.0339069
0.9 1.194 1 1 3 -0.00287337 0.0377619
0.9 1.194 1 1 3.5 -0.00485105 0.0393009
0.9 1.194 1 1 4 -0.00721708 0.041816
0.9 1.194 1 1 4.5 -0.0114489 0.0461249
0.9 1.194 1 1 5 -0.0105553 0.0495137
0.9 1.194 1 1 5.5 -0.008134 0.0507264

1 1.194 1 1 0 0.115352 0.000972424
1 1.194 1 1 0.5 0.0501841 0.0138934
1 1.194 1 1 1 0.0213061 0.0197872
1 1.194 1 1 1.5 0.0075068 0.0249788
1 1.194 1 1 2 0.000552046 0.0290424
1 1.194 1 1 2.5 -0.00525171 0.0315355
1 1.194 1 1 3 -0.00871145 0.0357539
1 1.194 1 1 3.5 -0.0112348 0.0386008
1 1.194 1 1 4 -0.0116448 0.041306
1 1.194 1 1 4.5 -0.0140365 0.0441815
1 1.194 1 1 5 -0.0169605 0.0456474
1 1.194 1 1 5.5 -0.0187992 0.0500585

1.1 1.194 1 1 0 0.109627 0.000962672
1.1 1.194 1 1 0.5 0.0486366 0.0125889
1.1 1.194 1 1 1 0.0194016 0.0184467
1.1 1.194 1 1 1.5 0.00617648 0.0222861
1.1 1.194 1 1 2 -0.0043111 0.0288536
1.1 1.194 1 1 2.5 -0.0110268 0.0316264
1.1 1.194 1 1 3 -0.0133864 0.0353334
1.1 1.194 1 1 3.5 -0.0168195 0.0364536
1.1 1.194 1 1 4 -0.0172764 0.0388694
1.1 1.194 1 1 4.5 -0.0225582 0.0418788
1.1 1.194 1 1 5 -0.0213546 0.0457486
1.1 1.194 1 1 5.5 -0.0258519 0.0482255

1.2 1.194 1 1 0 0.103901 0.000904593
1.2 1.194 1 1 0.5 0.0470751 0.0123918
1.2 1.194 1 1 1 0.0180838 0.0181515
1.2 1.194 1 1 1.5 0.00266223 0.0225587
1.2 1.194 1 1 2 -0.0067633 0.0260356
1.2 1.194 1 1 2.5 -0.0134902 0.0309711
1.2 1.194 1 1 3 -0.0176102 0.0344936
1.2 1.194 1 1 3.5 -0.0211357 0.035112
1.2 1.194 1 1 4 -0.0240467 0.0404774
1.2 1.194 1 1 4.5 -0.0261883 0.0415268
1.2 1.194 1 1 5 -0.0259415 0.0431567
1.2 1.194 1 1 5.5 -0.028023 0.0470784

1.3 1.194 1 1 0 0.0991927 0.000937146
1.3 1.194 1 1 0.5 0.0460103 0.0118579
1.3 1.194 1 1 1 0.0168196 0.0171176
1.3 1.194 1 1 1.5 0.00162272 0.0227838
1.3 1.194 1 1 2 -0.0083711 0.0259287
1.3 1.194 1 1 2.5 -0.0151749 0.0288458
1.3 1.194 1 1 3 -0.0188102 0.0317683
1.3 1.194 1 1 3.5 -0.0237022 0.0356927
1.3 1.194 1 1 4 -0.0284659 0.0392628
1.3 1.194 1 1 4.5 -0.0287237 0.040173
1.3 1.194 1 1 5 -0.0301304 0.0437732
1.3 1.194 1 1 5.5 -0.0304886 0.0434149

1.4 1.194 1 1 0 0.0949016 0.000870704
1.4 1.194 1 1 0.5 0.0454738 0.0106593
1.4 1.194 1 1 1 0.0159631 0.0169532
1.4 1.194 1 1 1.5 -0.0010399 0.0212006
1.4 1.194 1 1 2 -0.00893839 0.0251381
1.4 1.194 1 1 2.5 -0.0165431 0.0278353
1.4 1.194 1 1 3 -0.0199502 0.0293922
1.4 1.194 1 1 3.5 -0.0252553 0.0341131
1.4 1.194 1 1 4 -0.0269308 0.0368688
1.4 1.194 1 1 4.5 -0.0287096 0.0394492
1.4 1.194 1 1 5 -0.0319376 0.0411281
1.4 1.194 1 1 5.5 -0.0338557 0.0439205

1.5 1.194 1 1 0 0.0909985 0.000871887
1.5 1.194 1 1 0.5 0.0445038 0.0105834
1.5 1.194 1 1 1 0.0162995 0.0162781
1.5 1.194 1 1 1.5 -0.00110445 0.0213207
1.5 1.194 1 1 2 -0.0110173 0.0242314
1.5 1.194 1 1 2.5 -0.0201141 0.027183
1.5 1.194 1 1 3 -0.0226451 0.0304519
1.5 1.194 1 1 3.5 -0.0279528 0.0312293
1.5 1.194 1 1 4 -0.0319706 0.0337492
1.5 1.194 1 1 4.5 -0.0335927 0.0385356
1.5 1.194 1 1 5 -0.0373901 0.0400308
1.5 1.194 1 1 5.5 -0.0397215 0.041413

1.6 1.194 1 1 0 0.0873533 0.000832055
1.6 1.194 1 1 0.5 0.0436625 0.0100505
1.6 1.194 1 1 1 0.015888 0.0151929
1.6 1.194 1 1 1.5 -0.000523927 0.0207064
1.6 1.194 1 1 2 -0.0113631 0.0232643
1.6 1.194 1 1 2.5 -0.0189634 0.0266915
1.6 1.194 1 1 3 -0.0236164 0.0296044
1.6 1.194 1 1 3.5 -0.0267801 0.0317326
1.6 1.194 1 1 4 -0.0325565 0.0350952
1.6 1.194 1 1 4.5 -0.0349258 0.0373185
1.6 1.194 1 1 5 -0.0362128 0.0374856
1.6 1.194 1 1 5.5 -0.0371662 0.0409936

1.7 1.194 1 1 0 0.0840343 0.000816165
1.7 1.194 1 1 0.5 0.0436654 0.0101511
1.7 1.194 1 1 1 0.015838 0.0144155
1.7 1.194 1 1 1.5 -0.000249786 0.0188764
1.7 1.194 1 1 2 -0.0121969 0.0225365
1.7 1.194 1 1 2.5 -0.017883 0.0255067
1.7 1.194 1 1 3 -0.0233474 0.0287775
1.7 1.194 1 1 3.5 -0.0272701 0.030533
1.7 1.194 1 1 4 -0.0309467 0.03462
1.7 1.194 1 1 4.5 -0.0356345 0.0358908
1.7 1.194 1 1 5 -0.035885 0.0380497
1.7 1.194 1 1 5.5 -0.0407366 0.0393896

1.8 1.194 1 1 0 0.0808532 0.000830137
1.8 1.194 1 1 0.5 0.0428682 0.00940529
1.8 1.194 1 1 1 0.0148047 0.0148123
1.8 1.194 1 1 1.5 -0.00169347 0.0187798
1.8 1.194 1 1 2 -0.0111313 0.0214982
1.8 1.194 1 1 2.5 -0.0195562 0.0250206
1.8 1.194 1 1 3 -0.0248903 0.0283765
1.8 1.194 1 1 3.5 -0.0286159 0.0293759
1.8 1.194 1 1 4 -0.0345105 0.0317516
1.8 1.194 1 1 4.5 -0.0365862 0.034043
1.8 1.194 1 1 5 -0.0411692 0.039576
1.8 1.194 1 1 5.5 -0.0406923 0.0399099

1.9 1.194 1 1 0 0.0780482 0.000854631
1.9 1.194 1 1 0.5 0.0423823 0.00901537
1.9 1.194 1 1 1 0.0153045 0.0145496
1.9 1.194 1 1 1.5 -0.000903845 0.0179267
1.9 1.194 1 1 2 -0.0121699 0.0215282
1.9 1.194 1 1 2.5 -0.0201883 0.0241968
1.9 1.194 1 1 3 -0.0256234 0.0272869
1.9 1.194 1 1 3.5 -0.0302756 0.0299805
1.9 1.194 1 1 4 -0.0340166 0.0344133
1.9 1.194 1 1 4.5 -0.0371911 0.0342723
1.9 1.194 1 1 5 -0.0364295 0.0373695
1.9 1.194 1 1 5.5 -0.0422513 0.038422

2 1.194 1 1 0 0.0754007 0.000817453
2 1.194 1 1 0.5 0.041611 0.0091898
2 1.194 1 1 1 0.0156863 0.0136642
2 1.194 1 1 1.5 -0.00107921 0.0174227
2 1.194 1 1 2 -0.0110167 0.0204858
2 1.194 1 1 2.5 -0.0196556 0.0236288
2 1.194 1 1 3 -0.0250456 0.0268725
2 1.194 1 1 3.5 -0.0299535 0.0291867
2 1.194 1 1 4 -0.035281 0.031772
2 1.194 1 1 4.5 -0.0372213 0.0327202
2 1.194 1 1 5 -0.038479 0.0351688
2 1.194 1 1 5.5 -0.0405611 0.0376305

2.1 1.194 1 1 0 0.0729431 0.000810004
2.1 1.194 1 1 0.5 0.0411126 0.00860343
2.1 1.194 1 1 1 0.016193 0.0132431
2.1 1.194 1 1 1.5 0.000373337 0.0171926
2.1 1.194 1 1 2 -0.0122637 0.0195905
2.1 1.194 1 1 2.5 -0.0191004 0.0237292
2.1 1.194 1 1 3 -0.0250474 0.0263707
2.1 1.194 1 1 3.5 -0.0316439 0.0275611
2.1 1.194 1 1 4 -0.0353023 0.0293447
2.1 1.194 1 1 4.5 -0.0384789 0.0335945
2.1 1.194 1 1 5 -0.0414179 0.0349081
2.1 1.194 1 1 5.5 -0.0422496 0.0372174

2.2 1.194 1 1 0 0.0705893 0.000802267
2.2 1.194 1 1 0.5 0.0407455 0.0084432
2.2 1.194 1 1 1 0.0170295 0.0133805
2.2 1.194 1 1 1.5 -0.000412894 0.016513
2.2 1.194 1 1 2 -0.00961662 0.0205779
2.2 1.194 1 1 2.5 -0.0210248 0.0230562
2.2 1.194 1 1 3 -0.0246064 0.0243789
2.2 1.194 1 1 3.5 -0.0316071 0.0280619
2.2 1.194 1 1 4 -0.0354419 0.0297398
2.2 1.194 1 1 4.5 -0.037404 0.0325406
2.2 1.194 1 1 5 -0.0413544 0.0347726
2.2 1.194 1 1 5.5 -0.04248 0.0375889

2.3 1.194 1 1 0 0.0683794 0.000813458
2.3 1.194 1 1 0.5 0.0401834 0.00801108
2.3 1.194 1 1 1 0.0159512 0.0125897
2.3 1.194 1 1 1.5 0.000607966 0.0167291
2.3 1.194 1 1 2 -0.0105827 0.0196855
2.3 1.194 1 1 2.5 -0.0200966 0.0221441
2.3 1.194 1 1 3 -0.0252716 0.0245061
2.3 1.194 1 1 3.5 -0.0306921 0.0275597
2.3 1.194 1 1 4 -0.0329665 0.0295676
2.3 1.194 1 1 4.5 -0.037105 0.0314591
2.3 1.194 1 1 5 -0.0377967 0.0321941
2.3 1.194 1 1 5.5 -0.0442171 0.037365

2.4 1.194 1 1 0 0.0663228 0.000791473
2.4 1.194 1 1 0.5 0.0395828 0.0079739
2.4 1.194 1 1 1 0.0164385 0.0118835
2.4 1.194 1 1 1.5 0.000729656 0.0158989
2.4 1.194 1 1 2 -0.0100087 0.0187365
2.4 1.194 1 1 2.5 -0.0183009 0.0222806
2.4 1.194 1 1 3 -0.0254161 0.0245385
2.4 1.194 1 1 3.5 -0.0293307 0.0273773
2.4 1.194 1 1 4 -0.0330442 0.0291084
2.4 1.194 1 1 4.5 -0.0376421 0.0319897
2.4 1.194 1 1 5 -0.0401293 0.0325298
2.4 1.194 1 1 5.5 -0.040231 0.0343894

2.5 1.194 1 1 0 0.0643884 0.000786676
2.5 1.194 1 1 0.5 0.0393549 0.00774554
2.5 1.194 1 1 1 0.0178749 0.0117593
2.5 1.194 1 1 1.5 0.00132896 0.0149005
2.5 1.194 1 1 2 -0.00973315 0.0178909
2.5 1.194 1 1 2.5 -0.0187418 0.021147
2.5 1.194 1 1 3 -0.0241244 0.0245435
2.5 1.194 1 1 3.5 -0.0300615 0.0262887
2.5 1.194 1 1 4 -0.0351202 0.0290624
2.5 1.194 1 1 4.5 -0.0375802 0.0312008
2.5 1.194 1 1 5 -0.0394948 0.0326403
2.5 1.194 1 1 5.5 -0.0427037 0.0323856

2.6 1.194 1 1 0 0.062578 0.00079837
2.6 1.194 1 1 0.5 0.0389953 0.00752026
2.6 1.194 1 1 1 0.0175342 0.0117072
2.6 1.194 1 1 1.5 0.00119362 0.0148985
2.6 1.194 1 1 2 -0.0101064 0.0174023
2.6 1.194 1 1 2.5 -0.0172223 0.0210452
2.6 1.194 1 1 3 -0.023773 0.0221463
2.6 1.194 1 1 3.5 -0.0295305 0.0254033
2.6 1.194 1 1 4 -0.0320973 0.0267622
2.6 1.194 1 1 4.5 -0.0378851 0.0291665
2.6 1.194 1 1 5 -0.0386181 0.0314915
2.6 1.194 1 1 5.5 -0.0433067 0.0333693

2.7 1.194 1 1 0 0.0608663 0.000778199
2.7 1.194 1 1 0.5 0.038539 0.00703702
2.7 1.194 1 1 1 0.0182131 0.0107971
2.7 1.194 1 1 1.5 0.00233443 0.0137038
2.7 1.194 1 1 2 -0.00797187 0.0173202
2.7 1.194 1 1 2.5 -0.0170117 0.0203132
2.7 1.194 1 1 3 -0.021834 0.0223421
2.7 1.194 1 1 3.5 -0.027759 0.0255989
2.7 1.194 1 1 4 -0.0332308 0.0278407
2.7 1.194 1 1 4.5 -0.0359417 0.0290052
2.7 1.194 1 1 5 -0.0404966 0.0318028
2.7 1.194 1 1 5.5 -0.0425539 0.0318421

2.8 1.194 1 1 0 0.0592584 0.00080983
2.8 1.194 1 1 0.5 0.0381315 0.00718984
2.8 1.194 1 1 1 0.0180651 0.0108192
2.8 1.194 1 1 1.5 0.00353367 0.0134478
2.8 1.194 1 1 2 -0.00733871 0.0164247
2.8 1.194 1 1 2.5 -0.0166002 0.0192021
2.8 1.194 1 1 3 -0.0223868 0.0224961
2.8 1.194 1 1 3.5 -0.0278036 0.0236803
2.8 1.194 1 1 4 -0.0324169 0.0264906
2.8 1.194 1 1 4.5 -0.0357292 0.0295265
2.8 1.194 1 1 5 -0.0410231 0.0319385
2.8 1.194 1 1 5.5 -0.0421311 0.0322096

2.9 1.194 1 1 0 0.057712 0.000800797
2.9 1.194 1 1 0.5 0.0372309 0.00692818
2.9 1.194 1 1 1 0.0178532 0.0101563
2.9 1.194 1 1 1.5 0.00378716 0.0129922
2.9 1.194 1 1 2 -0.00710369 0.01697
2.9 1.194 1 1 2.5 -0.0155755 0.0188306
2.9 1.194 1 1 3 -0.0225359 0.0220485
2.9 1.194 1 1 3.5 -0.02772 0.0236873
2.9 1.194 1 1 4 -0.0324043 0.0264894
2.9 1.194 1 1 4.5 -0.0360627 0.028297
2.9 1.194 1 1 5 -0.0380669 0.0279892
2.9 1.194 1 1 5.5 -0.0416571 0.0319213

3 1.194 1 1 0 0.0561942 0.00083111
3 1.194 1 1 0.5 0.0373874 0.00653667
3 1.194 1 1 1 0.0179445 0.0105095
3 1.194 1 1 1.5 0.00354814 0.013775
3 1.194 1 1 2 -0.0057495 0.0163571
3 1.194 1 1 2.5 -0.0149683 0.0199272
3 1.194 1 1 3 -0.0221934 0.0206008
3 1.194 1 1 3.5 -0.026779 0.0223338
3 1.194 1 1 4 -0.0308211 0.0257843
3 1.194 1 1 4.5 -0.0354997 0.0274575
3 1.194 1 1 5 -0.0369378 0.0286409
3 1.194 1 1 5.5 -0.041664 0.031215

3.1 1.194 1 1 0 0.0548071 0.000789041
3.1 1.194 1 1 0.5 0.0370027 0.00650311
3.1 1.194 1 1 1 0.0182522 0.0100233
3.1 1.194 1 1 1.5 0.00419696 0.0124207
3.1 1.194 1 1 2 -0.00661541 0.0157536
3.1 1.194 1 1 2.5 -0.0141892 0.0179484
3.1 1.194 1 1 3 -0.0208778 0.0209272
3.1 1.194 1 1 3.5 -0.0269578 0.0226954
3.1 1.194 1 1 4 -0.0305447 0.0249782
3.1 1.194 1 1 4.5 -0.0347662 0.0275213
3.1 1.194 1 1 5 -0.0366292 0.0282043
3.1 1.194 1 1 5.5 -0.0393162 0.0301998

3.2 1.194 1 1 0 0.0534916 0.000824156
3.2 1.194 1 1 0.5 0.0360346 0.00624837
3.2 1.194 1 1 1 0.0182016 0.00962635
3.2 1.194 1 1 1.5 0.00494527 0.0129508
3.2 1.194 1 1 2 -0.00574672 0.0152826
3.2 1.194 1 1 2.5 -0.0142091 0.0181741
3.2 1.194 1 1 3 -0.0205858 0.0200739
3.2 1.194 1 1 3.5 -0.0265336 0.0230904
3.2 1.194 1 1 4 -0.0313269 0.0248368
3.2 1.194 1 1 4.5 -0.0345642 0.0260384
3.2 1.194 1 1 5 -0.0375133 0.0287686
3.2 1.194 1 1 5.5 -0.0390094 0.0299592

3.3 1.194 1 1 0 0.052197 0.000832103
3.3 1.194 1 1 0.5 0.0356173 0.00609941
3.3 1.194 1 1 1 0.0185817 0.00979895
3.3 1.194 1 1 1.5 0.00550409 0.0122355
3.3 1.194 1 1 2 -0.00537165 0.0154857
3.3 1.194 1 1 2.5 -0.0138661 0.0175967
3.3 1.194 1 1 3 -0.0192672 0.0196567
3.3 1.194 1 1 3.5 -0.0252636 0.0216441
3.3 1.194 1 1 4 -0.0274587 0.0242352
3.3 1.194 1 1 4.5 -0.0326771 0.0255447
3.3 1.194 1 1 5 -0.0365563 0.0271495
3.3 1.194 1 1 5.5 -0.0397062 0.029064

3.4 1.194 1 1 0 0.0510066 0.000823557
3.4 1.194 1 1 0.5 0.0349427 0.00609559
3.4 1.194 1 1 1 0.0190057 0.00956761
3.4 1.194 1 1 1.5 0.00510898 0.0125647
3.4 1.194 1 1 2 -0.00466484 0.0154042
3.4 1.194 1 1 2.5 -0.0128702 0.0173212
3.4 1.194 1 1 3 -0.0184297 0.0194233
3.4 1.194 1 1 3.5 -0.0243944 0.0218344
3.4 1.194 1 1 4 -0.0289926 0.0237616
3.4 1.194 1 1 4.5 -0.0326552 0.0257294
3.4 1.194 1 1 5 -0.0353675 0.0272925
3.4 1.194 1 1 5.5 -0.0389887 0.0281272

3.5 1.194 1 1 0 0.0499205 0.000807911
3.5 1.194 1 1 0.5 0.034398 0.00575511
3.5 1.194 1 1 1 0.0186462 0.00945485
3.5 1.194 1 1 1.5 0.00584089 0.0115821
3.5 1.194 1 1 2 -0.0037961 0.0139763
3.5 1.194 1 1 2.5 -0.0116408 0.0169836
3.5 1.194 1 1 3 -0.0191946 0.0192794
3.5 1.194 1 1 3.5 -0.0233122 0.0207191
3.5 1.194 1 1 4 -0.0275197 0.022913
3.5 1.194 1 1 4.5 -0.0321291 0.0241877
3.5 1.194 1 1 5 -0.0347289 0.0282853
3.5 1.194 1 1 5.5 -0.0373665 0.0285533

3.6 1.194 1 1 0 0.0487388 0.000799932
3.6 1.194 1 1 0.5 0.0340657 0.00572799
3.6 1.194 1 1 1 0.0191986 0.00880112
3.6 1.194 1 1 1.5 0.00599998 0.011305
3.6 1.194 1 1 2 -0.00271528 0.0138403
3.6 1.194 1 1 2.5 -0.0105727 0.0166312
3.6 1.194 1 1 3 -0.016837 0.0188249
3.6 1.194 1 1 3.5 -0.0231836 0.0205658
3.6 1.194 1 1 4 -0.0273257 0.0219566
3.6 1.194 1 1 4.5 -0.0316016 0.024386
3.6 1.194 1 1 5 -0.0352525 0.0265926
3.6 1.194 1 1 5.5 -0.0382307 0.0291678

3.7 1.194 1 1 0 0.0477325 0.000827913
3.7 1.194 1 1 0.5 0.0337915 0.00585351
3.7 1.194 1 1 1 0.0193609 0.0086495
3.7 1.194 1 1 1.5 0.00685972 0.0112982
3.7 1.194 1 1 2 -0.0029493 0.0134509
3.7 1.194 1 1 2.5 -0.0112434 0.0164227
3.7 1.194 1 1 3 -0.0168724 0.0182462
3.7 1.194 1 1 3.5 -0.022246 0.0194636
3.7 1.194 1 1 4 -0.0266264 0.02296
3.7 1.194 1 1 4.5 -0.0315932 0.0241326
3.7 1.194 1 1 5 -0.0337585 0.0264857
3.7 1.194 1 1 5.5 -0.0373809 0.0270094

3.8 1.194 1 1 0 0.0467082 0.000836034
3.8 1.194 1 1 0.5 0.0334781 0.00556854
3.8 1.194 1 1 1 0.018744 0.00840745
3.8 1.194 1 1 1.5 0.00708891 0.0113671
3.8 1.194 1 1 2 -0.00170941 0.0137508
3.8 1.194 1 1 2.5 -0.0100514 0.0160996
3.8 1.194 1 1 3 -0.0156748 0.0184121
3.8 1.194 1 1 3.5 -0.0206073 0.0207822
3.8 1.194 1 1 4 -0.026757 0.0219426
3.8 1.194 1 1 4.5 -0.0304564 0.0236251
3.8 1.194 1 1 5 -0.0333265 0.0250516
3.8 1.194 1 1 5.5 -0.0359848 0.0273517

3.9 1.194 1 1 0 0.0457623 0.00084287
3.9 1.194 1 1 0.5 0.0328787 0.00543128
3.9 1.194 1 1 1 0.0188161 0.00804401
3.9 1.194 1 1 1.5 0.00768508 0.0105977
3.9 1.194 1 1 2 -0.00248838 0.0135999
3.9 1.194 1 1 2.5 -0.0093634 0.0151707
3.9 1.194 1 1 3 -0.0159875 0.0175516
3.9 1.194 1 1 3.5 -0.019743 0.0202412
3.9 1.194 1 1 4 -0.0257614 0.022052
3.9 1.194 1 1 4.5 -0.0294552 0.0228497
3.9 1.194 1 1 5 -0.0345682 0.0267659
3.9 1.194 1 1 5.5 -0.0346147 0.0265632

4 1.194 1 1 0 0.0448806 0.00083242
4 1.194 1 1 0.5 0.0321981 0.0053811
4 1.194 1 1 1 0.0190386 0.00798883
4 1.194 1 1 1.5 0.0072283 0.0107175
4 1.194 1 1 2 -0.000437015 0.0126993
4 1.194 1 1 2.5 -0.0090735 0.014938
4 1.194 1 1 3 -0.0148765 0.0175086
4 1.194 1 1 3.5 -0.0213295 0.019384
4 1.194 1 1 4 -0.0244715 0.0209361
4 1.194 1 1 4.5 -0.029221 0.0232115
4 1.194 1 1 5 -0.0313038 0.0245805
4 1.194 1 1 5.5 -0.034812 0.0256018

4.1 1.194 1 1 0 0.0439417 0.000827032
4.1 1.194 1 1 0.5 0.0318543 0.00533209
4.1 1.194 1 1 1 0.0191046 0.00793384
4.1 1.194 1 1 1.5 0.00802696 0.0101497
4.1 1.194 1 1 2 -0.00106386 0.0128643
4.1 1.194 1 1 2.5 -0.00768932 0.0147505
4.1 1.194 1 1 3 -0.0156038 0.0171607
4.1 1.194 1 1 3.5 -0.0210659 0.0189531
4.1 1.194 1 1 4 -0.0237801 0.020987
4.1 1.194 1 1 4.5 -0.0280035 0.0224739
4.1 1.194 1 1 5 -0.031713 0.0248045
4.1 1.194 1 1 5.5 -0.0345111 0.0268288

4.2 1.194 1 1 0 0.043023 0.000832636
4.2 1.194 1 1 0.5 0.031538 0.00521348
4.2 1.194 1 1 1 0.0194715 0.00780268
4.2 1.194 1 1 1.5 0.00828048 0.0101131
4.2 1.194 1 1 2 -0.000988592 0.0125644
4.2 1.194 1 1 2.5 -0.00805344 0.0149361
4.2 1.194 1 1 3 -0.0136959 0.0169113
4.2 1.194 1 1 3.5 -0.0190421 0.0183885
4.2 1.194 1 1 4 -0.024635 0.0206856
4.2 1.194 1 1 4.5 -0.0275884 0.0215775
4.2 1.194 1 1 5 -0.0298056 0.0237799
4.2 1.194 1 1 5.5 -0.0337713 0.0250138

4.3 1.194 1 1 0 0.0422732 0.000808648
4.3 1.194 1 1 0.5 0.0312286 0.00489279
4.3 1.194 1 1 1 0.0190149 0.00763526
4.3 1.194 1 1 1.5 0.00802561 0.0103087
4.3 1.194 1 1 2 -0.000292606 0.0119739
4.3 1.194 1 1 2.5 -0.00852424 0.0143587
4.3 1.194 1 1 3 -0.0127449 0.0157506
4.3 1.194 1 1 3.5 -0.017589 0.0185372
4.3 1.194 1 1 4 -0.0226789 0.020503
4.3 1.194 1 1 4.5 -0.0269639 0.0222419
4.3 1.194 1 1 5 -0.0302825 0.0226008
4.3 1.194 1 1 5.5 -0.0335585 0.0255519

4.4 1.194 1 1 0 0.0414799 0.000867532
4.4 1.194 1 1 0.5 0.0307337 0.00496734
4.4 1.194 1 1 1 0.0193508 0.00754185
4.4 1.194 1 1 1.5 0.00833502 0.0101414
4.4 1.194 1 1 2 -6.26402e-05 0.0121762
4.4 1.194 1 1 2.5 -0.00736862 0.0136516
4.4 1.194 1 1 3 -0.0124187 0.0160336
4.4 1.194 1 1 3.5 -0.0183416 0.0174589
4.4 1.194 1 1 4 -0.0237017 0.0202313
4.4 1.194 1 1 4.5 -0.0273231 0.0210637
4.4 1.194 1 1 5 -0.028013 0.0225117
4.4 1.194 1 1 5.5 -0.0307654 0.0250744

4.5 1.194 1 1 0 0.040676 0.000829729
4.5 1.194 1 1 0.5 0.0303533 0.00484572
4.5 1.194 1 1 1 0.0192237 0.00759097
4.5 1.194 1 1 1.5 0.00915748 0.00951589
4.5 1.194 1 1 2 0.000752465 0.01199
4.5 1.194 1 1 2.5 -0.00581198 0.0135402
4.5 1.194 1 1 3 -0.012551 0.0155493
4.5 1.194 1 1 3.5 -0.0171798 0.0180892
4.5 1.194 1 1 4 -0.0226511 0.0188389
4.5 1.194 1 1 4.5 -0.0262461 0.0212823
4.5 1.194 1 1 5 -0.0292629 0.0224142
4.5 1.194 1 1 5.5 -0.0334703 0.0246246

4.6 1.194 1 1 0 0.0400605 0.000833586
4.6 1.194 1 1 0.5 0.0297825 0.00485295
4.6 1.194 1 1 1 0.0190147 0.00744182
4.6 1.194 1 1 1.5 0.0100633 0.00918717
4.6 1.194 1 1 2 0.000845357 0.0116083
4.6 1.194 1 1 2.5 -0.0059648 0.0136448
4.6 1.194 1 1 3 -0.0109222 0.0161255
4.6 1.194 1 1 3.5 -0.016923 0.0188943
4.6 1.194 1 1 4 -0.0211442 0.0201963
4.6 1.194 1 1 4.5 -0.0240413 0.0208049
4.6 1.194 1 1 5 -0.0281779 0.0230495
4.6 1.194 1 1 5.5 -0.0290795 0.023747

4.7 1.194 1 1 0 0.0393019 0.000863931
4.7 1.194 1 1 0.5 0.0294148 0.00465299
4.7 1.194 1 1 1 0.0189204 0.00713685
4.7 1.194 1 1 1.5 0.00928007 0.0093684
4.7 1.194 1 1 2 0.000800035 0.0116866
4.7 1.194 1 1 2.5 -0.00547322 0.0137415
4.7 1.194 1 1 3 -0.0113129 0.0159475
4.7 1.194 1 1 3.5 -0.0164293 0.0172874
4.7 1.194 1 1 4 -0.0210125 0.0193285
4.7 1.194 1 1 4.5 -0.0244372 0.0198127
4.7 1.194 1 1 5 -0.0275043 0.0218881
4.7 1.194 1 1 5.5 -0.0306208 0.024576

4.8 1.194 1 1 0 0.0385845 0.000872302
4.8 1.194 1 1 0.5 0.0294498 0.00464845
4.8 1.194 1 1 1 0.0189692 0.00704932
4.8 1.194 1 1 1.5 0.00946955 0.00905438
4.8 1.194 1 1 2 0.00146568 0.0120155
4.8 1.194 1 1 2.5 -0.00459195 0.0124266
4.8 1.194 1 1 3 -0.0104344 0.015584
4.8 1.194 1 1 3.5 -0.0154307 0.0172081
4.8 1.194 1 1 4 -0.0210004 0.0187934
4.8 1.194 1 1 4.5 -0.0236074 0.0207995
4.8 1.194 1 1 5 -0.0272108 0.021577
4.8 1.194 1 1 5.5 -0.0287236 0.0226127

4.9 1.194 1 1 0 0.0379179 0.000884054
4.9 1.194 1 1 0.5 0.0288727 0.0045782
4.9 1.194 1 1 1 0.0191765 0.00685758
4.9 1.194 1 1 1.5 0.00947719 0.00932065
4.9 1.194 1 1 2 0.0019045 0.0106431
4.9 1.194 1 1 2.5 -0.00499744 0.0128365
4.9 1.194 1 1 3 -0.0105643 0.0152156
4.9 1.194 1 1 3.5 -0.0159697 0.0168534
4.9 1.194 1 1 4 -0.0190912 0.0186449
4.9 1.194 1 1 4.5 -0.0226718 0.0198329
4.9 1.194 1 1 5 -0.0273495 0.0225521
4.9 1.194 1 1 5.5 -0.0275676 0.0235144

5 1.194 1 1 0 0.0372881 0.000885471
5 1.194 1 1 0.5 0.0283055 0.00457359
5 1.194 1 1 1 0.0188408 0.0067069
5 1.194 1 1 1.5 0.00971502 0.00889924
5 1.194 1 1 2 0.00110818 0.010804
5 1.194 1 1 2.5 -0.00435374 0.012804
5 1.194 1 1 3 -0.011111 0.0143299
5 1.194 1 1 3.5 -0.0138326 0.016721
5 1.194 1 1 4 -0.0194137 0.0180435
5 1.194 1 1 4.5 -0.0219941 0.0189786
5 1.194 1 1 5 -0.0259747 0.0213322
5 1.194 1 1 5.5 -0.0277946 0.0222036

5.1 1.194 1 1 0 0.0366874 0.000895758
5.1 1.194 1 1 0.5 0.0281211 0.00449573
5.1 1.194 1 1 1 0.0186336 0.00682388
5.1 1.194 1 1 1.5 0.0104136 0.00876493
5.1 1.194 1 1 2 0.00269137 0.0104194
5.1 1.194 1 1 2.5 -0.00389207 0.0123023
5.1 1.194 1 1 3 -0.008574 0.0142627
5.1 1.194 1 1 3.5 -0.0141908 0.0162399
5.1 1.194 1 1 4 -0.0188189 0.018114
5.1 1.194 1 1 4.5 -0.0207577 0.0190398
5.1 1.194 1 1 5 -0.0250877 0.0211343
5.1 1.194 1 1 5.5 -0.0289392 0.0219986

5.2 1.194 1 1 0 0.036086 0.000849825
5.2 1.194 1 1 0.5 0.0277927 0.00462626
5.2 1.194 1 1 1 0.0187479 0.00643368
5.2 1.194 1 1 1.5 0.0105325 0.00837151
5.2 1.194 1 1 2 0.00277116 0.0107754
5.2 1.194 1 1 2.5 -0.00318759 0.0124826
5.2 1.194 1 1 3 -0.0092164 0.014196
5.2 1.194 1 1 3.5 -0.0135631 0.0155974
5.2 1.194 1 1 4 -0.0176801 0.0169773
5.2 1.194 1 1 4.5 -0.0203552 0.0184132
5.2 1.194 1 1 5 -0.0245426 0.020833
5.2 1.194 1 1 5.5 -0.0276881 0.0209527

5.3 1.194 1 1 0 0.035565 0.000862273
5.3 1.194 1 1 0.5 0.0275057 0.00421132
5.3 1.194 1 1 1 0.0180713 0.00665495
5.3 1.194 1 1 1.5 0.00954575 0.00843116
5.3 1.194 1 1 2 0.00295197 0.0103346
5.3 1.194 1 1 2.5 -0.00273505 0.0116314
5.3 1.194 1 1 3 -0.00862655 0.0143446
5.3 1.194 1 1 3.5 -0.0127953 0.0152475
5.3 1.194 1 1 4 -0.0175775 0.017739
5.3 1.194 1 1 4.5 -0.0211147 0.0188947
5.3 1.194 1 1 5 -0.025355 0.0197167
5.3 1.194 1 1 5.5 -0.027269 0.0226518

5.4 1.194 1 1 0 0.0349269 0.000899683
5.4 1.194 1 1 0.5 0.0268845 0.00406
5.4 1.194 1 1 1 0.018465 0.00660034
5.4 1.194 1 1 1.5 0.0105009 0.00810207
5.4 1.194 1 1 2 0.00357924 0.0100276
5.4 1.194 1 1 2.5 -0.00281002 0.0115541
5.4 1.194 1 1 3 -0.00802849 0.0138123
5.4 1.194 1 1 3.5 -0.0138092 0.0154495
5.4 1.194 1 1 4 -0.0173902 0.0171582
5.4 1.194 1 1 4.5 -0.0212938 0.0187457
5.4 1.194 1 1 5 -0.0230449 0.0199989
5.4 1.194 1 1 5.5 -0.026726 0.0217621

5.5 1.194 1 1 0 0.0344159 0.000845128
5.5 1.194 1 1 0.5 0.0268869 0.00426221
5.5 1.194 1 1 1 0.0184718 0.00627674
5.5 1.194 1 1 1.5 0.0106878 0.00819121
5.5 1.194 1 1 2 0.00350499 0.00986952
5.5 1.194 1 1 2.5 -0.00281419 0.0120601
5.5 1.194 1 1 3 -0.00671397 0.0132651
5.5 1.194 1 1 3.5 -0.0124705 0.014964
5.5 1.194 1 1 4 -0.0167801 0.0171828
5.5 1.194 1 1 4.5 -0.0212194 0.0181476
5.5 1.194 1 1 5 -0.022149 0.0195575
5.5 1.194 1 1 5.5 -0.0264235 0.0208299

5.6 1.194 1 1 0 0.0338767 0.000901421
5.6 1.194 1 1 0.5 0.0261779 0.00397878
5.6 1.194 1 1 1 0.0185036 0.0061083
5.6 1.194 1 1 1.5 0.0109632 0.00789331
5.6 1.194 1 1 2 0.00398326 0.00963523
5.6 1.194 1 1 2.5 -0.00174341 0.0113569
5.6 1.194 1 1 3 -0.00774489 0.0135355
5.6 1.194 1 1 3.5 -0.0117878 0.0151042
5.6 1.194 1 1 4 -0.0161342 0.0166634
5.6 1.194 1 1 4.5 -0.0192643 0.018236
5.6 1.194 1 1 5 -0.0226898 0.0191302
5.6 1.194 1 1 5.5 -0.0252934 0.0214462

5.7 1.194 1 1 0 0.0334074 0.000855941
5.7 1.194 1 1 0.5 0.0260458 0.00421167
5.7 1.194 1 1 1 0.0180627 0.00635462
5.7 1.194 1 1 1.5 0.0107841 0.0076876
5.7 1.194 1 1 2 0.0041916 0.00973747
5.7 1.194 1 1 2.5 -0.00163004 0.0116483
5.7 1.194 1 1 3 -0.00720366 0.013474
5.7 1.194 1 1 3.5 -0.011556 0.0146525
5.7 1.194 1 1 4 -0.0146185 0.016902
5.7 1.194 1 1 4.5 -0.0179392 0.0175597
5.7 1.194 1 1 5 -0.0225338 0.0192784
5.7 1.194 1 1 5.5 -0.0241553 0.0202368

5.8 1.194 1 1 0 0.0328468 0.000890445
5.8 1.194 1 1 0.5 0.0255583 0.00402236
5.8 1.194 1 1 1 0.017902 0.00593065
5.8 1.194 1 1 1.5 0.0101719 0.0076793
5.8 1.194 1 1 2 0.00410476 0.0094137
5.8 1.194 1 1 2.5 -0.00224911 0.0113165
5.8 1.194 1 1 3 -0.00603937 0.0128699
5.8 1.194 1 1 3.5 -0.0112056 0.0139141
5.8 1.194 1 1 4 -0.0152471 0.016651
5.8 1.194 1 1 4.5 -0.0177316 0.017554
5.8 1.194 1 1 5 -0.0217663 0.0196416
5.8 1.194 1 1 5.5 -0.0242933 0.0207927

5.9 1.194 1 1 0 0.0324076 0.000896756
5.9 1.194 1 1 0.5 0.0254581 0.00398837
5.9 1.194 1 1 1 0.0180267 0.00594762
5.9 1.194 1 1 1.5 0.0104587 0.00774791
5.9 1.194 1 1 2 0.00416462 0.00958078
5.9 1.194 1 1 2.5 -0.000671615 0.0112367
5.9 1.194 1 1 3 -0.00711741 0.0125569
5.9 1.194 1 1 3.5 -0.0107146 0.0141378
5.9 1.194 1 1 4 -0.0148483 0.0160015
5.9 1.194 1 1 4.5 -0.017646 0.0173971
5.9 1.194 1 1 5 -0.021434 0.0187763
5.9 1.194 1 1 5.5 -0.02373 0.0189416

6 1.194 1 1 0 0.0318881 0.000918598
6 1.194 1 1 0.5 0.0252878 0.00393755
6 1.194 1 1 1 0.0177153 0.00582129
6 1.194 1 1 1.5 0.0110139 0.00742516
6 1.194 1 1 2 0.00494286 0.00949504
6 1.194 1 1 2.5 -0.00117157 0.0112704
6 1.194 1 1 3 -0.00532869 0.012314
6 1.194 1 1 3.5 -0.00997963 0.0138626
6 1.194 1 1 4 -0.01502 0.0149982
6 1.194 1 1 4.5 -0.0171939 0.0166818
6 1.194 1 1 5 -0.0206241 0.0187555
6 1.194 1 1 5.5 -0.0233558 0.0195305

6.1 1.194 1 1 0 0.0314674 0.000880794
6.1 1.194 1 1 0.5 0.0248625 0.00397054
6.1 1.194 1 1 1 0.0180135 0.00570634
6.1 1.194 1 1 1.5 0.0110303 0.00719109
6.1 1.194 1 1 2 0.00476493 0.00909431
6.1 1.194 1 1 2.5 -0.000875024 0.0107901
6.1 1.194 1 1 3 -0.00616947 0.0125479
6.1 1.194 1 1 3.5 -0.00950691 0.0139322
6.1 1.194 1 1 4 -0.0136158 0.0152715
6.1 1.194 1 1 4.5 -0.0170503 0.0174365
6.1 1.194 1 1 5 -0.0188139 0.0181029
6.1 1.194 1 1 5.5 -0.0224201 0.0196797

6.2 1.194 1 1 0 0.0310456 0.000895572
6.2 1.194 1 1 0.5 0.0247436 0.00373871
6.2 1.194 1 1 1 0.017773 0.00561091
6.2 1.194 1 1 1.5 0.0110708 0.00756989
6.2 1.194 1 1 2 0.00457183 0.00883755
6.2 1.194 1 1 2.5 -0.00101304 0.0108745
6.2 1.194 1 1 3 -0.00553225 0.0120827
6.2 1.194 1 1 3.5 -0.00989414 0.0143181
6.2 1.194 1 1 4 -0.0130752 0.0153634
6.2 1.194 1 1 4.5 -0.0157737 0.0162808
6.2 1.194 1 1 5 -0.0196517 0.0180987
6.2 1.194 1 1 5.5 -0.0221954 0.0199537

6.3 1.194 1 1 0 0.0306361 0.000880824
6.3 1.194 1 1 0.5 0.0243259 0.00378619
6.3 1.194 1 1 1 0.0177555 0.00558524
6.3 1.194 1 1 1.5 0.0108055 0.00716849
6.3 1.194 1 1 2 0.00527883 0.0088303
6.3 1.194 1 1 2.5 -0.000313324 0.0105451
6.3 1.194 1 1 3 -0.00439713 0.0118565
6.3 1.194 1 1 3.5 -0.00983106 0.0136725
6.3 1.194 1 1 4 -0.0131594 0.01539
6.3 1.194 1 1 4.5 -0.0162289 0.0160008
6.3 1.194 1 1 5 -0.0184531 0.0178046
6.3 1.194 1 1 5.5 -0.0221058 0.0194725

6.4 1.194 1 1 0 0.0301851 0.000885192
6.4 1.194 1 1 0.5 0.0243612 0.00367059
6.4 1.194 1 1 1 0.0173712 0.00563476
6.4 1.194 1 1 1.5 0.010898 0.00727597
6.4 1.194 1 1 2 0.00426937 0.00861709
6.4 1.194 1 1 2.5 -0.000516751 0.0100628
6.4 1.194 1 1 3 -0.0041594 0.0115176
6.4 1.194 1 1 3.5 -0.00928361 0.0133803
6.4 1.194 1 1 4 -0.0121065 0.0147481
6.4 1.194 1 1 4.5 -0.0156432 0.0159758
6.4 1.194 1 1 5 -0.0184963 0.0179783
6.4 1.194 1 1 5.5 -0.0222038 0.0190878

6.5 1.194 1 1 0 0.0297618 0.000877461
6.5 1.194 1 1 0.5 0.0235341 0.00351859
6.5 1.194 1 1 1 0.0172576 0.00532845
6.5 1.194 1 1 1.5 0.0110538 0.00697041
6.5 1.194 1 1 2 0.00564052 0.00841887
6.5 1.194 1 1 2.5 0.000476457 0.0100417
6.5 1.194 1 1 3 -0.00482692 0.0113358
6.5 1.194 1 1 3.5 -0.00774326 0.0129656
6.5 1.194 1 1 4 -0.0122019 0.0147544
6.5 1.194 1 1 4.5 -0.014688 0.0156914
6.5 1.194 1 1 5 -0.0189697 0.0178677
6.5 1.194 1 1 5.5 -0.0220897 0.018653

6.6 1.194 1 1 0 0.0294068 0.000875531
6.6 1.194 1 1 0.5 0.0236425 0.00356312
6.6 1.194 1 1 1 0.0169527 0.00549202
6.6 1.194 1 1 1.5 0.0112381 0.00720782
6.6 1.194 1 1 2 0.0051683 0.00844456
6.6 1.194 1 1 2.5 0.00021632 0.0099437
6.6 1.194 1 1 3 -0.00385165 0.0114356
6.6 1.194 1 1 3.5 -0.0080451 0.0125193
6.6 1.194 1 1 4 -0.011624 0.0143948
6.6 1.194 1 1 4.5 -0.0144849 0.0156808
6.6 1.194 1 1 5 -0.0178918 0.0175222
6.6 1.194 1 1 5.5 -0.020612 0.0185389

6.7 1.194 1 1 0 0.0290352 0.000879913
6.7 1.194 1 1 0.5 0.0233669 0.00338749
6.7 1.194 1 1 1 0.0169893 0.0053766
6.7 1.194 1 1 1.5 0.0109392 0.00686124
6.7 1.194 1 1 2 0.00570113 0.00824593
6.7 1.194 1 1 2.5 0.000336817 0.00985106
6.7 1.194 1 1 3 -0.00396539 0.0112268
6.7 1.194 1 1 3.5 -0.00741896 0.0128165
6.7 1.194 1 1 4 -0.0109749 0.0135522
6.7 1.194 1 1 4.5 -0.0145614 0.0158518
6.7 1.194 1 1 5 -0.0170145 0.0170239
6.7 1.194 1 1 5.5 -0.0195401 0.0187857

6.8 1.194 1 1 0 0.0286683 0.00095144
6.8 1.194 1 1 0.5 0.0230897 0.00348679
6.8 1.194 1 1 1 0.0170595 0.00538172
6.8 1.194 1 1 1.5 0.0109694 0.00694594
6.8 1.194 1 1 2 0.00573992 0.00832582
6.8 1.194 1 1 2.5 0.000659817 0.0098667
6.8 1.194 1 1 3 -0.0034214 0.0116514
6.8 1.194 1 1 3.5 -0.00838077 0.0124926
6.8 1.194 1 1 4 -0.0111795 0.0145511
6.8 1.194 1 1 4.5 -0.0142074 0.0147488
6.8 1.194 1 1 5 -0.0178694 0.0161541
6.8 1.194 1 1 5.5 -0.0190878 0.018127

6.9 1.194 1 1 0 0.0283704 0.000870175
6.9 1.194 1 1 0.5 0.0228333 0.00344488
6.9 1.194 1 1 1 0.0168956 0.00518773
6.9 1.194 1 1 1.5 0.0109724 0.00698843
6.9 1.194 1 1 2 0.0057341 0.00842726
6.9 1.194 1 1 2.5 0.00107026 0.00978909
6.9 1.194 1 1 3 -0.00326631 0.011014
6.9 1.194 1 1 3.5 -0.0072214 0.0125966
6.9 1.194 1 1 4 -0.0107514 0.0133134
6.9 1.194 1 1 4.5 -0.0139399 0.0148956
6.9 1.194 1 1 5 -0.0158453 0.0160683
6.9 1.194 1 1 5.5 -0.019151 0.0172616

7 1.194 1 1 0 0.0280182 0.00101852
7 1.194 1 1 0.5 0.0228377 0.00357166
7 1.194 1 1 1 0.0168039 0.00531067
7 1.194 1 1 1.5 0.0110345 0.00671591
7 1.194 1 1 2 0.00588213 0.00836415
7 1.194 1 1 2.5 0.00096589 0.00939132
7 1.194 1 1 3 -0.00365226 0.010874
7 1.194 1 1 3.5 -0.00693745 0.0124942
7 1.194 1 1 4 -0.0102223 0.012726
7 1.194 1 1 4.5 -0.014005 0.0142969
7 1.194 1 1 5 -0.0169731 0.0165236
7 1.194 1 1 5.5 -0.019861 0.0168101

7.1 1.194 1 1 0 0.0277716 0.00117978
7.1 1.194 1 1 0.5 0.0227183 0.00336729
7.1 1.194 1 1 1 0.0162196 0.00520545
7.1 1.194 1 1 1.5 0.0111578 0.00646204
7.1 1.194 1 1 2 0.0061007 0.00839185
7.1 1.194 1 1 2.5 0.00105225 0.00936698
7.1 1.194 1 1 3 -0.00252867 0.0107973
7.1 1.194 1 1 3.5 -0.00633383 0.0116076
7.1 1.194 1 1 4 -0.0095207 0.0130324
7.1 1.194 1 1 4.5 -0.0137895 0.0145187
7.1 1.194 1 1 5 -0.0165883 0.0159512
7.1 1.194 1 1 5.5 -0.0179731 0.0168148

7.2 1.194 1 1 0 0.0274106 0.00120917
7.2 1.194 1 1 0.5 0.0220609 0.00335977
7.2 1.194 1 1 1 0.0165591 0.00493821
7.2 1.194 1 1 1.5 0.0109798 0.0064755
7.2 1.194 1 1 2 0.00613748 0.00774765
7.2 1.194 1 1 2.5 0.00144131 0.0093751
7.2 1.194 1 1 3 -0.00290197 0.0106696
7.2 1.194 1 1 3.5 -0.00669267 0.0119971
7.2 1.194 1 1 4 -0.0106257 0.0136524
7.2 1.194 1 1 4.5 -0.0140852 0.0148095
7.2 1.194 1 1 5 -0.015409 0.01558
7.2 1.194 1 1 5.5 -0.0179157 0.0164329

7.3 1.194 1 1 0 0.0272886 0.00162435
7.3 1.194 1 1 0.5 0.0219204 0.0033858
7.3 1.194 1 1 1 0.0163271 0.00491591
7.3 1.194 1 1 1.5 0.0112384 0.00633691
7.3 1.194 1 1 2 0.00606032 0.00784984
7.3 1.194 1 1 2.5 0.00112897 0.00908538
7.3 1.194 1 1 3 -0.0023338 0.0107236
7.3 1.194 1 1 3.5 -0.00523393 0.0116828
7.3 1.194 1 1 4 -0.00912967 0.0130426
7.3 1.194 1 1 4.5 -0.0126973 0.0144541
7.3 1.194 1 1 5 -0.0155605 0.0153864
7.3 1.194 1 1 5.5 -0.017969 0.0168501

7.4 1.194 1 1 0 0.0268978 0.00171808
7.4 1.194 1 1 0.5 0.0218341 0.0034465
7.4 1.194 1 1 1 0.0162826 0.00499222
7.4 1.194 1 1 1.5 0.0110875 0.00627932
7.4 1.194 1 1 2 0.00622855 0.00768835
7.4 1.194 1 1 2.5 0.000982768 0.00944012
7.4 1.194 1 1 3 -0.0024085 0.0103012
7.4 1.194 1 1 3.5 -0.00616346 0.0114705
7.4 1.194 1 1 4 -0.00908632 0.0130699
7.4 1.194 1 1 4.5 -0.0120003 0.0138628
7.4 1.194 1 1 5 -0.0152959 0.0154557
7.4 1.194 1 1 5.5 -0.0174481 0.0160565

7.5 1.194 1 1 0 0.0267537 0.00220333
7.5 1.194 1 1 0.5 0.0216494 0.00328893
7.5 1.194 1 1 1 0.0160833 0.00497777
7.5 1.194 1 1 1.5 0.0110985 0.00633642
7.5 1.194 1 1 2 0.00628298 0.00745183
7.5 1.194 1 1 2.5 0.00195793 0.00881025
7.5 1.194 1 1 3 -0.00207398 0.0102809
7.5 1.194 1 1 3.5 -0.00556895 0.0110366
7.5 1.194 1 1 4 -0.00887884 0.0122845
7.5 1.194 1 1 4.5 -0.0114164 0.0137006
7.5 1.194 1 1 5 -0.0134623 0.014501
7.5 1.194 1 1 5.5 -0.0166467 0.0157357

7.6 1.194 1 1 0 0.0265856 0.00257147
7.6 1.194 1 1 0.5 0.021419 0.00317836
7.6 1.194 1 1 1 0.0162038 0.00488652
7.6 1.194 1 1 1.5 0.0109931 0.00602462
7.6 1.194 1 1 2 0.0065989 0.00783786
7.6 1.194 1 1 2.5 0.0021235 0.00881412
7.6 1.194 1 1 3 -0.00171385 0.0104225
7.6 1.194 1 1 3.5 -0.00506757 0.0110571
7.6 1.194 1 1 4 -0.00856801 0.013411
7.6 1.194 1 1 4.5 -0.0115501 0.0134732
7.6 1.194 1 1 5 -0.0135639 0.0149517
7.6 1.194 1 1 5.5 -0.0170739 0.0158182

7.7 1.194 1 1 0 0.0263794 0.00276412
7.7 1.194 1 1 0.5 0.0209383 0.00342064
7.7 1.194 1 1 1 0.0161483 0.00461414
7.7 1.194 1 1 1.5 0.0108127 0.00629578
7.7 1.194 1 1 2 0.00653936 0.00732292
7.7 1.194 1 1 2.5 0.00212468 0.00849781
7.7 1.194 1 1 3 -0.00166949 0.00999082
7.7 1.194 1 1 3.5 -0.0054214 0.0115471
7.7 1.194 1 1 4 -0.00809832 0.0120319
7.7 1.194 1 1 4.5 -0.0121319 0.0139468
7.7 1.194 1 1 5 -0.0134238 0.0152024
7.7 1.194 1 1 5.5 -0.0165593 0.0158855

7.8 1.194 1 1 0 0.0263233 0.00391156
7.8 1.194 1 1 0.5 0.0207354 0.00329538
7.8 1.194 1 1 1 0.0157604 0.00494595
7.8 1.194 1 1 1.5 0.01081 0.00601191
7.8 1.194 1 1 2 0.0063847 0.00722655
7.8 1.194 1 1 2.5 0.00208268 0.00843619
7.8 1.194 1 1 3 -0.00132565 0.00974648
7.8 1.194 1 1 3.5 -0.00466513 0.011022
7.8 1.194 1 1 4 -0.00749603 0.0120306
7.8 1.194 1 1 4.5 -0.0105391 0.013403
7.8 1.194 1 1 5 -0.014315 0.0149692
7.8 1.194 1 1 5.5 -0.0168646 0.0162035

7.9 1.194 1 1 0 0.0261575 0.00416861
7.9 1.194 1 1 0.5 0.0205832 0.00325183
7.9 1.194 1 1 1 0.0157863 0.00477228
7.9 1.194 1 1 1.5 0.0110777 0.00576907
7.9 1.194 1 1 2 0.00640308 0.00734966
7.9 1.194 1 1 2.5 0.00261397 0.00864281
7.9 1.194 1 1 3 -0.00106093 0.00984577
7.9 1.194 1 1 3.5 -0.00469376 0.0110314
7.9 1.194 1 1 4 -0.00799768 0.0126403
7.9 1.194 1 1 4.5 -0.0110569 0.0138976
7.9 1.194 1 1 5 -0.0130877 0.015039
7.9 1.194 1 1 5.5 -0.0158714 0.0162608

8 1.194 1 1 0 0.0261759 0.00508715
8 1.194 1 1 0.5 0.0205451 0.00309835
8 1.194 1 1 1 0.015514 0.00469279
8 1.194 1 1 1.5 0.0113023 0.00610288
8 1.194 1 1 2 0.006518 0.00703314
8 1.194 1 1 2.5 0.00273416 0.00865678
8 1.194 1 1 3 -0.00108355 0.00976704
8 1.194 1 1 3.5 -0.00507935 0.0111776
8 1.194 1 1 4 -0.00726855 0.0122476
8 1.194 1 1 4.5 -0.0102025 0.0129305
8 1.194 1 1 5 -0.0126147 0.015052
8 1.194 1 1 5.5 -0.0155894 0.01534

8.1 1.194 1 1 0 0.0264342 0.00641657
8.1 1.194 1 1 0.5 0.0199743 0.0031693
8.1 1.194 1 1 1 0.0153685 0.00479118
8.1 1.194 1 1 1.5 0.010821 0.00594607
8.1 1.194 1 1 2 0.00660448 0.00704809
8.1 1.194 1 1 2.5 0.00283189 0.00844967
8.1 1.194 1 1 3 -0.000653444 0.00958089
8.1 1.194 1 1 3.5 -0.00415185 0.01071
8.1 1.194 1 1 4 -0.00710903 0.0122067
8.1 1.194 1 1 4.5 -0.00971809 0.0137243
8.1 1.194 1 1 5 -0.0129074 0.0144619
8.1 1.194 1 1 5.5 -0.0142461 0.0155605

8.2 1.194 1 1 0 0.0262428 0.00746184
8.2 1.194 1 1 0.5 0.0200214 0.00320541
8.2 1.194 1 1 1 0.0155596 0.00464025
8.2 1.194 1 1 1.5 0.0106664 0.0056714
8.2 1.194 1 1 2 0.00687082 0.00688937
8.2 1.194 1 1 2.5 0.00223614 0.00841481
8.2 1.194 1 1 3 -0.000844877 0.00948866
8.2 1.194 1 1 3.5 -0.00362756 0.0105819
8.2 1.194 1 1 4 -0.00703238 0.0121883
8.2 1.194 1 1 4.5 -0.0101546 0.0129959
8.2 1.194 1 1 5 -0.0121826 0.0145793
8.2 1.194 1 1 5.5 -0.0148685 0.0150097

8.3 1.194 1 1 0 0.0267966 0.0101539
8.3 1.194 1 1 0.5 0.0198374 0.00301046
8.3 1.194 1 1 1 0.0151443 0.00454186
8.3 1.194 1 1 1.5 0.0107705 0.00590616
8.3 1.194 1 1 2 0.00680493 0.00693043
8.3 1.194 1 1 2.5 0.0030703 0.00803609
8.3 1.194 1 1 3 -0.00052326 0.00945439
8.3 1.194 1 1 3.5 -0.00351467 0.0104239
8.3 1.194 1 1 4 -0.00687633 0.0116085
8.3 1.194 1 1 4.5 -0.0100075 0.012545
8.3 1.194 1 1 5 -0.0125348 0.0138306
8.3 1.194 1 1 5.5 -0.0143701 0.0150653

8.4 1.194 1 1 0 0.0260996 0.00930897
8.4 1.194 1 1 0.5 0.0196993 0.00308549
8.4 1.194 1 1 1 0.0152038 0.00452002
8.4 1.194 1 1 1.5 0.0107784 0.00574462
8.4 1.194 1 1 2 0.00712181 0.00671609
8.4 1.194 1 1 2.5 0.0028648 0.00794044
8.4 1.194 1 1 3 -0.000636392 0.00917378
8.4 1.194 1 1 3.5 -0.004557 0.0103614
8.4 1.194 1 1 4 -0.0065715 0.0116281
8.4 1.194 1 1 4.5 -0.00977223 0.012741
8.4 1.194 1 1 5 -0.011838 0.0130446
8.4 1.194 1 1 5.5 -0.0141182 0.0147513

8.5 1.194 1 1 0 0.027004 0.0128779
8.5 1.194 1 1 0.5 0.0196069 0.00307449
8.5 1.194 1 1 1 0.0152572 0.00442508
8.5 1.194 1 1 1.5 0.0108032 0.0057252
8.5 1.194 1 1 2 0.00662232 0.00679591
8.5 1.194 1 1 2.5 0.00301285 0.00802215
8.5 1.194 1 1 3 -0.000575501 0.00955583
8.5 1.194 1 1 3.5 -0.00292604 0.0099529
8.5 1.194 1 1 4 -0.00611876 0.0115655
8.5 1.194 1 1 4.5 -0.00942466 0.0126325
8.5 1.194 1 1 5 -0.0112714 0.0140396
8.5 1.194 1 1 5.5 -0.0132697 0.0141664

8.6 1.194 1 1 0 0.0279033 0.0161397
8.6 1.194 1 1 0.5 0.0191694 0.00304626
8.6 1.194 1 1 1 0.0150283 0.00436122
8.6 1.194 1 1 1.5 0.0108054 0.0054649
8.6 1.194 1 1 2 0.00651573 0.00716425
8.6 1.194 1 1 2.5 0.0027107 0.00796216
8.6 1.194 1 1 3 -0.000587382 0.00933198
8.6 1.194 1 1 3.5 -0.00321452 0.0104285
8.6 1.194 1 1 4 -0.00615645 0.0107934
8.6 1.194 1 1 4.5 -0.00817368 0.0122381
8.6 1.194 1 1 5 -0.0109584 0.0131866
8.6 1.194 1 1 5.5 -0.0141962 0.0146378

8.7 1.194 1 1 0 0.0286121 0.0199567
8.7 1.194 1 1 0.5 0.0190925 0.00300169
8.7 1.194 1 1 1 0.0149352 0.00449832
8.7 1.194 1 1 1.5 0.0105269 0.00537464
8.7 1.194 1 1 2 0.0072594 0.00666215
8.7 1.194 1 1 2.5 0.00329694 0.00747456
8.7 1.194 1 1 3 -0.000179805 0.00875541
8.7 1.194 1 1 3.5 -0.0033425 0.0101604
8.7 1.194 1 1 4 -0.00561032 0.0114701
8.7 1.194 1 1 4.5 -0.00861418 0.012321
8.7 1.194 1 1 5 -0.010969 0.0127109
8.7 1.194 1 1 5.5 -0.0133566 0.0143095

8.8 1.194 1 1 0 0.0295619 0.0272805
8.8 1.194 1 1 0.5 0.0190073 0.00311986
8.8 1.194 1 1 1 0.0150235 0.00406669
8.8 1.194 1 1 1.5 0.0105981 0.00555166
8.8 1.194 1 1 2 0.0071912 0.00637081
8.8 1.194 1 1 2.5 0.00300453 0.00771186
8.8 1.194 1 1 3 1.25286e-06 0.00892212
8.8 1.194 1 1 3.5 -0.00326876 0.0102362
8.8 1.194 1 1 4 -0.00567358 0.0112177
8.8 1.194 1 1 4.5 -0.00864549 0.0121597
8.8 1.194 1 1 5 -0.0109458 0.0134194
8.8 1.194 1 1 5.5 -0.0126209 0.0147841

8.9 1.194 1 1 0 0.0291192 0.0245678
8.9 1.194 1 1 0.5 0.0187898 0.0030314
8.9 1.194 1 1 1 0.0147824 0.00427624
8.9 1.194 1 1 1.5 0.0108814 0.0055296
8.9 1.194 1 1 2 0.00681185 0.00663783
8.9 1.194 1 1 2.5 0.00351757 0.00739813
8.9 1.194 1 1 3 0.000367124 0.00885904
8.9 1.194 1 1 3.5 -0.00211281 0.00923615
8.9 1.194 1 1 4 -0.00523009 0.0112335
8.9 1.194 1 1 4.5 -0.00885729 0.0124677
8.9 1.194 1 1 5 -0.0107215 0.0131719
8.9 1.194 1 1 5.5 -0.0131139 0.0142675

9 1.194 1 1 0 0.0329623 0.0384816
9 1.194 1 1 0.5 0.0185836 0.00287118
9 1.194 1 1 1 0.0146794 0.00437682
9 1.194 1 1 1.5 0.0105587 0.00526534
9 1.194 1 1 2 0.00717528 0.00650413
9 1.194 1 1 2.5 0.00337456 0.00732549
9 1.194 1 1 3 0.000388326 0.00859046
9 1.194 1 1 3.5 -0.00268667 0.00983286
9 1.194 1 1 4 -0.00526235 0.0108762
9 1.194 1 1 4.5 -0.00792432 0.0117431
9 1.194 1 1 5 -0.0109978 0.0131206
9 1.194 1 1 5.5 -0.0127365 0.0140701

9.1 1.194 1 1 0 inf -nan
9.1 1.194 1 1 0.5 0.0184923 0.00363303
9.1 1.194 1 1 1 0.0143036 0.00411916
9.1 1.194 1 1 1.5 0.0104418 0.00544065
9.1 1.194 1 1 2 0.00719329 0.00626386
9.1 1.194 1 1 2.5 0.00341616 0.00741629
9.1 1.194 1 1 3 0.000301207 0.00830752
9.1 1.194 1 1 3.5 -0.00302746 0.00997244
9.1 1.194 1 1 4 -0.0054728 0.0109093
9.1 1.194 1 1 4.5 -0.00796504 0.0120211
9.1 1.194 1 1 5 -0.0106162 0.0124861
9.1 1.194 1 1 5.5 -0.0125977 0.0142113

9.2 1.194 1 1 0 0.0386634 0.0582445
9.2 1.194 1 1 0.5 0.0183207 0.00464183
9.2 1.194 1 1 1 0.0146236 0.0063377
9.2 1.194 1 1 1.5 0.0105358 0.00542255
9.2 1.194 1 1 2 0.00704036 0.00634361
9.2 1.194 1 1 2.5 0.00323082 0.00744867
9.2 1.194 1 1 3 0.000758257 0.00849608
9.2 1.194 1 1 3.5 -0.00209996 0.00903463
9.2 1.194 1 1 4 -0.0050854 0.0104877
9.2 1.194 1 1 4.5 -0.00723094 0.0109539
9.2 1.194 1 1 5 -0.00947963 0.0120456
9.2 1.194 1 1 5.5 -0.0131957 0.0134928

9.3 1.194 1 1 0 inf -nan
9.3 1.194 1 1 0.5 0.0183699 0.00621633
9.3 1.194 1 1 1 0.0144074 0.00493942
9.3 1.194 1 1 1.5 0.0106869 0.00524052
9.3 1.194 1 1 2 0.00682835 0.00612843
9.3 1.194 1 1 2.5 0.00326854 0.00731189
9.3 1.194 1 1 3 0.000653107 0.00841678
9.3 1.194 1 1 3.5 -0.00207063 0.00922769
9.3 1.194 1 1 4 -0.00463307 0.0098665
9.3 1.194 1 1 4.5 -0.00755873 0.0111851
9.3 1.194 1 1 5 -0.00966046 0.0125173
9.3 1.194 1 1 5.5 -0.0122799 0.0136882

9.4 1.194 1 1 0 inf -nan
9.4 1.194 1 1 0.5 0.0190488 0.0150354
9.4 1.194 1 1 1 0.0143649 0.00464996
9.4 1.194 1 1 1.5 0.0102835 0.00527447
9.4 1.194 1 1 2 0.00678653 0.00626551
9.4 1.194 1 1 2.5 0.00383765 0.00720721
9.4 1.194 1 1 3 0.000740415 0.00815731
9.4 1.194 1 1 3.5 -0.00239807 0.00914466
9.4 1.194 1 1 4 -0.00411153 0.0102236
9.4 1.194 1 1 4.5 -0.00683056 0.0115197
9.4 1.194 1 1 5 -0.0104266 0.0126538
9.4 1.194 1 1 5.5 -0.0113783 0.0132335

9.5 1.194 1 1 0 inf -nan
9.5 1.194 1 1 0.5 0.0183193 0.008915
9.5 1.194 1 1 1 0.0143711 0.00631969
9.5 1.194 1 1 1.5 0.01066 0.00533441
9.5 1.194 1 1 2 0.00691812 0.00619216
9.5 1.194 1 1 2.5 0.00375348 0.00710891
9.5 1.194 1 1 3 0.000418643 0.00808537
9.5 1.194 1 1 3.5 -0.00180665 0.00941354
9.5 1.194 1 1 4 -0.00517372 0.0102887
9.5 1.194 1 1 4.5 -0.00718732 0.0114214
9.5 1.194 1 1 5 -0.00934501 0.0124169
9.5 1.194 1 1 5.5 -0.0112 0.013858

9.6 1.194 1 1 0 inf -nan
9.6 1.194 1 1 0.5 0.0211519 0.0280115
9.6 1.194 1 1 1 0.014592 0.0140768
9.6 1.194 1 1 1.5 0.0103726 0.0053392
9.6 1.194 1 1 2 0.00737515 0.00983025
9.6 1.194 1 1 2.5 0.0034445 0.00748816
9.6 1.194 1 1 3 0.0010648 0.00865064
9.6 1.194 1 1 3.5 -0.00192827 0.0094409
9.6 1.194 1 1 4 -0.00447682 0.0100399
9.6 1.194 1 1 4.5 -0.00677634 0.0116833
9.6 1.194 1 1 5 -0.00906893 0.0120922
9.6 1.194 1 1 5.5 -0.0107307 0.0132911

9.7 1.194 1 1 0 inf -nan
9.7 1.194 1 1 0.5 0.0193711 0.0185576
9.7 1.194 1 1 1 0.0142874 0.00915615
9.7 1.194 1 1 1.5 0.0105755 0.00703182
9.7 1.194 1 1 2 0.00691065 0.00632272
9.7 1.194 1 1 2.5 0.00378351 0.00716383
9.7 1.194 1 1 3 0.000720208 0.00839103
9.7 1.194 1 1 3.5 -0.00166355 0.00940874
9.7 1.194 1 1 4 -0.00391908 0.0102252
9.7 1.194 1 1 4.5 -0.0067879 0.0109634
9.7 1.194 1 1 5 -0.00887143 0.0119447
9.7 1.194 1 1 5.5 -0.0111932 0.0132976

9.8 1.194 1 1 0 inf -nan
9.8 1.194 1 1 0.5 0.0198284 0.0217525
9.8 1.194 1 1 1 0.0147587 0.0126093
9.8 1.194 1 1 1.5 0.010656 0.0119534
9.8 1.194 1 1 2 0.00792018 0.0195403
9.8 1.194 1 1 2.5 0.004258 0.00703721
9.8 1.194 1 1 3 0.000789703 0.00986073
9.8 1.194 1 1 3.5 -0.00115411 0.0131282
9.8 1.194 1 1 4 -0.00401401 0.0121487
9.8 1.194 1 1 4.5 -0.006437 0.0137369
9.8 1.194 1 1 5 -0.00845017 0.0121215
9.8 1.194 1 1 5.5 -0.0109634 0.0127532

9.9 1.194 1 1 0 inf -nan
9.9 1.194 1 1 0.5 0.0218704 0.0414106
9.9 1.194 1 1 1 inf -nan
9.9 1.194 1 1 1.5 0.0103891 0.00663048
9.9 1.194 1 1 2 0.00805026 0.0215712
9.9 1.194 1 1 2.5 0.00401443 0.00711378
9.9 1.194 1 1 3 0.00156328 0.0133447
9.9 1.194 1 1 3.5 -0.00153351 0.00940282
9.9 1.194 1 1 4 -0.00424537 0.00992746
9.9 1.194 1 1 4.5 -0.00650578 0.0110084
9.9 1.194 1 1 5 -0.00853223 0.0129776
9.9 1.194 1 1 5.5 inf -nan

10 1.194 1 1 0 inf -nan
10 1.194 1 1 0.5 inf -nan
10 1.194 1 1 1 0.0151339 0.0184633
10 1.194 1 1 1.5 inf -nan
10 1.194 1 1 2 0.00773 0.0131791
10 1.194 1 1 2.5 0.0045679 0.0109965
10 1.194 1 1 3 0.00245585 0.0238355
10 1.194 1 1 3.5 0.000283674 0.0266503
10 1.194 1 1 4 -0.00366997 0.0103755
10 1.194 1 1 4.5 -0.00494613 0.0220948
10 1.194 1 1 5 -0.00793556 0.0111089
10 1.194 1 1 5.5 -0.0101082 0.0129262

