alpha b0 d sigma tau Gmean Gstd
0 1.249 1 0.5 0 -nan -nan
0 1.249 1 0.5 0.5 0.301185 0.0555816
0 1.249 1 0.5 1 0.250484 0.02309
0 1.249 1 0.5 1.5 0.248789 0.0122281
0 1.249 1 0.5 2 0.249343 0.00802416
0 1.249 1 0.5 2.5 0.249018 0.00588612
0 1.249 1 0.5 3 0.248836 0.00430011
0 1.249 1 0.5 3.5 0.248947 0.00356746
0 1.249 1 0.5 4 0.249027 0.00300764
0 1.249 1 0.5 4.5 0.248932 0.00230304
0 1.249 1 0.5 5 0.249087 0.00205867
0 1.249 1 0.5 5.5 0.249068 0.00179239

0.1 1.249 1 0.5 0 0.222174 0.00100827
0.1 1.249 1 0.5 0.5 0.206356 0.0136348
0.1 1.249 1 0.5 1 0.205059 0.0185755
0.1 1.249 1 0.5 1.5 0.204345 0.0240296
0.1 1.249 1 0.5 2 0.206181 0.0284937
0.1 1.249 1 0.5 2.5 0.204769 0.0304738
0.1 1.249 1 0.5 3 0.20439 0.033132
0.1 1.249 1 0.5 3.5 0.201377 0.0364264
0.1 1.249 1 0.5 4 0.205091 0.0373034
0.1 1.249 1 0.5 4.5 0.205455 0.0411225
0.1 1.249 1 0.5 5 0.204324 0.0443047
0.1 1.249 1 0.5 5.5 0.204014 0.0465127

0.2 1.249 1 0.5 0 0.200583 0.000904537
0.2 1.249 1 0.5 0.5 0.177302 0.012189
0.2 1.249 1 0.5 1 0.175602 0.0171132
0.2 1.249 1 0.5 1.5 0.173822 0.0222751
0.2 1.249 1 0.5 2 0.174859 0.0239915
0.2 1.249 1 0.5 2.5 0.176114 0.027664
0.2 1.249 1 0.5 3 0.172558 0.030564
0.2 1.249 1 0.5 3.5 0.17541 0.0325466
0.2 1.249 1 0.5 4 0.173265 0.0346309
0.2 1.249 1 0.5 4.5 0.171842 0.0371192
0.2 1.249 1 0.5 5 0.174147 0.0381158
0.2 1.249 1 0.5 5.5 0.173558 0.0427328

0.3 1.249 1 0.5 0 0.182942 0.000823694
0.3 1.249 1 0.5 0.5 0.158055 0.0106582
0.3 1.249 1 0.5 1 0.153488 0.0160547
0.3 1.249 1 0.5 1.5 0.153308 0.0194069
0.3 1.249 1 0.5 2 0.151747 0.0228488
0.3 1.249 1 0.5 2.5 0.149439 0.025663
0.3 1.249 1 0.5 3 0.152327 0.0282908
0.3 1.249 1 0.5 3.5 0.151099 0.0298707
0.3 1.249 1 0.5 4 0.151136 0.0309957
0.3 1.249 1 0.5 4.5 0.150701 0.0335169
0.3 1.249 1 0.5 5 0.15306 0.0349912
0.3 1.249 1 0.5 5.5 0.15038 0.0376394

0.4 1.249 1 0.5 0 0.168383 0.000752842
0.4 1.249 1 0.5 0.5 0.142023 0.010294
0.4 1.249 1 0.5 1 0.137723 0.0145899
0.4 1.249 1 0.5 1.5 0.136 0.0187678
0.4 1.249 1 0.5 2 0.134928 0.020929
0.4 1.249 1 0.5 2.5 0.136417 0.0238085
0.4 1.249 1 0.5 3 0.135518 0.0256938
0.4 1.249 1 0.5 3.5 0.13347 0.0274183
0.4 1.249 1 0.5 4 0.134834 0.0292857
0.4 1.249 1 0.5 4.5 0.134326 0.0314833
0.4 1.249 1 0.5 5 0.131636 0.0343555
0.4 1.249 1 0.5 5.5 0.133251 0.0342345

0.5 1.249 1 0.5 0 0.155998 0.000702416
0.5 1.249 1 0.5 0.5 0.130375 0.0100313
0.5 1.249 1 0.5 1 0.125503 0.0138283
0.5 1.249 1 0.5 1.5 0.122032 0.0171931
0.5 1.249 1 0.5 2 0.12166 0.0196934
0.5 1.249 1 0.5 2.5 0.119356 0.0223006
0.5 1.249 1 0.5 3 0.120426 0.024613
0.5 1.249 1 0.5 3.5 0.119919 0.0261023
0.5 1.249 1 0.5 4 0.119385 0.0282357
0.5 1.249 1 0.5 4.5 0.11973 0.0293699
0.5 1.249 1 0.5 5 0.11942 0.0302973
0.5 1.249 1 0.5 5.5 0.118383 0.033508

0.6 1.249 1 0.5 0 0.145428 0.000685287
0.6 1.249 1 0.5 0.5 0.12039 0.00913324
0.6 1.249 1 0.5 1 0.115026 0.0127454
0.6 1.249 1 0.5 1.5 0.112201 0.0157802
0.6 1.249 1 0.5 2 0.109961 0.0185512
0.6 1.249 1 0.5 2.5 0.109697 0.0201142
0.6 1.249 1 0.5 3 0.108774 0.0217786
0.6 1.249 1 0.5 3.5 0.109365 0.0245849
0.6 1.249 1 0.5 4 0.10841 0.0262837
0.6 1.249 1 0.5 4.5 0.108606 0.0283113
0.6 1.249 1 0.5 5 0.107201 0.0295912
0.6 1.249 1 0.5 5.5 0.106238 0.0305024

0.7 1.249 1 0.5 0 0.136203 0.000618009
0.7 1.249 1 0.5 0.5 0.113015 0.00828283
0.7 1.249 1 0.5 1 0.1061 0.0123966
0.7 1.249 1 0.5 1.5 0.103468 0.0140442
0.7 1.249 1 0.5 2 0.100549 0.0173061
0.7 1.249 1 0.5 2.5 0.0999806 0.0193807
0.7 1.249 1 0.5 3 0.0996378 0.0210791
0.7 1.249 1 0.5 3.5 0.099325 0.0232024
0.7 1.249 1 0.5 4 0.100756 0.0239916
0.7 1.249 1 0.5 4.5 0.0981001 0.0271959
0.7 1.249 1 0.5 5 0.0979437 0.0272347
0.7 1.249 1 0.5 5.5 0.0968059 0.029793

0.8 1.249 1 0.5 0 0.128893 0.000596535
0.8 1.249 1 0.5 0.5 0.106666 0.00832973
0.8 1.249 1 0.5 1 0.099756 0.0115771
0.8 1.249 1 0.5 1.5 0.0966953 0.0144486
0.8 1.249 1 0.5 2 0.0939341 0.0171185
0.8 1.249 1 0.5 2.5 0.0939592 0.0188521
0.8 1.249 1 0.5 3 0.0935217 0.0204237
0.8 1.249 1 0.5 3.5 0.0916147 0.0221821
0.8 1.249 1 0.5 4 0.0936839 0.0241734
0.8 1.249 1 0.5 4.5 0.0904746 0.024693
0.8 1.249 1 0.5 5 0.0914833 0.0270187
0.8 1.249 1 0.5 5.5 0.093027 0.0274269

0.9 1.249 1 0.5 0 0.121633 0.000570016
0.9 1.249 1 0.5 0.5 0.101009 0.00785499
0.9 1.249 1 0.5 1 0.0936137 0.0111577
0.9 1.249 1 0.5 1.5 0.0908412 0.0143882
0.9 1.249 1 0.5 2 0.0876544 0.0154337
0.9 1.249 1 0.5 2.5 0.0875938 0.0174162
0.9 1.249 1 0.5 3 0.0855021 0.0194234
0.9 1.249 1 0.5 3.5 0.0840732 0.0212551
0.9 1.249 1 0.5 4 0.0858545 0.0216767
0.9 1.249 1 0.5 4.5 0.0857506 0.0232078
0.9 1.249 1 0.5 5 0.0855845 0.0242796
0.9 1.249 1 0.5 5.5 0.0850331 0.0263765

1 1.249 1 0.5 0 0.115191 0.000555417
1 1.249 1 0.5 0.5 0.0955532 0.00711878
1 1.249 1 0.5 1 0.0886576 0.0105857
1 1.249 1 0.5 1.5 0.0849705 0.0124689
1 1.249 1 0.5 2 0.0828994 0.0149207
1 1.249 1 0.5 2.5 0.0810887 0.0168756
1 1.249 1 0.5 3 0.0799061 0.0177529
1 1.249 1 0.5 3.5 0.0798425 0.0208056
1 1.249 1 0.5 4 0.0796183 0.0211803
1 1.249 1 0.5 4.5 0.0794417 0.0236988
1 1.249 1 0.5 5 0.0784927 0.0244372
1 1.249 1 0.5 5.5 0.0788764 0.0255958

1.1 1.249 1 0.5 0 0.109421 0.000512977
1.1 1.249 1 0.5 0.5 0.0916015 0.00702156
1.1 1.249 1 0.5 1 0.0834804 0.0100425
1.1 1.249 1 0.5 1.5 0.0798601 0.0119676
1.1 1.249 1 0.5 2 0.0781662 0.0150195
1.1 1.249 1 0.5 2.5 0.0767637 0.0157128
1.1 1.249 1 0.5 3 0.0747144 0.0176423
1.1 1.249 1 0.5 3.5 0.0749278 0.018997
1.1 1.249 1 0.5 4 0.074261 0.0211361
1.1 1.249 1 0.5 4.5 0.0726102 0.021417
1.1 1.249 1 0.5 5 0.0731994 0.0216927
1.1 1.249 1 0.5 5.5 0.0728971 0.0245671

1.2 1.249 1 0.5 0 0.103704 0.000495443
1.2 1.249 1 0.5 0.5 0.0875556 0.00627493
1.2 1.249 1 0.5 1 0.0796919 0.00927089
1.2 1.249 1 0.5 1.5 0.0759016 0.0116475
1.2 1.249 1 0.5 2 0.0733862 0.0135242
1.2 1.249 1 0.5 2.5 0.0726875 0.0152452
1.2 1.249 1 0.5 3 0.070829 0.0165488
1.2 1.249 1 0.5 3.5 0.0702083 0.0184708
1.2 1.249 1 0.5 4 0.0701077 0.0200192
1.2 1.249 1 0.5 4.5 0.0698076 0.0214417
1.2 1.249 1 0.5 5 0.0703689 0.0222118
1.2 1.249 1 0.5 5.5 0.0681828 0.0226619

1.3 1.249 1 0.5 0 0.0989957 0.000499157
1.3 1.249 1 0.5 0.5 0.0834665 0.00606862
1.3 1.249 1 0.5 1 0.0759207 0.0085329
1.3 1.249 1 0.5 1.5 0.0716748 0.0107918
1.3 1.249 1 0.5 2 0.0695513 0.0130332
1.3 1.249 1 0.5 2.5 0.0666049 0.0150429
1.3 1.249 1 0.5 3 0.066939 0.0156397
1.3 1.249 1 0.5 3.5 0.0669389 0.0172901
1.3 1.249 1 0.5 4 0.0658884 0.0188661
1.3 1.249 1 0.5 4.5 0.0654572 0.0201553
1.3 1.249 1 0.5 5 0.0648064 0.021222
1.3 1.249 1 0.5 5.5 0.0656356 0.0218356

1.4 1.249 1 0.5 0 0.0947286 0.000469812
1.4 1.249 1 0.5 0.5 0.0804883 0.00583471
1.4 1.249 1 0.5 1 0.072728 0.00847328
1.4 1.249 1 0.5 1.5 0.0688062 0.0103292
1.4 1.249 1 0.5 2 0.0666795 0.0128564
1.4 1.249 1 0.5 2.5 0.0642779 0.0137522
1.4 1.249 1 0.5 3 0.0640018 0.0153692
1.4 1.249 1 0.5 3.5 0.0638055 0.0163599
1.4 1.249 1 0.5 4 0.0618406 0.0178065
1.4 1.249 1 0.5 4.5 0.0614118 0.0189593
1.4 1.249 1 0.5 5 0.0618057 0.0200947
1.4 1.249 1 0.5 5.5 0.0615768 0.0211956

1.5 1.249 1 0.5 0 0.0908095 0.000473249
1.5 1.249 1 0.5 0.5 0.0774826 0.00544983
1.5 1.249 1 0.5 1 0.0701249 0.00798817
1.5 1.249 1 0.5 1.5 0.0657217 0.0101055
1.5 1.249 1 0.5 2 0.0632597 0.0121998
1.5 1.249 1 0.5 2.5 0.0613606 0.0137962
1.5 1.249 1 0.5 3 0.0607298 0.0153027
1.5 1.249 1 0.5 3.5 0.0610118 0.0163456
1.5 1.249 1 0.5 4 0.0588802 0.0176265
1.5 1.249 1 0.5 4.5 0.058281 0.0182086
1.5 1.249 1 0.5 5 0.0590813 0.0186063
1.5 1.249 1 0.5 5.5 0.0578469 0.020817

1.6 1.249 1 0.5 0 0.0872096 0.000486447
1.6 1.249 1 0.5 0.5 0.074322 0.00564079
1.6 1.249 1 0.5 1 0.0672684 0.00782198
1.6 1.249 1 0.5 1.5 0.0633503 0.00952289
1.6 1.249 1 0.5 2 0.0610426 0.0113044
1.6 1.249 1 0.5 2.5 0.0591714 0.0126148
1.6 1.249 1 0.5 3 0.057975 0.0142343
1.6 1.249 1 0.5 3.5 0.0568944 0.0158262
1.6 1.249 1 0.5 4 0.0558916 0.0165243
1.6 1.249 1 0.5 4.5 0.0558457 0.0176544
1.6 1.249 1 0.5 5 0.0561134 0.0183487
1.6 1.249 1 0.5 5.5 0.0544311 0.019249

1.7 1.249 1 0.5 0 0.0838934 0.000451857
1.7 1.249 1 0.5 0.5 0.0719715 0.00527237
1.7 1.249 1 0.5 1 0.0644909 0.0077413
1.7 1.249 1 0.5 1.5 0.0613438 0.00948517
1.7 1.249 1 0.5 2 0.0586076 0.0110024
1.7 1.249 1 0.5 2.5 0.0573562 0.0124725
1.7 1.249 1 0.5 3 0.0557061 0.0130457
1.7 1.249 1 0.5 3.5 0.054905 0.0152118
1.7 1.249 1 0.5 4 0.0542248 0.0163737
1.7 1.249 1 0.5 4.5 0.0540145 0.0164157
1.7 1.249 1 0.5 5 0.0533348 0.0175862
1.7 1.249 1 0.5 5.5 0.0537321 0.0189913

1.8 1.249 1 0.5 0 0.0808235 0.000455809
1.8 1.249 1 0.5 0.5 0.0700528 0.00491865
1.8 1.249 1 0.5 1 0.0629931 0.00761826
1.8 1.249 1 0.5 1.5 0.058337 0.00906165
1.8 1.249 1 0.5 2 0.0566554 0.010854
1.8 1.249 1 0.5 2.5 0.0547011 0.0119559
1.8 1.249 1 0.5 3 0.053775 0.0132359
1.8 1.249 1 0.5 3.5 0.0524512 0.0150295
1.8 1.249 1 0.5 4 0.053122 0.0149773
1.8 1.249 1 0.5 4.5 0.0520898 0.0156951
1.8 1.249 1 0.5 5 0.0512481 0.0166405
1.8 1.249 1 0.5 5.5 0.051178 0.0176955

1.9 1.249 1 0.5 0 0.077941 0.000453874
1.9 1.249 1 0.5 0.5 0.0682067 0.00475697
1.9 1.249 1 0.5 1 0.0605112 0.00711147
1.9 1.249 1 0.5 1.5 0.0569247 0.00890401
1.9 1.249 1 0.5 2 0.0541007 0.0102143
1.9 1.249 1 0.5 2.5 0.0533395 0.011873
1.9 1.249 1 0.5 3 0.0517921 0.0124004
1.9 1.249 1 0.5 3.5 0.0513233 0.0141975
1.9 1.249 1 0.5 4 0.0500979 0.0156798
1.9 1.249 1 0.5 4.5 0.0498227 0.0160366
1.9 1.249 1 0.5 5 0.048465 0.0173444
1.9 1.249 1 0.5 5.5 0.0476816 0.0186515

2 1.249 1 0.5 0 0.075279 0.000442894
2 1.249 1 0.5 0.5 0.0658007 0.00436286
2 1.249 1 0.5 1 0.0591741 0.00664154
2 1.249 1 0.5 1.5 0.0548758 0.00851662
2 1.249 1 0.5 2 0.0522267 0.00990495
2 1.249 1 0.5 2.5 0.0511256 0.0115572
2 1.249 1 0.5 3 0.0503878 0.012555
2 1.249 1 0.5 3.5 0.0490694 0.0136722
2 1.249 1 0.5 4 0.0482977 0.0140973
2 1.249 1 0.5 4.5 0.047171 0.0154234
2 1.249 1 0.5 5 0.0474661 0.0162277
2 1.249 1 0.5 5.5 0.0466151 0.0173818

2.1 1.249 1 0.5 0 0.0728201 0.000429475
2.1 1.249 1 0.5 0.5 0.0638695 0.00449373
2.1 1.249 1 0.5 1 0.0572491 0.00656771
2.1 1.249 1 0.5 1.5 0.0535662 0.00816569
2.1 1.249 1 0.5 2 0.0514247 0.00932884
2.1 1.249 1 0.5 2.5 0.0484573 0.0112326
2.1 1.249 1 0.5 3 0.0479103 0.0122682
2.1 1.249 1 0.5 3.5 0.0465587 0.0131222
2.1 1.249 1 0.5 4 0.0465342 0.0139287
2.1 1.249 1 0.5 4.5 0.0462979 0.0144724
2.1 1.249 1 0.5 5 0.0459052 0.0154422
2.1 1.249 1 0.5 5.5 0.0450134 0.0165192

2.2 1.249 1 0.5 0 0.0705137 0.000434393
2.2 1.249 1 0.5 0.5 0.061909 0.00436568
2.2 1.249 1 0.5 1 0.0555933 0.00603103
2.2 1.249 1 0.5 1.5 0.0519709 0.0075646
2.2 1.249 1 0.5 2 0.0492756 0.00938887
2.2 1.249 1 0.5 2.5 0.0469935 0.0104739
2.2 1.249 1 0.5 3 0.0468544 0.0116743
2.2 1.249 1 0.5 3.5 0.0456561 0.012341
2.2 1.249 1 0.5 4 0.0450845 0.0138772
2.2 1.249 1 0.5 4.5 0.0441075 0.0148242
2.2 1.249 1 0.5 5 0.0438909 0.0153784
2.2 1.249 1 0.5 5.5 0.0428756 0.0162373

2.3 1.249 1 0.5 0 0.0682916 0.000457023
2.3 1.249 1 0.5 0.5 0.0603807 0.00410044
2.3 1.249 1 0.5 1 0.054245 0.00616605
2.3 1.249 1 0.5 1.5 0.0497973 0.00761529
2.3 1.249 1 0.5 2 0.0480178 0.0086797
2.3 1.249 1 0.5 2.5 0.0466808 0.00986821
2.3 1.249 1 0.5 3 0.0453175 0.0117513
2.3 1.249 1 0.5 3.5 0.0446313 0.012485
2.3 1.249 1 0.5 4 0.0435923 0.0134486
2.3 1.249 1 0.5 4.5 0.043032 0.0146287
2.3 1.249 1 0.5 5 0.0428517 0.0161318
2.3 1.249 1 0.5 5.5 0.0414321 0.0161515

2.4 1.249 1 0.5 0 0.0662722 0.000431945
2.4 1.249 1 0.5 0.5 0.0587518 0.00394337
2.4 1.249 1 0.5 1 0.0528047 0.0057752
2.4 1.249 1 0.5 1.5 0.0490683 0.00735413
2.4 1.249 1 0.5 2 0.0466746 0.0091116
2.4 1.249 1 0.5 2.5 0.0447734 0.0102415
2.4 1.249 1 0.5 3 0.0435661 0.0112241
2.4 1.249 1 0.5 3.5 0.0427941 0.0123566
2.4 1.249 1 0.5 4 0.0424313 0.0130093
2.4 1.249 1 0.5 4.5 0.0409539 0.0138396
2.4 1.249 1 0.5 5 0.0412448 0.0143043
2.4 1.249 1 0.5 5.5 0.0401658 0.0153618

2.5 1.249 1 0.5 0 0.0643442 0.00042874
2.5 1.249 1 0.5 0.5 0.0572461 0.0040851
2.5 1.249 1 0.5 1 0.0516474 0.00572752
2.5 1.249 1 0.5 1.5 0.0481569 0.00704283
2.5 1.249 1 0.5 2 0.0455006 0.00865761
2.5 1.249 1 0.5 2.5 0.0436781 0.00952304
2.5 1.249 1 0.5 3 0.0430469 0.0105919
2.5 1.249 1 0.5 3.5 0.0414849 0.0118452
2.5 1.249 1 0.5 4 0.0407438 0.0121972
2.5 1.249 1 0.5 4.5 0.0405788 0.0133821
2.5 1.249 1 0.5 5 0.0399111 0.0138694
2.5 1.249 1 0.5 5.5 0.0391448 0.0142592

2.6 1.249 1 0.5 0 0.0625244 0.000422631
2.6 1.249 1 0.5 0.5 0.055481 0.00368251
2.6 1.249 1 0.5 1 0.0504152 0.00574137
2.6 1.249 1 0.5 1.5 0.0467282 0.00685655
2.6 1.249 1 0.5 2 0.0441114 0.00887609
2.6 1.249 1 0.5 2.5 0.0424991 0.00929816
2.6 1.249 1 0.5 3 0.0412534 0.0102581
2.6 1.249 1 0.5 3.5 0.0403234 0.0113774
2.6 1.249 1 0.5 4 0.0397916 0.0123389
2.6 1.249 1 0.5 4.5 0.0395924 0.0126771
2.6 1.249 1 0.5 5 0.0383619 0.0139305
2.6 1.249 1 0.5 5.5 0.0383248 0.0146544

2.7 1.249 1 0.5 0 0.0607863 0.000440712
2.7 1.249 1 0.5 0.5 0.0545654 0.00385857
2.7 1.249 1 0.5 1 0.0490028 0.00542265
2.7 1.249 1 0.5 1.5 0.0454844 0.00673171
2.7 1.249 1 0.5 2 0.0431938 0.00810017
2.7 1.249 1 0.5 2.5 0.0412164 0.00914368
2.7 1.249 1 0.5 3 0.0402616 0.0104715
2.7 1.249 1 0.5 3.5 0.0392952 0.0109355
2.7 1.249 1 0.5 4 0.0380608 0.0117654
2.7 1.249 1 0.5 4.5 0.038055 0.0132002
2.7 1.249 1 0.5 5 0.0374064 0.0136148
2.7 1.249 1 0.5 5.5 0.0365997 0.0143921

2.8 1.249 1 0.5 0 0.0591694 0.000438878
2.8 1.249 1 0.5 0.5 0.0533272 0.00360577
2.8 1.249 1 0.5 1 0.0476934 0.00517215
2.8 1.249 1 0.5 1.5 0.0441828 0.0069781
2.8 1.249 1 0.5 2 0.0422001 0.00772519
2.8 1.249 1 0.5 2.5 0.040999 0.0088822
2.8 1.249 1 0.5 3 0.0393638 0.00993021
2.8 1.249 1 0.5 3.5 0.0387634 0.0106535
2.8 1.249 1 0.5 4 0.0372463 0.0113153
2.8 1.249 1 0.5 4.5 0.0362196 0.0124254
2.8 1.249 1 0.5 5 0.0372103 0.0129134
2.8 1.249 1 0.5 5.5 0.0356078 0.013905

2.9 1.249 1 0.5 0 0.0576376 0.000436855
2.9 1.249 1 0.5 0.5 0.051858 0.00347194
2.9 1.249 1 0.5 1 0.0467146 0.00518128
2.9 1.249 1 0.5 1.5 0.0435281 0.00643735
2.9 1.249 1 0.5 2 0.0411938 0.00767575
2.9 1.249 1 0.5 2.5 0.040216 0.00821327
2.9 1.249 1 0.5 3 0.03826 0.00945746
2.9 1.249 1 0.5 3.5 0.036753 0.0104115
2.9 1.249 1 0.5 4 0.036583 0.0115867
2.9 1.249 1 0.5 4.5 0.0360032 0.0121611
2.9 1.249 1 0.5 5 0.0355583 0.0129275
2.9 1.249 1 0.5 5.5 0.0356515 0.0139453

3 1.249 1 0.5 0 0.056183 0.000442674
3 1.249 1 0.5 0.5 0.0507102 0.00350215
3 1.249 1 0.5 1 0.0462425 0.00493028
3 1.249 1 0.5 1.5 0.0427998 0.00610238
3 1.249 1 0.5 2 0.0400771 0.00740448
3 1.249 1 0.5 2.5 0.0389327 0.0083489
3 1.249 1 0.5 3 0.0375938 0.0096254
3 1.249 1 0.5 3.5 0.0372143 0.0102515
3 1.249 1 0.5 4 0.0360195 0.0110994
3 1.249 1 0.5 4.5 0.0356364 0.0115344
3 1.249 1 0.5 5 0.034956 0.0127508
3 1.249 1 0.5 5.5 0.0341865 0.0128701

3.1 1.249 1 0.5 0 0.0548059 0.000433054
3.1 1.249 1 0.5 0.5 0.0496328 0.00325067
3.1 1.249 1 0.5 1 0.0451267 0.00476578
3.1 1.249 1 0.5 1.5 0.0414051 0.00596964
3.1 1.249 1 0.5 2 0.0396901 0.00732686
3.1 1.249 1 0.5 2.5 0.0381729 0.00844372
3.1 1.249 1 0.5 3 0.0360976 0.00923872
3.1 1.249 1 0.5 3.5 0.035555 0.00967822
3.1 1.249 1 0.5 4 0.035412 0.010829
3.1 1.249 1 0.5 4.5 0.0344253 0.0110625
3.1 1.249 1 0.5 5 0.0334041 0.0122242
3.1 1.249 1 0.5 5.5 0.0336403 0.0129785

3.2 1.249 1 0.5 0 0.0534785 0.00039773
3.2 1.249 1 0.5 0.5 0.0486348 0.00309077
3.2 1.249 1 0.5 1 0.044168 0.0046632
3.2 1.249 1 0.5 1.5 0.0409715 0.00582214
3.2 1.249 1 0.5 2 0.0390527 0.00687466
3.2 1.249 1 0.5 2.5 0.0368302 0.00791792
3.2 1.249 1 0.5 3 0.0361131 0.00842786
3.2 1.249 1 0.5 3.5 0.0347516 0.00979187
3.2 1.249 1 0.5 4 0.0343557 0.0103574
3.2 1.249 1 0.5 4.5 0.0327666 0.0109652
3.2 1.249 1 0.5 5 0.0329316 0.0116287
3.2 1.249 1 0.5 5.5 0.0323085 0.0126682

3.3 1.249 1 0.5 0 0.0522084 0.000422273
3.3 1.249 1 0.5 0.5 0.0475166 0.00321992
3.3 1.249 1 0.5 1 0.0432598 0.00479999
3.3 1.249 1 0.5 1.5 0.040077 0.00590377
3.3 1.249 1 0.5 2 0.0381821 0.00676182
3.3 1.249 1 0.5 2.5 0.0367225 0.00769963
3.3 1.249 1 0.5 3 0.0353718 0.00884312
3.3 1.249 1 0.5 3.5 0.0348923 0.00956771
3.3 1.249 1 0.5 4 0.0334773 0.0103674
3.3 1.249 1 0.5 4.5 0.0326977 0.0114278
3.3 1.249 1 0.5 5 0.0322552 0.0116263
3.3 1.249 1 0.5 5.5 0.0325132 0.0120336

3.4 1.249 1 0.5 0 0.0510121 0.000443355
3.4 1.249 1 0.5 0.5 0.0465561 0.00313955
3.4 1.249 1 0.5 1 0.0425081 0.00441131
3.4 1.249 1 0.5 1.5 0.0396182 0.00567519
3.4 1.249 1 0.5 2 0.0370085 0.00702908
3.4 1.249 1 0.5 2.5 0.0355713 0.00760937
3.4 1.249 1 0.5 3 0.0345448 0.00835625
3.4 1.249 1 0.5 3.5 0.0339392 0.00915533
3.4 1.249 1 0.5 4 0.0321493 0.0101207
3.4 1.249 1 0.5 4.5 0.0323564 0.0107815
3.4 1.249 1 0.5 5 0.0314278 0.0113428
3.4 1.249 1 0.5 5.5 0.0307461 0.0119488

3.5 1.249 1 0.5 0 0.0498735 0.000429642
3.5 1.249 1 0.5 0.5 0.0455236 0.00308959
3.5 1.249 1 0.5 1 0.0415704 0.00428948
3.5 1.249 1 0.5 1.5 0.0384636 0.0056852
3.5 1.249 1 0.5 2 0.0365503 0.0067265
3.5 1.249 1 0.5 2.5 0.0353167 0.00774192
3.5 1.249 1 0.5 3 0.0336476 0.00821131
3.5 1.249 1 0.5 3.5 0.0330609 0.00876018
3.5 1.249 1 0.5 4 0.0318885 0.00926962
3.5 1.249 1 0.5 4.5 0.0315463 0.0104972
3.5 1.249 1 0.5 5 0.0311225 0.0109749
3.5 1.249 1 0.5 5.5 0.0299822 0.0116542

3.6 1.249 1 0.5 0 0.0487798 0.000426934
3.6 1.249 1 0.5 0.5 0.044545 0.00285207
3.6 1.249 1 0.5 1 0.0405687 0.00436843
3.6 1.249 1 0.5 1.5 0.0381423 0.00546307
3.6 1.249 1 0.5 2 0.0357934 0.00638946
3.6 1.249 1 0.5 2.5 0.0344387 0.00729668
3.6 1.249 1 0.5 3 0.0328877 0.00809053
3.6 1.249 1 0.5 3.5 0.0324681 0.00855383
3.6 1.249 1 0.5 4 0.0320411 0.00957699
3.6 1.249 1 0.5 4.5 0.0309827 0.0101946
3.6 1.249 1 0.5 5 0.0295587 0.0109288
3.6 1.249 1 0.5 5.5 0.0288795 0.0120895

3.7 1.249 1 0.5 0 0.0477202 0.000451945
3.7 1.249 1 0.5 0.5 0.0437251 0.00289637
3.7 1.249 1 0.5 1 0.0401984 0.00415602
3.7 1.249 1 0.5 1.5 0.0371174 0.00531929
3.7 1.249 1 0.5 2 0.0350746 0.00640139
3.7 1.249 1 0.5 2.5 0.0337708 0.00738171
3.7 1.249 1 0.5 3 0.0325485 0.00783287
3.7 1.249 1 0.5 3.5 0.0319328 0.00875718
3.7 1.249 1 0.5 4 0.0311231 0.00907391
3.7 1.249 1 0.5 4.5 0.0303877 0.00964904
3.7 1.249 1 0.5 5 0.0305611 0.0104974
3.7 1.249 1 0.5 5.5 0.0288653 0.0114057

3.8 1.249 1 0.5 0 0.0467435 0.000416829
3.8 1.249 1 0.5 0.5 0.0430328 0.00285049
3.8 1.249 1 0.5 1 0.0394073 0.00425221
3.8 1.249 1 0.5 1.5 0.0362328 0.0053137
3.8 1.249 1 0.5 2 0.034465 0.00622052
3.8 1.249 1 0.5 2.5 0.0331615 0.00680289
3.8 1.249 1 0.5 3 0.0317446 0.00776336
3.8 1.249 1 0.5 3.5 0.0312364 0.00853742
3.8 1.249 1 0.5 4 0.0299254 0.00941132
3.8 1.249 1 0.5 4.5 0.0298416 0.00965639
3.8 1.249 1 0.5 5 0.0297121 0.0104911
3.8 1.249 1 0.5 5.5 0.0291185 0.0110552

3.9 1.249 1 0.5 0 0.0457516 0.00044831
3.9 1.249 1 0.5 0.5 0.0420584 0.00283732
3.9 1.249 1 0.5 1 0.0387326 0.00397616
3.9 1.249 1 0.5 1.5 0.0362032 0.00504658
3.9 1.249 1 0.5 2 0.0341185 0.00600132
3.9 1.249 1 0.5 2.5 0.0324266 0.00684283
3.9 1.249 1 0.5 3 0.0309174 0.00768221
3.9 1.249 1 0.5 3.5 0.0303032 0.00825452
3.9 1.249 1 0.5 4 0.028994 0.00891705
3.9 1.249 1 0.5 4.5 0.0295764 0.00941011
3.9 1.249 1 0.5 5 0.0286863 0.00999292
3.9 1.249 1 0.5 5.5 0.0282341 0.0112004

4 1.249 1 0.5 0 0.0448646 0.000422707
4 1.249 1 0.5 0.5 0.0412771 0.00270286
4 1.249 1 0.5 1 0.0382382 0.00399594
4 1.249 1 0.5 1.5 0.0352427 0.00476669
4 1.249 1 0.5 2 0.033093 0.0056373
4 1.249 1 0.5 2.5 0.0323711 0.00674077
4 1.249 1 0.5 3 0.0310275 0.00747105
4 1.249 1 0.5 3.5 0.0300121 0.00826284
4 1.249 1 0.5 4 0.0290884 0.00865519
4 1.249 1 0.5 4.5 0.0290803 0.00972226
4 1.249 1 0.5 5 0.028294 0.00976823
4 1.249 1 0.5 5.5 0.0278557 0.00993048

4.1 1.249 1 0.5 0 0.0439749 0.000420837
4.1 1.249 1 0.5 0.5 0.0406804 0.00269512
4.1 1.249 1 0.5 1 0.0373086 0.00380426
4.1 1.249 1 0.5 1.5 0.0347267 0.00486741
4.1 1.249 1 0.5 2 0.0327362 0.00582217
4.1 1.249 1 0.5 2.5 0.03156 0.00671453
4.1 1.249 1 0.5 3 0.0301685 0.00722433
4.1 1.249 1 0.5 3.5 0.0295302 0.00800397
4.1 1.249 1 0.5 4 0.0289115 0.00845257
4.1 1.249 1 0.5 4.5 0.0284316 0.00898584
4.1 1.249 1 0.5 5 0.0269405 0.00956982
4.1 1.249 1 0.5 5.5 0.0271783 0.0105801

4.2 1.249 1 0.5 0 0.0431228 0.000409834
4.2 1.249 1 0.5 0.5 0.0399773 0.00265871
4.2 1.249 1 0.5 1 0.0367223 0.00380489
4.2 1.249 1 0.5 1.5 0.0341334 0.00469647
4.2 1.249 1 0.5 2 0.0324757 0.00551439
4.2 1.249 1 0.5 2.5 0.0307912 0.00636162
4.2 1.249 1 0.5 3 0.0295768 0.00722011
4.2 1.249 1 0.5 3.5 0.028761 0.00786614
4.2 1.249 1 0.5 4 0.0280041 0.00865314
4.2 1.249 1 0.5 4.5 0.0278339 0.00914428
4.2 1.249 1 0.5 5 0.0273206 0.00981204
4.2 1.249 1 0.5 5.5 0.0264243 0.0097968

4.3 1.249 1 0.5 0 0.0422801 0.000430541
4.3 1.249 1 0.5 0.5 0.0391566 0.00252885
4.3 1.249 1 0.5 1 0.0361251 0.00376277
4.3 1.249 1 0.5 1.5 0.0334958 0.00481549
4.3 1.249 1 0.5 2 0.0321542 0.00560933
4.3 1.249 1 0.5 2.5 0.0303441 0.00650766
4.3 1.249 1 0.5 3 0.0295079 0.00682337
4.3 1.249 1 0.5 3.5 0.0290202 0.00754739
4.3 1.249 1 0.5 4 0.027946 0.00799266
4.3 1.249 1 0.5 4.5 0.0270212 0.00899455
4.3 1.249 1 0.5 5 0.0268067 0.00959069
4.3 1.249 1 0.5 5.5 0.0259703 0.00989824

4.4 1.249 1 0.5 0 0.0414927 0.000442881
4.4 1.249 1 0.5 0.5 0.0386323 0.00243774
4.4 1.249 1 0.5 1 0.0356539 0.00364079
4.4 1.249 1 0.5 1.5 0.0331916 0.00463184
4.4 1.249 1 0.5 2 0.0314511 0.00535318
4.4 1.249 1 0.5 2.5 0.0295393 0.00634075
4.4 1.249 1 0.5 3 0.0290078 0.00693413
4.4 1.249 1 0.5 3.5 0.0280601 0.00770154
4.4 1.249 1 0.5 4 0.0271754 0.00777221
4.4 1.249 1 0.5 4.5 0.0265954 0.00854705
4.4 1.249 1 0.5 5 0.0261542 0.0092871
4.4 1.249 1 0.5 5.5 0.0251776 0.00991637

4.5 1.249 1 0.5 0 0.0407274 0.000459224
4.5 1.249 1 0.5 0.5 0.0378593 0.00244455
4.5 1.249 1 0.5 1 0.0348252 0.0035601
4.5 1.249 1 0.5 1.5 0.0329122 0.00457181
4.5 1.249 1 0.5 2 0.0306358 0.00515456
4.5 1.249 1 0.5 2.5 0.0294631 0.00606958
4.5 1.249 1 0.5 3 0.0286091 0.00675808
4.5 1.249 1 0.5 3.5 0.0274606 0.00735959
4.5 1.249 1 0.5 4 0.0265205 0.00781601
4.5 1.249 1 0.5 4.5 0.0264164 0.00855295
4.5 1.249 1 0.5 5 0.0263984 0.00865482
4.5 1.249 1 0.5 5.5 0.0256671 0.00919022

4.6 1.249 1 0.5 0 0.0400888 0.000424577
4.6 1.249 1 0.5 0.5 0.0374385 0.00255939
4.6 1.249 1 0.5 1 0.0344981 0.00338327
4.6 1.249 1 0.5 1.5 0.0321234 0.00471643
4.6 1.249 1 0.5 2 0.0303003 0.00542987
4.6 1.249 1 0.5 2.5 0.0289996 0.00597528
4.6 1.249 1 0.5 3 0.0279602 0.0068369
4.6 1.249 1 0.5 3.5 0.0271234 0.00725175
4.6 1.249 1 0.5 4 0.0266285 0.0076697
4.6 1.249 1 0.5 4.5 0.0259172 0.008556
4.6 1.249 1 0.5 5 0.0253395 0.00877083
4.6 1.249 1 0.5 5.5 0.0249604 0.0091328

4.7 1.249 1 0.5 0 0.0393699 0.00043766
4.7 1.249 1 0.5 0.5 0.0367827 0.0024705
4.7 1.249 1 0.5 1 0.0340249 0.00350323
4.7 1.249 1 0.5 1.5 0.0316127 0.00434482
4.7 1.249 1 0.5 2 0.0301292 0.00530986
4.7 1.249 1 0.5 2.5 0.0286749 0.00557086
4.7 1.249 1 0.5 3 0.0276768 0.00637109
4.7 1.249 1 0.5 3.5 0.0265253 0.00722085
4.7 1.249 1 0.5 4 0.025875 0.00763741
4.7 1.249 1 0.5 4.5 0.0259177 0.00840474
4.7 1.249 1 0.5 5 0.0254416 0.00924291
4.7 1.249 1 0.5 5.5 0.0244251 0.00920542

4.8 1.249 1 0.5 0 0.0386884 0.000434393
4.8 1.249 1 0.5 0.5 0.0361184 0.002303
4.8 1.249 1 0.5 1 0.033454 0.0034019
4.8 1.249 1 0.5 1.5 0.0313648 0.00421013
4.8 1.249 1 0.5 2 0.0296977 0.00470882
4.8 1.249 1 0.5 2.5 0.0281523 0.00612787
4.8 1.249 1 0.5 3 0.026919 0.0064441
4.8 1.249 1 0.5 3.5 0.0264264 0.00690094
4.8 1.249 1 0.5 4 0.0252846 0.00745581
4.8 1.249 1 0.5 4.5 0.0250083 0.00788139
4.8 1.249 1 0.5 5 0.0246537 0.00866452
4.8 1.249 1 0.5 5.5 0.0240465 0.00954857

4.9 1.249 1 0.5 0 0.0380264 0.000455947
4.9 1.249 1 0.5 0.5 0.0354626 0.0023
4.9 1.249 1 0.5 1 0.0330081 0.00337256
4.9 1.249 1 0.5 1.5 0.0307585 0.00416204
4.9 1.249 1 0.5 2 0.0291436 0.00486421
4.9 1.249 1 0.5 2.5 0.0279519 0.00552312
4.9 1.249 1 0.5 3 0.0268298 0.00622209
4.9 1.249 1 0.5 3.5 0.0258797 0.00660667
4.9 1.249 1 0.5 4 0.024878 0.00752084
4.9 1.249 1 0.5 4.5 0.0241058 0.00816592
4.9 1.249 1 0.5 5 0.0241887 0.00864252
4.9 1.249 1 0.5 5.5 0.0237191 0.00873393

5 1.249 1 0.5 0 0.0373959 0.000415284
5 1.249 1 0.5 0.5 0.0349021 0.00230788
5 1.249 1 0.5 1 0.0324935 0.00319575
5 1.249 1 0.5 1.5 0.0306535 0.00396584
5 1.249 1 0.5 2 0.0286471 0.00498488
5 1.249 1 0.5 2.5 0.0273329 0.00539049
5 1.249 1 0.5 3 0.0263119 0.00622077
5 1.249 1 0.5 3.5 0.0256102 0.00673125
5 1.249 1 0.5 4 0.0250453 0.00730339
5 1.249 1 0.5 4.5 0.0244213 0.00766686
5 1.249 1 0.5 5 0.0239628 0.00847539
5 1.249 1 0.5 5.5 0.0239198 0.00874565

5.1 1.249 1 0.5 0 0.0367782 0.000430722
5.1 1.249 1 0.5 0.5 0.0344837 0.00226464
5.1 1.249 1 0.5 1 0.0322025 0.00343427
5.1 1.249 1 0.5 1.5 0.0299539 0.00413408
5.1 1.249 1 0.5 2 0.0283658 0.00475045
5.1 1.249 1 0.5 2.5 0.027039 0.00553961
5.1 1.249 1 0.5 3 0.0260533 0.00614786
5.1 1.249 1 0.5 3.5 0.0253688 0.00654185
5.1 1.249 1 0.5 4 0.0247603 0.00720067
5.1 1.249 1 0.5 4.5 0.0239426 0.00786901
5.1 1.249 1 0.5 5 0.0235415 0.00847173
5.1 1.249 1 0.5 5.5 0.0232284 0.00831257

5.2 1.249 1 0.5 0 0.0361758 0.000419794
5.2 1.249 1 0.5 0.5 0.0339313 0.00228148
5.2 1.249 1 0.5 1 0.0316798 0.00322131
5.2 1.249 1 0.5 1.5 0.0294385 0.00386255
5.2 1.249 1 0.5 2 0.0280627 0.00467548
5.2 1.249 1 0.5 2.5 0.026976 0.00535222
5.2 1.249 1 0.5 3 0.0257357 0.00592756
5.2 1.249 1 0.5 3.5 0.0247869 0.0067637
5.2 1.249 1 0.5 4 0.0242388 0.00702854
5.2 1.249 1 0.5 4.5 0.0239914 0.00750368
5.2 1.249 1 0.5 5 0.0237786 0.008121
5.2 1.249 1 0.5 5.5 0.0227474 0.00847358

5.3 1.249 1 0.5 0 0.0355995 0.000454695
5.3 1.249 1 0.5 0.5 0.0334797 0.00219442
5.3 1.249 1 0.5 1 0.0311293 0.00316918
5.3 1.249 1 0.5 1.5 0.02937 0.00385688
5.3 1.249 1 0.5 2 0.0275716 0.00454767
5.3 1.249 1 0.5 2.5 0.0264426 0.00509342
5.3 1.249 1 0.5 3 0.0254932 0.00578203
5.3 1.249 1 0.5 3.5 0.024647 0.00648277
5.3 1.249 1 0.5 4 0.0239699 0.00689691
5.3 1.249 1 0.5 4.5 0.0232088 0.00734759
5.3 1.249 1 0.5 5 0.0234694 0.00795005
5.3 1.249 1 0.5 5.5 0.0229963 0.00838869

5.4 1.249 1 0.5 0 0.0350169 0.000433656
5.4 1.249 1 0.5 0.5 0.0329727 0.00215551
5.4 1.249 1 0.5 1 0.0306031 0.00299988
5.4 1.249 1 0.5 1.5 0.028642 0.00386041
5.4 1.249 1 0.5 2 0.0272418 0.0044115
5.4 1.249 1 0.5 2.5 0.0262687 0.00512498
5.4 1.249 1 0.5 3 0.0252627 0.00565563
5.4 1.249 1 0.5 3.5 0.0240405 0.00607678
5.4 1.249 1 0.5 4 0.0234895 0.00692252
5.4 1.249 1 0.5 4.5 0.0232009 0.00736143
5.4 1.249 1 0.5 5 0.0226026 0.00779475
5.4 1.249 1 0.5 5.5 0.0221014 0.00813253

5.5 1.249 1 0.5 0 0.0344966 0.000455155
5.5 1.249 1 0.5 0.5 0.0324067 0.00210618
5.5 1.249 1 0.5 1 0.0304313 0.00307038
5.5 1.249 1 0.5 1.5 0.0283923 0.00393549
5.5 1.249 1 0.5 2 0.026776 0.00440324
5.5 1.249 1 0.5 2.5 0.025627 0.00515272
5.5 1.249 1 0.5 3 0.0245796 0.00537583
5.5 1.249 1 0.5 3.5 0.0237575 0.00576849
5.5 1.249 1 0.5 4 0.0229761 0.00668333
5.5 1.249 1 0.5 4.5 0.0225343 0.00706149
5.5 1.249 1 0.5 5 0.0225032 0.00783315
5.5 1.249 1 0.5 5.5 0.0214132 0.0082282

5.6 1.249 1 0.5 0 0.0339381 0.000467052
5.6 1.249 1 0.5 0.5 0.0320075 0.00201985
5.6 1.249 1 0.5 1 0.0297215 0.00301093
5.6 1.249 1 0.5 1.5 0.0279601 0.00385536
5.6 1.249 1 0.5 2 0.0264668 0.00440137
5.6 1.249 1 0.5 2.5 0.0251803 0.00507369
5.6 1.249 1 0.5 3 0.0242049 0.00543481
5.6 1.249 1 0.5 3.5 0.0234418 0.00605152
5.6 1.249 1 0.5 4 0.0229429 0.00654597
5.6 1.249 1 0.5 4.5 0.0225319 0.0070045
5.6 1.249 1 0.5 5 0.021811 0.00737546
5.6 1.249 1 0.5 5.5 0.021339 0.00805243

5.7 1.249 1 0.5 0 0.0334663 0.000415567
5.7 1.249 1 0.5 0.5 0.0314304 0.00217593
5.7 1.249 1 0.5 1 0.0294561 0.00302844
5.7 1.249 1 0.5 1.5 0.0276702 0.00358725
5.7 1.249 1 0.5 2 0.0261634 0.00423324
5.7 1.249 1 0.5 2.5 0.0251574 0.00487762
5.7 1.249 1 0.5 3 0.0243417 0.0055337
5.7 1.249 1 0.5 3.5 0.0236654 0.00578659
5.7 1.249 1 0.5 4 0.0226578 0.00657767
5.7 1.249 1 0.5 4.5 0.0221005 0.00704515
5.7 1.249 1 0.5 5 0.0212577 0.00717782
5.7 1.249 1 0.5 5.5 0.0220121 0.00783904

5.8 1.249 1 0.5 0 0.0329549 0.000442035
5.8 1.249 1 0.5 0.5 0.0309106 0.00210819
5.8 1.249 1 0.5 1 0.0290248 0.00294474
5.8 1.249 1 0.5 1.5 0.0271878 0.00363519
5.8 1.249 1 0.5 2 0.0259586 0.00428728
5.8 1.249 1 0.5 2.5 0.0246356 0.00481277
5.8 1.249 1 0.5 3 0.0236552 0.00532801
5.8 1.249 1 0.5 3.5 0.0230958 0.00589219
5.8 1.249 1 0.5 4 0.0221678 0.00663729
5.8 1.249 1 0.5 4.5 0.0218441 0.00677574
5.8 1.249 1 0.5 5 0.0213552 0.0075483
5.8 1.249 1 0.5 5.5 0.0205953 0.00784403

5.9 1.249 1 0.5 0 0.032483 0.00045146
5.9 1.249 1 0.5 0.5 0.0306391 0.00192037
5.9 1.249 1 0.5 1 0.0286529 0.0029078
5.9 1.249 1 0.5 1.5 0.0269325 0.00346731
5.9 1.249 1 0.5 2 0.0255832 0.00396824
5.9 1.249 1 0.5 2.5 0.0244104 0.00468513
5.9 1.249 1 0.5 3 0.023438 0.0054208
5.9 1.249 1 0.5 3.5 0.0232687 0.00566726
5.9 1.249 1 0.5 4 0.022165 0.00628046
5.9 1.249 1 0.5 4.5 0.0219564 0.00656732
5.9 1.249 1 0.5 5 0.0212604 0.00699745
5.9 1.249 1 0.5 5.5 0.0208128 0.00724915

6 1.249 1 0.5 0 0.0320044 0.000448587
6 1.249 1 0.5 0.5 0.0302064 0.00194991
6 1.249 1 0.5 1 0.0283708 0.00286818
6 1.249 1 0.5 1.5 0.02658 0.00351745
6 1.249 1 0.5 2 0.0252962 0.00418131
6 1.249 1 0.5 2.5 0.0241975 0.00491053
6 1.249 1 0.5 3 0.0232526 0.00533074
6 1.249 1 0.5 3.5 0.0223754 0.00577719
6 1.249 1 0.5 4 0.0217647 0.00614867
6 1.249 1 0.5 4.5 0.0214759 0.00635261
6 1.249 1 0.5 5 0.0208595 0.00690039
6 1.249 1 0.5 5.5 0.0204867 0.00733669

6.1 1.249 1 0.5 0 0.0315517 0.000479378
6.1 1.249 1 0.5 0.5 0.0297505 0.00191445
6.1 1.249 1 0.5 1 0.0280192 0.00283341
6.1 1.249 1 0.5 1.5 0.026206 0.00344321
6.1 1.249 1 0.5 2 0.0251768 0.00402535
6.1 1.249 1 0.5 2.5 0.0238125 0.00483342
6.1 1.249 1 0.5 3 0.0228496 0.00521232
6.1 1.249 1 0.5 3.5 0.0224837 0.00572171
6.1 1.249 1 0.5 4 0.0218345 0.00606488
6.1 1.249 1 0.5 4.5 0.0212825 0.00653611
6.1 1.249 1 0.5 5 0.020825 0.00689885
6.1 1.249 1 0.5 5.5 0.0201072 0.00734057

6.2 1.249 1 0.5 0 0.0311076 0.000491838
6.2 1.249 1 0.5 0.5 0.0294449 0.00190519
6.2 1.249 1 0.5 1 0.0277298 0.0028159
6.2 1.249 1 0.5 1.5 0.0259333 0.00342359
6.2 1.249 1 0.5 2 0.0244267 0.00391046
6.2 1.249 1 0.5 2.5 0.023551 0.00465471
6.2 1.249 1 0.5 3 0.0226295 0.00493604
6.2 1.249 1 0.5 3.5 0.0222856 0.00559933
6.2 1.249 1 0.5 4 0.0215372 0.00620046
6.2 1.249 1 0.5 4.5 0.0210557 0.00658267
6.2 1.249 1 0.5 5 0.0201947 0.00682593
6.2 1.249 1 0.5 5.5 0.0197116 0.00742891

6.3 1.249 1 0.5 0 0.0306815 0.000457759
6.3 1.249 1 0.5 0.5 0.0289407 0.00192477
6.3 1.249 1 0.5 1 0.0274429 0.00267363
6.3 1.249 1 0.5 1.5 0.0256623 0.00326836
6.3 1.249 1 0.5 2 0.0243517 0.00413353
6.3 1.249 1 0.5 2.5 0.0233948 0.00439255
6.3 1.249 1 0.5 3 0.0223722 0.00495832
6.3 1.249 1 0.5 3.5 0.0217393 0.00546783
6.3 1.249 1 0.5 4 0.0208888 0.0057951
6.3 1.249 1 0.5 4.5 0.0204303 0.00632567
6.3 1.249 1 0.5 5 0.0205171 0.00668045
6.3 1.249 1 0.5 5.5 0.0201456 0.00716405

6.4 1.249 1 0.5 0 0.0302743 0.000461297
6.4 1.249 1 0.5 0.5 0.0287222 0.00191114
6.4 1.249 1 0.5 1 0.0269523 0.00262715
6.4 1.249 1 0.5 1.5 0.0254265 0.00322081
6.4 1.249 1 0.5 2 0.0241547 0.00403864
6.4 1.249 1 0.5 2.5 0.0230326 0.00445426
6.4 1.249 1 0.5 3 0.0220678 0.00502836
6.4 1.249 1 0.5 3.5 0.0213479 0.00543255
6.4 1.249 1 0.5 4 0.0207159 0.00626521
6.4 1.249 1 0.5 4.5 0.0203506 0.00619256
6.4 1.249 1 0.5 5 0.0199147 0.00652411
6.4 1.249 1 0.5 5.5 0.0196999 0.00688697

6.5 1.249 1 0.5 0 0.0298861 0.000453136
6.5 1.249 1 0.5 0.5 0.0282518 0.0018708
6.5 1.249 1 0.5 1 0.026622 0.00273347
6.5 1.249 1 0.5 1.5 0.0251559 0.00330482
6.5 1.249 1 0.5 2 0.0239073 0.00384983
6.5 1.249 1 0.5 2.5 0.0228663 0.00443149
6.5 1.249 1 0.5 3 0.0217867 0.0047452
6.5 1.249 1 0.5 3.5 0.0210666 0.00537885
6.5 1.249 1 0.5 4 0.0205529 0.00571143
6.5 1.249 1 0.5 4.5 0.020329 0.00628773
6.5 1.249 1 0.5 5 0.0196151 0.00664585
6.5 1.249 1 0.5 5.5 0.0192901 0.00709611

6.6 1.249 1 0.5 0 0.0294723 0.000422286
6.6 1.249 1 0.5 0.5 0.027872 0.00181777
6.6 1.249 1 0.5 1 0.0264449 0.00257634
6.6 1.249 1 0.5 1.5 0.024885 0.00331613
6.6 1.249 1 0.5 2 0.0236016 0.00387529
6.6 1.249 1 0.5 2.5 0.0228523 0.00433252
6.6 1.249 1 0.5 3 0.0216889 0.00484541
6.6 1.249 1 0.5 3.5 0.0209674 0.00527167
6.6 1.249 1 0.5 4 0.0206932 0.00572035
6.6 1.249 1 0.5 4.5 0.0196747 0.00624639
6.6 1.249 1 0.5 5 0.0192614 0.00664094
6.6 1.249 1 0.5 5.5 0.0191253 0.00682766

6.7 1.249 1 0.5 0 0.0290645 0.00046784
6.7 1.249 1 0.5 0.5 0.0275819 0.00183741
6.7 1.249 1 0.5 1 0.0259829 0.00264873
6.7 1.249 1 0.5 1.5 0.0246647 0.00325667
6.7 1.249 1 0.5 2 0.0235651 0.00368497
6.7 1.249 1 0.5 2.5 0.0223081 0.00435359
6.7 1.249 1 0.5 3 0.0214515 0.00480255
6.7 1.249 1 0.5 3.5 0.0212748 0.00519753
6.7 1.249 1 0.5 4 0.0206002 0.00546674
6.7 1.249 1 0.5 4.5 0.0198688 0.00568241
6.7 1.249 1 0.5 5 0.0194545 0.00643915
6.7 1.249 1 0.5 5.5 0.0191677 0.00675212

6.8 1.249 1 0.5 0 0.0287035 0.000484845
6.8 1.249 1 0.5 0.5 0.0271299 0.0018233
6.8 1.249 1 0.5 1 0.0257516 0.00251793
6.8 1.249 1 0.5 1.5 0.0241704 0.00314381
6.8 1.249 1 0.5 2 0.0231638 0.00363579
6.8 1.249 1 0.5 2.5 0.0221567 0.00422541
6.8 1.249 1 0.5 3 0.0213248 0.00474302
6.8 1.249 1 0.5 3.5 0.020813 0.00537231
6.8 1.249 1 0.5 4 0.0202248 0.0054157
6.8 1.249 1 0.5 4.5 0.0196559 0.00586989
6.8 1.249 1 0.5 5 0.0197482 0.00619417
6.8 1.249 1 0.5 5.5 0.0188649 0.00698469

6.9 1.249 1 0.5 0 0.0283579 0.000476227
6.9 1.249 1 0.5 0.5 0.0269852 0.00176335
6.9 1.249 1 0.5 1 0.0254232 0.00251143
6.9 1.249 1 0.5 1.5 0.024035 0.00314634
6.9 1.249 1 0.5 2 0.0227783 0.00354886
6.9 1.249 1 0.5 2.5 0.0218177 0.00417595
6.9 1.249 1 0.5 3 0.0209875 0.00465306
6.9 1.249 1 0.5 3.5 0.0205155 0.00505464
6.9 1.249 1 0.5 4 0.0196266 0.00527569
6.9 1.249 1 0.5 4.5 0.0193239 0.00593758
6.9 1.249 1 0.5 5 0.018534 0.0062431
6.9 1.249 1 0.5 5.5 0.018577 0.0065139

7 1.249 1 0.5 0 0.0279973 0.000445484
7 1.249 1 0.5 0.5 0.026515 0.00180435
7 1.249 1 0.5 1 0.0251297 0.00254289
7 1.249 1 0.5 1.5 0.0237182 0.00317565
7 1.249 1 0.5 2 0.0226437 0.00357388
7 1.249 1 0.5 2.5 0.0216582 0.00411503
7 1.249 1 0.5 3 0.021051 0.00459012
7 1.249 1 0.5 3.5 0.0200296 0.00484545
7 1.249 1 0.5 4 0.0196694 0.00539836
7 1.249 1 0.5 4.5 0.019441 0.00578918
7 1.249 1 0.5 5 0.0184797 0.00620597
7 1.249 1 0.5 5.5 0.0183658 0.0065453

7.1 1.249 1 0.5 0 0.0276684 0.000427442
7.1 1.249 1 0.5 0.5 0.0261927 0.0017749
7.1 1.249 1 0.5 1 0.0248621 0.00252259
7.1 1.249 1 0.5 1.5 0.0235098 0.00300223
7.1 1.249 1 0.5 2 0.0224257 0.00361722
7.1 1.249 1 0.5 2.5 0.0213835 0.00380396
7.1 1.249 1 0.5 3 0.0206991 0.00451913
7.1 1.249 1 0.5 3.5 0.0199984 0.00489874
7.1 1.249 1 0.5 4 0.0193953 0.00527843
7.1 1.249 1 0.5 4.5 0.0190647 0.00585459
7.1 1.249 1 0.5 5 0.018767 0.00612284
7.1 1.249 1 0.5 5.5 0.017827 0.00647372

7.2 1.249 1 0.5 0 0.0272915 0.000447209
7.2 1.249 1 0.5 0.5 0.0259624 0.00166355
7.2 1.249 1 0.5 1 0.0246386 0.00243279
7.2 1.249 1 0.5 1.5 0.0233266 0.00310693
7.2 1.249 1 0.5 2 0.0220678 0.00344873
7.2 1.249 1 0.5 2.5 0.0212406 0.00400196
7.2 1.249 1 0.5 3 0.0203925 0.00448231
7.2 1.249 1 0.5 3.5 0.0195617 0.00481789
7.2 1.249 1 0.5 4 0.0191854 0.00546542
7.2 1.249 1 0.5 4.5 0.0186468 0.00570553
7.2 1.249 1 0.5 5 0.0183879 0.00602036
7.2 1.249 1 0.5 5.5 0.0180309 0.00625083

7.3 1.249 1 0.5 0 0.0270317 0.00058561
7.3 1.249 1 0.5 0.5 0.0255585 0.00171051
7.3 1.249 1 0.5 1 0.024253 0.00241993
7.3 1.249 1 0.5 1.5 0.0229964 0.00297731
7.3 1.249 1 0.5 2 0.0219158 0.00347456
7.3 1.249 1 0.5 2.5 0.0208757 0.00392991
7.3 1.249 1 0.5 3 0.0198977 0.00440939
7.3 1.249 1 0.5 3.5 0.0195551 0.00490393
7.3 1.249 1 0.5 4 0.018955 0.00520367
7.3 1.249 1 0.5 4.5 0.0182454 0.00550647
7.3 1.249 1 0.5 5 0.017981 0.00595051
7.3 1.249 1 0.5 5.5 0.0178856 0.00584811

7.4 1.249 1 0.5 0 0.026709 0.000491322
7.4 1.249 1 0.5 0.5 0.0253683 0.00166821
7.4 1.249 1 0.5 1 0.0239288 0.00242294
7.4 1.249 1 0.5 1.5 0.0226209 0.0029939
7.4 1.249 1 0.5 2 0.0218207 0.00341861
7.4 1.249 1 0.5 2.5 0.0208137 0.00401064
7.4 1.249 1 0.5 3 0.0200293 0.00436548
7.4 1.249 1 0.5 3.5 0.0195092 0.00452557
7.4 1.249 1 0.5 4 0.0187534 0.00517374
7.4 1.249 1 0.5 4.5 0.0180904 0.00566878
7.4 1.249 1 0.5 5 0.0181422 0.00593608
7.4 1.249 1 0.5 5.5 0.0176494 0.00596017

7.5 1.249 1 0.5 0 0.0263559 0.000495756
7.5 1.249 1 0.5 0.5 0.0250822 0.00168406
7.5 1.249 1 0.5 1 0.0238717 0.00239266
7.5 1.249 1 0.5 1.5 0.0224797 0.00301766
7.5 1.249 1 0.5 2 0.0215416 0.00345995
7.5 1.249 1 0.5 2.5 0.020404 0.00388068
7.5 1.249 1 0.5 3 0.0198454 0.00418409
7.5 1.249 1 0.5 3.5 0.0192547 0.00456269
7.5 1.249 1 0.5 4 0.0186979 0.00519628
7.5 1.249 1 0.5 4.5 0.0183429 0.00534932
7.5 1.249 1 0.5 5 0.0177559 0.00592655
7.5 1.249 1 0.5 5.5 0.0174241 0.00620541

7.6 1.249 1 0.5 0 0.0260378 0.000453332
7.6 1.249 1 0.5 0.5 0.0248407 0.00164377
7.6 1.249 1 0.5 1 0.023447 0.00246003
7.6 1.249 1 0.5 1.5 0.0224295 0.00288738
7.6 1.249 1 0.5 2 0.0212578 0.00335116
7.6 1.249 1 0.5 2.5 0.0204019 0.00389983
7.6 1.249 1 0.5 3 0.0195267 0.00420314
7.6 1.249 1 0.5 3.5 0.0192452 0.00432267
7.6 1.249 1 0.5 4 0.0184401 0.00513797
7.6 1.249 1 0.5 4.5 0.0180569 0.00510088
7.6 1.249 1 0.5 5 0.0176463 0.00570094
7.6 1.249 1 0.5 5.5 0.0175492 0.00602138

7.7 1.249 1 0.5 0 0.0257946 0.000597773
7.7 1.249 1 0.5 0.5 0.0246034 0.00166496
7.7 1.249 1 0.5 1 0.0232846 0.00225611
7.7 1.249 1 0.5 1.5 0.0221677 0.00283659
7.7 1.249 1 0.5 2 0.0211074 0.00329036
7.7 1.249 1 0.5 2.5 0.0201506 0.00369011
7.7 1.249 1 0.5 3 0.0195743 0.00426584
7.7 1.249 1 0.5 3.5 0.0189237 0.00457567
7.7 1.249 1 0.5 4 0.0184562 0.00488172
7.7 1.249 1 0.5 4.5 0.0177621 0.00538952
7.7 1.249 1 0.5 5 0.0176369 0.00547071
7.7 1.249 1 0.5 5.5 0.0171499 0.00591371

7.8 1.249 1 0.5 0 0.0254768 0.000676353
7.8 1.249 1 0.5 0.5 0.0242807 0.00165449
7.8 1.249 1 0.5 1 0.0230143 0.00235688
7.8 1.249 1 0.5 1.5 0.0217822 0.00277262
7.8 1.249 1 0.5 2 0.0210105 0.0032765
7.8 1.249 1 0.5 2.5 0.0201082 0.00365871
7.8 1.249 1 0.5 3 0.0194073 0.00418081
7.8 1.249 1 0.5 3.5 0.0185936 0.0045712
7.8 1.249 1 0.5 4 0.0181598 0.00470624
7.8 1.249 1 0.5 4.5 0.0174269 0.00516589
7.8 1.249 1 0.5 5 0.0173213 0.00542391
7.8 1.249 1 0.5 5.5 0.0167928 0.00617791

7.9 1.249 1 0.5 0 0.0252393 0.000914028
7.9 1.249 1 0.5 0.5 0.0240565 0.00162651
7.9 1.249 1 0.5 1 0.0227949 0.00232967
7.9 1.249 1 0.5 1.5 0.021634 0.00274828
7.9 1.249 1 0.5 2 0.0207551 0.00341441
7.9 1.249 1 0.5 2.5 0.0199051 0.00363697
7.9 1.249 1 0.5 3 0.0191127 0.0039677
7.9 1.249 1 0.5 3.5 0.0186696 0.00451647
7.9 1.249 1 0.5 4 0.0180182 0.00495539
7.9 1.249 1 0.5 4.5 0.0176363 0.00491423
7.9 1.249 1 0.5 5 0.0169411 0.00540791
7.9 1.249 1 0.5 5.5 0.0167534 0.00590814

8 1.249 1 0.5 0 0.0249495 0.000883794
8 1.249 1 0.5 0.5 0.0237252 0.00163107
8 1.249 1 0.5 1 0.0225075 0.00225411
8 1.249 1 0.5 1.5 0.0213355 0.00283075
8 1.249 1 0.5 2 0.0205171 0.00315339
8 1.249 1 0.5 2.5 0.0195716 0.00359665
8 1.249 1 0.5 3 0.0189471 0.00412894
8 1.249 1 0.5 3.5 0.0183114 0.00436741
8 1.249 1 0.5 4 0.0174625 0.00476608
8 1.249 1 0.5 4.5 0.0171345 0.00518058
8 1.249 1 0.5 5 0.0169984 0.00527978
8 1.249 1 0.5 5.5 0.0163936 0.00582828

8.1 1.249 1 0.5 0 0.0247359 0.00146035
8.1 1.249 1 0.5 0.5 0.0234597 0.00154429
8.1 1.249 1 0.5 1 0.0223433 0.00215916
8.1 1.249 1 0.5 1.5 0.0211572 0.002683
8.1 1.249 1 0.5 2 0.0203502 0.00325525
8.1 1.249 1 0.5 2.5 0.0193564 0.0035689
8.1 1.249 1 0.5 3 0.0185544 0.00405818
8.1 1.249 1 0.5 3.5 0.0182126 0.00443322
8.1 1.249 1 0.5 4 0.0175878 0.00478285
8.1 1.249 1 0.5 4.5 0.0170401 0.00492179
8.1 1.249 1 0.5 5 0.0168629 0.00551127
8.1 1.249 1 0.5 5.5 0.0164222 0.0057916

8.2 1.249 1 0.5 0 0.0244288 0.00118251
8.2 1.249 1 0.5 0.5 0.0232003 0.00154235
8.2 1.249 1 0.5 1 0.0221063 0.00223674
8.2 1.249 1 0.5 1.5 0.0210654 0.00276742
8.2 1.249 1 0.5 2 0.0203837 0.00315237
8.2 1.249 1 0.5 2.5 0.0192954 0.0035381
8.2 1.249 1 0.5 3 0.0188813 0.00385775
8.2 1.249 1 0.5 3.5 0.0181847 0.00415147
8.2 1.249 1 0.5 4 0.0175017 0.0047274
8.2 1.249 1 0.5 4.5 0.017059 0.0050539
8.2 1.249 1 0.5 5 0.0167103 0.00544416
8.2 1.249 1 0.5 5.5 0.0165813 0.00567514

8.3 1.249 1 0.5 0 0.0241152 0.00102198
8.3 1.249 1 0.5 0.5 0.0229691 0.00157382
8.3 1.249 1 0.5 1 0.0220007 0.00220884
8.3 1.249 1 0.5 1.5 0.0208455 0.00275017
8.3 1.249 1 0.5 2 0.0197882 0.0030441
8.3 1.249 1 0.5 2.5 0.0191331 0.00337647
8.3 1.249 1 0.5 3 0.0185362 0.00394133
8.3 1.249 1 0.5 3.5 0.0179899 0.00427227
8.3 1.249 1 0.5 4 0.0170494 0.00473855
8.3 1.249 1 0.5 4.5 0.0169172 0.00498119
8.3 1.249 1 0.5 5 0.0163988 0.00521158
8.3 1.249 1 0.5 5.5 0.0162268 0.00560291

8.4 1.249 1 0.5 0 0.0239665 0.00172389
8.4 1.249 1 0.5 0.5 0.0228271 0.00157418
8.4 1.249 1 0.5 1 0.0217427 0.00221703
8.4 1.249 1 0.5 1.5 0.0206983 0.00269949
8.4 1.249 1 0.5 2 0.0196201 0.00311761
8.4 1.249 1 0.5 2.5 0.0188205 0.00361914
8.4 1.249 1 0.5 3 0.0183244 0.00388715
8.4 1.249 1 0.5 3.5 0.0177709 0.00429851
8.4 1.249 1 0.5 4 0.0169892 0.00456685
8.4 1.249 1 0.5 4.5 0.0166023 0.00499496
8.4 1.249 1 0.5 5 0.0165788 0.00515323
8.4 1.249 1 0.5 5.5 0.0158338 0.00554014

8.5 1.249 1 0.5 0 0.023703 0.00197551
8.5 1.249 1 0.5 0.5 0.0225945 0.00152397
8.5 1.249 1 0.5 1 0.0214142 0.00206192
8.5 1.249 1 0.5 1.5 0.0205003 0.00258904
8.5 1.249 1 0.5 2 0.0196334 0.00305038
8.5 1.249 1 0.5 2.5 0.0187378 0.0034209
8.5 1.249 1 0.5 3 0.018031 0.0038139
8.5 1.249 1 0.5 3.5 0.0174249 0.00400056
8.5 1.249 1 0.5 4 0.0169954 0.00439523
8.5 1.249 1 0.5 4.5 0.0166035 0.00475
8.5 1.249 1 0.5 5 0.0164337 0.00494896
8.5 1.249 1 0.5 5.5 0.0160284 0.00547308

8.6 1.249 1 0.5 0 0.0237016 0.00347329
8.6 1.249 1 0.5 0.5 0.0221779 0.00147875
8.6 1.249 1 0.5 1 0.0212182 0.0020804
8.6 1.249 1 0.5 1.5 0.0202971 0.00263606
8.6 1.249 1 0.5 2 0.0195178 0.00305946
8.6 1.249 1 0.5 2.5 0.018652 0.00339955
8.6 1.249 1 0.5 3 0.0179409 0.00375759
8.6 1.249 1 0.5 3.5 0.0174733 0.0041252
8.6 1.249 1 0.5 4 0.0168996 0.00457008
8.6 1.249 1 0.5 4.5 0.0165209 0.00464844
8.6 1.249 1 0.5 5 0.0159001 0.00514638
8.6 1.249 1 0.5 5.5 0.0158437 0.00524154

8.7 1.249 1 0.5 0 0.0232883 0.00281489
8.7 1.249 1 0.5 0.5 0.0220185 0.001452
8.7 1.249 1 0.5 1 0.0210577 0.00215245
8.7 1.249 1 0.5 1.5 0.0201344 0.00263711
8.7 1.249 1 0.5 2 0.019317 0.00315699
8.7 1.249 1 0.5 2.5 0.0184478 0.00338317
8.7 1.249 1 0.5 3 0.0177221 0.00371323
8.7 1.249 1 0.5 3.5 0.0172409 0.00425998
8.7 1.249 1 0.5 4 0.0169003 0.00434481
8.7 1.249 1 0.5 4.5 0.0162053 0.00448682
8.7 1.249 1 0.5 5 0.0159219 0.00528594
8.7 1.249 1 0.5 5.5 0.0154077 0.00545326

8.8 1.249 1 0.5 0 0.0231204 0.00390838
8.8 1.249 1 0.5 0.5 0.0219471 0.00147513
8.8 1.249 1 0.5 1 0.0208951 0.00200061
8.8 1.249 1 0.5 1.5 0.0200013 0.00260506
8.8 1.249 1 0.5 2 0.0189625 0.0030427
8.8 1.249 1 0.5 2.5 0.0182991 0.00334343
8.8 1.249 1 0.5 3 0.0177854 0.00374
8.8 1.249 1 0.5 3.5 0.0172435 0.00393872
8.8 1.249 1 0.5 4 0.016634 0.0043824
8.8 1.249 1 0.5 4.5 0.0159973 0.00464568
8.8 1.249 1 0.5 5 0.0159171 0.00480776
8.8 1.249 1 0.5 5.5 0.0154426 0.00516453

8.9 1.249 1 0.5 0 0.0229037 0.00411299
8.9 1.249 1 0.5 0.5 0.021596 0.00151742
8.9 1.249 1 0.5 1 0.0206438 0.00206727
8.9 1.249 1 0.5 1.5 0.0196918 0.00245964
8.9 1.249 1 0.5 2 0.0188148 0.00299492
8.9 1.249 1 0.5 2.5 0.0180755 0.00332964
8.9 1.249 1 0.5 3 0.0175604 0.0036994
8.9 1.249 1 0.5 3.5 0.0168809 0.00395685
8.9 1.249 1 0.5 4 0.0166024 0.00415352
8.9 1.249 1 0.5 4.5 0.0160832 0.00469589
8.9 1.249 1 0.5 5 0.0156358 0.00492514
8.9 1.249 1 0.5 5.5 0.0154447 0.00522255

9 1.249 1 0.5 0 0.0226711 0.00505902
9 1.249 1 0.5 0.5 0.0213865 0.00144941
9 1.249 1 0.5 1 0.0205307 0.00202512
9 1.249 1 0.5 1.5 0.0195282 0.00252429
9 1.249 1 0.5 2 0.0187754 0.00289729
9 1.249 1 0.5 2.5 0.0179086 0.00330442
9 1.249 1 0.5 3 0.017317 0.00360781
9 1.249 1 0.5 3.5 0.016674 0.00402989
9 1.249 1 0.5 4 0.0162294 0.00420967
9 1.249 1 0.5 4.5 0.0158776 0.00458385
9 1.249 1 0.5 5 0.0154766 0.00470612
9 1.249 1 0.5 5.5 0.0152149 0.00535038

9.1 1.249 1 0.5 0 0.022543 0.0067325
9.1 1.249 1 0.5 0.5 0.0212611 0.00143434
9.1 1.249 1 0.5 1 0.0203176 0.00205994
9.1 1.249 1 0.5 1.5 0.0192722 0.00249983
9.1 1.249 1 0.5 2 0.0184675 0.00283955
9.1 1.249 1 0.5 2.5 0.0178136 0.003335
9.1 1.249 1 0.5 3 0.0170301 0.00369434
9.1 1.249 1 0.5 3.5 0.0166271 0.00390159
9.1 1.249 1 0.5 4 0.0162386 0.00428803
9.1 1.249 1 0.5 4.5 0.0157251 0.00447277
9.1 1.249 1 0.5 5 0.0154944 0.00487031
9.1 1.249 1 0.5 5.5 0.0149993 0.00507611

9.2 1.249 1 0.5 0 0.0228623 0.0104035
9.2 1.249 1 0.5 0.5 0.0210515 0.00140749
9.2 1.249 1 0.5 1 0.020066 0.00199075
9.2 1.249 1 0.5 1.5 0.0190626 0.00247057
9.2 1.249 1 0.5 2 0.0184017 0.00290026
9.2 1.249 1 0.5 2.5 0.0177243 0.00314968
9.2 1.249 1 0.5 3 0.0172238 0.00351871
9.2 1.249 1 0.5 3.5 0.0163439 0.00371285
9.2 1.249 1 0.5 4 0.0160618 0.00415504
9.2 1.249 1 0.5 4.5 0.0159307 0.004448
9.2 1.249 1 0.5 5 0.0156295 0.00469052
9.2 1.249 1 0.5 5.5 0.0144915 0.0053588

9.3 1.249 1 0.5 0 0.022234 0.00708749
9.3 1.249 1 0.5 0.5 0.0208032 0.00144663
9.3 1.249 1 0.5 1 0.0197883 0.00197989
9.3 1.249 1 0.5 1.5 0.0190165 0.00243735
9.3 1.249 1 0.5 2 0.0181654 0.00298525
9.3 1.249 1 0.5 2.5 0.0175205 0.0032454
9.3 1.249 1 0.5 3 0.0171292 0.00350066
9.3 1.249 1 0.5 3.5 0.0163072 0.00391515
9.3 1.249 1 0.5 4 0.0161494 0.00418767
9.3 1.249 1 0.5 4.5 0.0153931 0.00444735
9.3 1.249 1 0.5 5 0.0151754 0.00468101
9.3 1.249 1 0.5 5.5 0.0147105 0.0050159

9.4 1.249 1 0.5 0 0.0222165 0.0109758
9.4 1.249 1 0.5 0.5 0.0206294 0.00145003
9.4 1.249 1 0.5 1 0.0198259 0.00201996
9.4 1.249 1 0.5 1.5 0.0188588 0.00243521
9.4 1.249 1 0.5 2 0.0180437 0.00278781
9.4 1.249 1 0.5 2.5 0.0174016 0.00313098
9.4 1.249 1 0.5 3 0.0166334 0.00351232
9.4 1.249 1 0.5 3.5 0.0162127 0.00386046
9.4 1.249 1 0.5 4 0.0157822 0.00399991
9.4 1.249 1 0.5 4.5 0.015533 0.00440931
9.4 1.249 1 0.5 5 0.0151567 0.00468659
9.4 1.249 1 0.5 5.5 0.0146167 0.00489667

9.5 1.249 1 0.5 0 inf -nan
9.5 1.249 1 0.5 0.5 0.020458 0.00136166
9.5 1.249 1 0.5 1 0.0194935 0.00195622
9.5 1.249 1 0.5 1.5 0.0185967 0.00239341
9.5 1.249 1 0.5 2 0.0179059 0.00278795
9.5 1.249 1 0.5 2.5 0.0172187 0.00313043
9.5 1.249 1 0.5 3 0.0165565 0.00339646
9.5 1.249 1 0.5 3.5 0.0161974 0.00377942
9.5 1.249 1 0.5 4 0.0157607 0.00417011
9.5 1.249 1 0.5 4.5 0.0154595 0.00417673
9.5 1.249 1 0.5 5 0.0150327 0.00453431
9.5 1.249 1 0.5 5.5 0.0147104 0.00489597

9.6 1.249 1 0.5 0 0.021783 0.0104603
9.6 1.249 1 0.5 0.5 0.0202143 0.00137856
9.6 1.249 1 0.5 1 0.0195097 0.00188559
9.6 1.249 1 0.5 1.5 0.0185079 0.00243114
9.6 1.249 1 0.5 2 0.017817 0.00277421
9.6 1.249 1 0.5 2.5 0.0172106 0.00306575
9.6 1.249 1 0.5 3 0.0164178 0.00346778
9.6 1.249 1 0.5 3.5 0.016055 0.00371428
9.6 1.249 1 0.5 4 0.0154719 0.00410268
9.6 1.249 1 0.5 4.5 0.0155089 0.00420623
9.6 1.249 1 0.5 5 0.0150963 0.00455305
9.6 1.249 1 0.5 5.5 0.0146081 0.0047853

9.7 1.249 1 0.5 0 inf -nan
9.7 1.249 1 0.5 0.5 0.0200832 0.00136648
9.7 1.249 1 0.5 1 0.0192678 0.00194489
9.7 1.249 1 0.5 1.5 0.0183525 0.0023827
9.7 1.249 1 0.5 2 0.0175371 0.00273809
9.7 1.249 1 0.5 2.5 0.0168939 0.00303721
9.7 1.249 1 0.5 3 0.0165853 0.0033096
9.7 1.249 1 0.5 3.5 0.0157686 0.0037138
9.7 1.249 1 0.5 4 0.0153598 0.00421084
9.7 1.249 1 0.5 4.5 0.0150114 0.00417695
9.7 1.249 1 0.5 5 0.0148598 0.00456729
9.7 1.249 1 0.5 5.5 0.0139142 0.00481401

9.8 1.249 1 0.5 0 inf -nan
9.8 1.249 1 0.5 0.5 0.0198817 0.00141399
9.8 1.249 1 0.5 1 0.0189794 0.00194416
9.8 1.249 1 0.5 1.5 0.0182219 0.00231089
9.8 1.249 1 0.5 2 0.0174777 0.0026188
9.8 1.249 1 0.5 2.5 0.0166277 0.00307938
9.8 1.249 1 0.5 3 0.0161603 0.00338947
9.8 1.249 1 0.5 3.5 0.0156814 0.00364303
9.8 1.249 1 0.5 4 0.0155087 0.00379562
9.8 1.249 1 0.5 4.5 0.0151715 0.00449213
9.8 1.249 1 0.5 5 0.0145485 0.00449498
9.8 1.249 1 0.5 5.5 0.0143026 0.00478527

9.9 1.249 1 0.5 0 inf -nan
9.9 1.249 1 0.5 0.5 0.019694 0.00138544
9.9 1.249 1 0.5 1 0.0189954 0.00188363
9.9 1.249 1 0.5 1.5 0.0180475 0.00228669
9.9 1.249 1 0.5 2 0.0172889 0.00271067
9.9 1.249 1 0.5 2.5 0.01675 0.00308096
9.9 1.249 1 0.5 3 0.0159455 0.00336527
9.9 1.249 1 0.5 3.5 0.015581 0.00365621
9.9 1.249 1 0.5 4 0.0151731 0.00375127
9.9 1.249 1 0.5 4.5 0.0149212 0.00408304
9.9 1.249 1 0.5 5 0.0147281 0.00461672
9.9 1.249 1 0.5 5.5 0.0141372 0.00476548

10 1.249 1 0.5 0 inf -nan
10 1.249 1 0.5 0.5 inf -nan
10 1.249 1 0.5 1 0.0186754 0.00181837
10 1.249 1 0.5 1.5 0.0179612 0.00226515
10 1.249 1 0.5 2 0.0171968 0.00271389
10 1.249 1 0.5 2.5 0.0165251 0.00297658
10 1.249 1 0.5 3 0.0160655 0.00322607
10 1.249 1 0.5 3.5 0.0155882 0.00360861
10 1.249 1 0.5 4 0.0149975 0.00388346
10 1.249 1 0.5 4.5 0.0147617 0.00427761
10 1.249 1 0.5 5 0.0141766 0.00460683
10 1.249 1 0.5 5.5 0.0141759 0.00464534

