alpha b0 d sigma tau Gmean Gstd
0 1.1 1 1 1 0.099587 0.0339842
0 1.3 1 1 1 0.298699 0.029793
0 1.5 1 1 1 0.50076 0.0314763
0 1.7 1 1 1 inf -nan
0 1.9 1 1 1 inf -nan

0.1 1.1 1 1 1 0.0158763 0.0290427
0.1 1.3 1 1 1 0.200356 0.0263867
0.1 1.5 1 1 1 0.372594 0.0257531
0.1 1.7 1 1 1 0.541865 0.0251531
0.1 1.9 1 1 1 inf -nan

0.2 1.1 1 1 1 -0.0277518 0.0232727
0.2 1.3 1 1 1 0.146077 0.0271394
0.2 1.5 1 1 1 0.300609 0.0222824
0.2 1.7 1 1 1 0.457221 0.0239335
0.2 1.9 1 1 1 0.593816 0.0238181

0.3 1.1 1 1 1 -0.046662 0.0219777
0.3 1.3 1 1 1 0.113676 0.0207169
0.3 1.5 1 1 1 0.25937 0.02084
0.3 1.7 1 1 1 0.396724 0.0210386
0.3 1.9 1 1 1 0.522721 0.0193005

0.4 1.1 1 1 1 -0.060661 0.0227473
0.4 1.3 1 1 1 0.0913087 0.0213005
0.4 1.5 1 1 1 0.23003 0.0206987
0.4 1.7 1 1 1 0.355919 0.017536
0.4 1.9 1 1 1 0.472123 0.0173991

0.5 1.1 1 1 1 -0.0682115 0.0224609
0.5 1.3 1 1 1 0.078338 0.0203072
0.5 1.5 1 1 1 0.209616 0.0167817
0.5 1.7 1 1 1 0.324936 0.0176769
0.5 1.9 1 1 1 0.429719 0.0148083

0.6 1.1 1 1 1 -0.0727719 0.020183
0.6 1.3 1 1 1 0.0688498 0.0184272
0.6 1.5 1 1 1 0.187478 0.0154583
0.6 1.7 1 1 1 0.296158 0.0151857
0.6 1.9 1 1 1 0.394099 0.0143466

0.7 1.1 1 1 1 -0.0728721 0.0200133
0.7 1.3 1 1 1 0.0621674 0.0159283
0.7 1.5 1 1 1 0.178558 0.0130391
0.7 1.7 1 1 1 0.27808 0.0149019
0.7 1.9 1 1 1 0.368821 0.0100898

0.8 1.1 1 1 1 -0.0736019 0.0180842
0.8 1.3 1 1 1 0.0597413 0.0180931
0.8 1.5 1 1 1 0.167757 0.013943
0.8 1.7 1 1 1 0.261825 0.0123125
0.8 1.9 1 1 1 0.346684 0.0133002

0.9 1.1 1 1 1 -0.0711016 0.0205147
0.9 1.3 1 1 1 0.0561415 0.0150897
0.9 1.5 1 1 1 0.158544 0.0137922
0.9 1.7 1 1 1 0.246986 0.0113658
0.9 1.9 1 1 1 0.32409 0.0100885

1 1.1 1 1 1 -0.066088 0.0186449
1 1.3 1 1 1 0.0541137 0.0157079
1 1.5 1 1 1 0.150034 0.0123227
1 1.7 1 1 1 0.2356 0.0120131
1 1.9 1 1 1 0.305086 0.0102044

1.1 1.1 1 1 1 -0.0635336 0.0183265
1.1 1.3 1 1 1 0.0520511 0.0122182
1.1 1.5 1 1 1 0.144891 0.0137868
1.1 1.7 1 1 1 0.221705 0.0117216
1.1 1.9 1 1 1 0.29293 0.00885879

1.2 1.1 1 1 1 -0.0622362 0.0165125
1.2 1.3 1 1 1 0.0509444 0.0141059
1.2 1.5 1 1 1 0.138396 0.0119467
1.2 1.7 1 1 1 0.212128 0.0110527
1.2 1.9 1 1 1 0.276829 0.00930247

1.3 1.1 1 1 1 -0.0571962 0.0163023
1.3 1.3 1 1 1 0.0523045 0.0128402
1.3 1.5 1 1 1 0.132814 0.0111533
1.3 1.7 1 1 1 0.2031 0.00965315
1.3 1.9 1 1 1 0.264815 0.00833574

1.4 1.1 1 1 1 -0.0538665 0.0146152
1.4 1.3 1 1 1 0.0477986 0.011455
1.4 1.5 1 1 1 0.127001 0.0116292
1.4 1.7 1 1 1 0.195213 0.0105449
1.4 1.9 1 1 1 0.254046 0.00720731

1.5 1.1 1 1 1 -0.0468073 0.0144661
1.5 1.3 1 1 1 0.0480339 0.0124975
1.5 1.5 1 1 1 0.125602 0.00891997
1.5 1.7 1 1 1 0.18756 0.00919754
1.5 1.9 1 1 1 0.241915 0.00787383

1.6 1.1 1 1 1 -0.0441893 0.0152172
1.6 1.3 1 1 1 0.0492142 0.0106759
1.6 1.5 1 1 1 0.122041 0.0100665
1.6 1.7 1 1 1 0.182087 0.00805058
1.6 1.9 1 1 1 0.23299 0.00660798

1.7 1.1 1 1 1 -0.0421265 0.0147907
1.7 1.3 1 1 1 0.0465609 0.0110578
1.7 1.5 1 1 1 0.116676 0.00945411
1.7 1.7 1 1 1 0.174398 0.00810892
1.7 1.9 1 1 1 0.224252 0.00764728

1.8 1.1 1 1 1 -0.0385135 0.0141906
1.8 1.3 1 1 1 0.0473019 0.0109027
1.8 1.5 1 1 1 0.115031 0.0084485
1.8 1.7 1 1 1 0.168981 0.00827265
1.8 1.9 1 1 1 0.216722 0.00738358

1.9 1.1 1 1 1 -0.0373355 0.0136746
1.9 1.3 1 1 1 0.0462226 0.00916322
1.9 1.5 1 1 1 0.111013 0.00916554
1.9 1.7 1 1 1 0.162127 0.00879672
1.9 1.9 1 1 1 0.209726 0.00584202

2 1.1 1 1 1 -0.0331702 0.0133504
2 1.3 1 1 1 0.0467817 0.011135
2 1.5 1 1 1 0.108218 0.00799868
2 1.7 1 1 1 0.157792 0.00711266
2 1.9 1 1 1 0.2034 0.0066547

2.1 1.1 1 1 1 -0.0310062 0.0123552
2.1 1.3 1 1 1 0.0449487 0.00843536
2.1 1.5 1 1 1 0.103747 0.00755974
2.1 1.7 1 1 1 0.152804 0.00614058
2.1 1.9 1 1 1 0.196524 0.00515968

2.2 1.1 1 1 1 -0.0301929 0.0117294
2.2 1.3 1 1 1 0.044989 0.00931925
2.2 1.5 1 1 1 0.102128 0.00838634
2.2 1.7 1 1 1 0.149333 0.00667409
2.2 1.9 1 1 1 0.189992 0.00628324

2.3 1.1 1 1 1 -0.02793 0.013174
2.3 1.3 1 1 1 0.0452163 0.0101046
2.3 1.5 1 1 1 0.101052 0.00842446
2.3 1.7 1 1 1 0.146592 0.00639974
2.3 1.9 1 1 1 0.184729 0.0051496

2.4 1.1 1 1 1 -0.0222754 0.0108904
2.4 1.3 1 1 1 0.0453698 0.00786259
2.4 1.5 1 1 1 0.0979728 0.006892
2.4 1.7 1 1 1 0.142213 0.00636518
2.4 1.9 1 1 1 0.179989 0.00589177

2.5 1.1 1 1 1 -0.0223257 0.0103914
2.5 1.3 1 1 1 0.044653 0.00838841
2.5 1.5 1 1 1 0.0943205 0.00638468
2.5 1.7 1 1 1 0.136493 0.00646895
2.5 1.9 1 1 1 0.174513 0.00535298

2.6 1.1 1 1 1 -0.021546 0.0104078
2.6 1.3 1 1 1 0.0438691 0.00817257
2.6 1.5 1 1 1 0.091599 0.00669286
2.6 1.7 1 1 1 0.133666 0.00558464
2.6 1.9 1 1 1 0.170117 0.00512121

2.7 1.1 1 1 1 -0.0182185 0.0108389
2.7 1.3 1 1 1 0.0437768 0.00874194
2.7 1.5 1 1 1 0.0908928 0.00579172
2.7 1.7 1 1 1 0.129845 0.0060704
2.7 1.9 1 1 1 0.165106 0.00507271

2.8 1.1 1 1 1 -0.0166198 0.0102232
2.8 1.3 1 1 1 0.0427638 0.00706642
2.8 1.5 1 1 1 0.0881731 0.00685089
2.8 1.7 1 1 1 0.127042 0.00571337
2.8 1.9 1 1 1 0.160825 0.00528683

2.9 1.1 1 1 1 -0.0151049 0.0107228
2.9 1.3 1 1 1 0.0422441 0.00815258
2.9 1.5 1 1 1 0.0871424 0.00610807
2.9 1.7 1 1 1 0.125068 0.00569387
2.9 1.9 1 1 1 0.157469 0.00515142

3 1.1 1 1 1 -0.0146725 0.00927415
3 1.3 1 1 1 0.0415624 0.00702581
3 1.5 1 1 1 0.0849909 0.0062098
3 1.7 1 1 1 0.121773 0.00536106
3 1.9 1 1 1 0.153143 0.00443546

3.1 1.1 1 1 1 -0.01457 0.00963498
3.1 1.3 1 1 1 0.0411693 0.00738552
3.1 1.5 1 1 1 0.0835896 0.00657809
3.1 1.7 1 1 1 0.11867 0.00522144
3.1 1.9 1 1 1 0.149812 0.00496883

3.2 1.1 1 1 1 -0.0125768 0.00953044
3.2 1.3 1 1 1 0.0403899 0.00659238
3.2 1.5 1 1 1 0.0827939 0.00644605
3.2 1.7 1 1 1 0.11655 0.00521781
3.2 1.9 1 1 1 0.145814 0.00477753

3.3 1.1 1 1 1 -0.0121283 0.00983306
3.3 1.3 1 1 1 0.0401819 0.00773255
3.3 1.5 1 1 1 0.0805846 0.00553837
3.3 1.7 1 1 1 0.114209 0.00504002
3.3 1.9 1 1 1 0.142531 0.00448894

3.4 1.1 1 1 1 -0.00969418 0.00817926
3.4 1.3 1 1 1 0.0400012 0.007298
3.4 1.5 1 1 1 0.078969 0.00569074
3.4 1.7 1 1 1 0.111601 0.00492302
3.4 1.9 1 1 1 0.139776 0.00420536

3.5 1.1 1 1 1 -0.00966908 0.00962627
3.5 1.3 1 1 1 0.0393554 0.00691809
3.5 1.5 1 1 1 0.0773878 0.00492461
3.5 1.7 1 1 1 0.108574 0.00489973
3.5 1.9 1 1 1 0.13718 0.00431695

3.6 1.1 1 1 1 -0.00937246 0.00823317
3.6 1.3 1 1 1 0.0389636 0.00570173
3.6 1.5 1 1 1 0.0762991 0.00559642
3.6 1.7 1 1 1 0.107637 0.00429111
3.6 1.9 1 1 1 0.134613 0.00364896

3.7 1.1 1 1 1 -0.00786276 0.00788804
3.7 1.3 1 1 1 0.0389272 0.00748617
3.7 1.5 1 1 1 0.0752644 0.00505534
3.7 1.7 1 1 1 0.1037 0.00418594
3.7 1.9 1 1 1 0.131641 0.00357813

3.8 1.1 1 1 1 -0.00740927 0.00801277
3.8 1.3 1 1 1 0.0384073 0.00665741
3.8 1.5 1 1 1 0.0732332 0.0050665
3.8 1.7 1 1 1 0.102887 0.00390043
3.8 1.9 1 1 1 0.128606 0.00382395

3.9 1.1 1 1 1 -0.00769173 0.00713758
3.9 1.3 1 1 1 0.0369857 0.00567253
3.9 1.5 1 1 1 0.0721984 0.0053719
3.9 1.7 1 1 1 0.100239 0.00395083
3.9 1.9 1 1 1 0.126356 0.00370777

4 1.1 1 1 1 -0.00660584 0.00783991
4 1.3 1 1 1 0.0359999 0.00650577
4 1.5 1 1 1 0.0697842 0.00464442
4 1.7 1 1 1 0.099114 0.00471336
4 1.9 1 1 1 0.12359 0.003779

4.1 1.1 1 1 1 -0.00664113 0.00773864
4.1 1.3 1 1 1 0.037119 0.0050587
4.1 1.5 1 1 1 0.0688949 0.00446765
4.1 1.7 1 1 1 0.0974827 0.00372429
4.1 1.9 1 1 1 0.121358 0.00345222

4.2 1.1 1 1 1 -0.00561917 0.00790679
4.2 1.3 1 1 1 0.0374605 0.00549733
4.2 1.5 1 1 1 0.0684293 0.00454115
4.2 1.7 1 1 1 0.0953724 0.00411213
4.2 1.9 1 1 1 0.119473 0.00321512

4.3 1.1 1 1 1 -0.003968 0.00691791
4.3 1.3 1 1 1 0.0362081 0.00594201
4.3 1.5 1 1 1 0.0668487 0.00448159
4.3 1.7 1 1 1 0.0931699 0.00429951
4.3 1.9 1 1 1 0.117092 0.00378905

4.4 1.1 1 1 1 -0.00497858 0.00731312
4.4 1.3 1 1 1 0.035998 0.00497748
4.4 1.5 1 1 1 0.0660164 0.00474413
4.4 1.7 1 1 1 0.0918208 0.00335904
4.4 1.9 1 1 1 0.114252 0.00359832

4.5 1.1 1 1 1 -0.00416661 0.007457
4.5 1.3 1 1 1 0.0353489 0.0058456
4.5 1.5 1 1 1 0.0646307 0.00455505
4.5 1.7 1 1 1 0.0903877 0.00412748
4.5 1.9 1 1 1 0.112765 0.00311205

4.6 1.1 1 1 1 -0.00366514 0.0072356
4.6 1.3 1 1 1 0.0346986 0.00530348
4.6 1.5 1 1 1 0.0636961 0.00470681
4.6 1.7 1 1 1 0.0894886 0.00334517
4.6 1.9 1 1 1 0.110373 0.00368073

4.7 1.1 1 1 1 -0.00377419 0.00668253
4.7 1.3 1 1 1 0.0332841 0.00514883
4.7 1.5 1 1 1 0.0633644 0.00454555
4.7 1.7 1 1 1 0.0884632 0.00383489
4.7 1.9 1 1 1 0.108924 0.00312997

4.8 1.1 1 1 1 -0.0029358 0.00640916
4.8 1.3 1 1 1 0.0330122 0.00566748
4.8 1.5 1 1 1 0.0628239 0.00433829
4.8 1.7 1 1 1 0.0857741 0.0032642
4.8 1.9 1 1 1 0.107275 0.00318602

4.9 1.1 1 1 1 -0.00307388 0.00683795
4.9 1.3 1 1 1 0.0327539 0.00496208
4.9 1.5 1 1 1 0.0613239 0.00412242
4.9 1.7 1 1 1 0.0843952 0.0039518
4.9 1.9 1 1 1 0.105114 0.00309282

5 1.1 1 1 1 -0.00371866 0.00695284
5 1.3 1 1 1 0.03267 0.00523926
5 1.5 1 1 1 0.0598535 0.00430169
5 1.7 1 1 1 0.083971 0.00351668
5 1.9 1 1 1 0.103254 0.00309896

5.1 1.1 1 1 1 -0.00244305 0.00659859
5.1 1.3 1 1 1 0.0314869 0.00522495
5.1 1.5 1 1 1 0.0582994 0.00399843
5.1 1.7 1 1 1 0.082309 0.00365137
5.1 1.9 1 1 1 0.102078 0.00307732

5.2 1.1 1 1 1 -0.00248389 0.00577759
5.2 1.3 1 1 1 0.032011 0.00498407
5.2 1.5 1 1 1 0.0587187 0.00379822
5.2 1.7 1 1 1 0.0808661 0.00325434
5.2 1.9 1 1 1 0.100158 0.00281703

5.3 1.1 1 1 1 -0.00155141 0.00716165
5.3 1.3 1 1 1 0.030077 0.0051882
5.3 1.5 1 1 1 0.0585293 0.00298551
5.3 1.7 1 1 1 0.0795692 0.00288598
5.3 1.9 1 1 1 0.0988866 0.00301975

5.4 1.1 1 1 1 -0.00167404 0.00695007
5.4 1.3 1 1 1 0.0306319 0.00470654
5.4 1.5 1 1 1 0.055986 0.00367119
5.4 1.7 1 1 1 0.0786291 0.00311759
5.4 1.9 1 1 1 0.0969546 0.00267546

5.5 1.1 1 1 1 -0.000838187 0.00714678
5.5 1.3 1 1 1 0.0309261 0.00500358
5.5 1.5 1 1 1 0.0556735 0.00393537
5.5 1.7 1 1 1 0.0772277 0.00347341
5.5 1.9 1 1 1 0.095961 0.00282718

5.6 1.1 1 1 1 -0.00140008 0.00738789
5.6 1.3 1 1 1 0.03025 0.00414657
5.6 1.5 1 1 1 0.0551201 0.00364676
5.6 1.7 1 1 1 0.076507 0.00298569
5.6 1.9 1 1 1 0.0945969 0.00242837

5.7 1.1 1 1 1 -0.000935901 0.00684663
5.7 1.3 1 1 1 0.0301615 0.0045607
5.7 1.5 1 1 1 0.0543777 0.00372173
5.7 1.7 1 1 1 0.075738 0.00334374
5.7 1.9 1 1 1 0.0935952 0.00291001

5.8 1.1 1 1 1 -0.00172241 0.00642193
5.8 1.3 1 1 1 0.028967 0.00422477
5.8 1.5 1 1 1 0.0538143 0.00353861
5.8 1.7 1 1 1 0.0742802 0.00301413
5.8 1.9 1 1 1 0.0913736 0.00277111

5.9 1.1 1 1 1 -0.000333191 0.0055872
5.9 1.3 1 1 1 0.0297722 0.00444313
5.9 1.5 1 1 1 0.0529515 0.00375981
5.9 1.7 1 1 1 0.073197 0.00338115
5.9 1.9 1 1 1 0.0903783 0.00241589

6 1.1 1 1 1 -9.31299e-06 0.00598142
6 1.3 1 1 1 0.0285086 0.00456595
6 1.5 1 1 1 0.0524129 0.00392558
6 1.7 1 1 1 0.0722638 0.00305451
6 1.9 1 1 1 0.0891751 0.00261618

6.1 1.1 1 1 1 -0.000832082 0.00612939
6.1 1.3 1 1 1 0.0288675 0.00415545
6.1 1.5 1 1 1 0.0516752 0.00328406
6.1 1.7 1 1 1 0.0708387 0.0031913
6.1 1.9 1 1 1 0.0880001 0.0025678

6.2 1.1 1 1 1 0.000172191 0.00576586
6.2 1.3 1 1 1 0.0280084 0.00459505
6.2 1.5 1 1 1 0.0511533 0.00364843
6.2 1.7 1 1 1 0.0698004 0.00307644
6.2 1.9 1 1 1 0.0861123 0.00258607

6.3 1.1 1 1 1 -0.000249674 0.00549828
6.3 1.3 1 1 1 0.0279658 0.00410039
6.3 1.5 1 1 1 0.0501231 0.00318378
6.3 1.7 1 1 1 0.0689585 0.00292811
6.3 1.9 1 1 1 0.0859113 0.00260378

6.4 1.1 1 1 1 0.000820242 0.00534503
6.4 1.3 1 1 1 0.0280969 0.00404831
6.4 1.5 1 1 1 0.0493935 0.00367656
6.4 1.7 1 1 1 0.0677419 0.00300142
6.4 1.9 1 1 1 0.0846047 0.00247514

6.5 1.1 1 1 1 3.57197e-05 0.00549162
6.5 1.3 1 1 1 0.0273166 0.00457686
6.5 1.5 1 1 1 0.04839 0.00317857
6.5 1.7 1 1 1 0.0676464 0.0025895
6.5 1.9 1 1 1 0.0834498 0.00262292

6.6 1.1 1 1 1 0.000343489 0.00516919
6.6 1.3 1 1 1 0.0265797 0.00378977
6.6 1.5 1 1 1 0.0485864 0.00361386
6.6 1.7 1 1 1 0.0665334 0.00287803
6.6 1.9 1 1 1 0.082442 0.00278772

6.7 1.1 1 1 1 0.000684775 0.00533952
6.7 1.3 1 1 1 0.0267292 0.00377488
6.7 1.5 1 1 1 0.0478515 0.00318479
6.7 1.7 1 1 1 0.065728 0.00280485
6.7 1.9 1 1 1 0.081446 0.00231141

6.8 1.1 1 1 1 0.000869969 0.00548195
6.8 1.3 1 1 1 0.0269524 0.00407681
6.8 1.5 1 1 1 0.0475448 0.00327899
6.8 1.7 1 1 1 0.0647373 0.00306548
6.8 1.9 1 1 1 0.0804402 0.00235984

6.9 1.1 1 1 1 0.00062649 0.00528015
6.9 1.3 1 1 1 0.0263873 0.00342044
6.9 1.5 1 1 1 0.0464576 0.00317106
6.9 1.7 1 1 1 0.0644316 0.00260961
6.9 1.9 1 1 1 0.0793205 0.00234702

7 1.1 1 1 1 0.000685556 0.00521549
7 1.3 1 1 1 0.0260004 0.00360307
7 1.5 1 1 1 0.0462161 0.00340794
7 1.7 1 1 1 0.0634161 0.0027195
7 1.9 1 1 1 0.0783456 0.00239403

7.1 1.1 1 1 1 0.00096425 0.00474904
7.1 1.3 1 1 1 0.0260757 0.00364282
7.1 1.5 1 1 1 0.045385 0.00327288
7.1 1.7 1 1 1 0.0623144 0.00257304
7.1 1.9 1 1 1 0.0774497 0.00215938

7.2 1.1 1 1 1 0.00104639 0.00425921
7.2 1.3 1 1 1 0.0256825 0.00389315
7.2 1.5 1 1 1 0.0443993 0.00337508
7.2 1.7 1 1 1 0.0618563 0.00263694
7.2 1.9 1 1 1 0.0763714 0.0023089

7.3 1.1 1 1 1 0.000679688 0.00566827
7.3 1.3 1 1 1 0.0244221 0.00361134
7.3 1.5 1 1 1 0.0444782 0.00350578
7.3 1.7 1 1 1 0.0607601 0.0029129
7.3 1.9 1 1 1 0.0753081 0.00202261

7.4 1.1 1 1 1 0.00130861 0.00489137
7.4 1.3 1 1 1 0.0254157 0.00339344
7.4 1.5 1 1 1 0.0447253 0.0029552
7.4 1.7 1 1 1 0.0607412 0.00252997
7.4 1.9 1 1 1 0.0745468 0.00224885

7.5 1.1 1 1 1 0.0012303 0.00509673
7.5 1.3 1 1 1 0.0251289 0.00349701
7.5 1.5 1 1 1 0.0440758 0.00299641
7.5 1.7 1 1 1 0.0597916 0.00234811
7.5 1.9 1 1 1 0.0739138 0.0021995

7.6 1.1 1 1 1 0.00202369 0.00494577
7.6 1.3 1 1 1 0.0247556 0.00360446
7.6 1.5 1 1 1 0.0432117 0.00291685
7.6 1.7 1 1 1 0.0590661 0.00271209
7.6 1.9 1 1 1 0.0728036 0.00205256

7.7 1.1 1 1 1 0.000992637 0.00483815
7.7 1.3 1 1 1 0.0246024 0.00448533
7.7 1.5 1 1 1 0.0422547 0.00278827
7.7 1.7 1 1 1 0.058195 0.00235307
7.7 1.9 1 1 1 0.0721687 0.00201058

7.8 1.1 1 1 1 0.000867406 0.00420306
7.8 1.3 1 1 1 0.0242379 0.00353577
7.8 1.5 1 1 1 0.0420901 0.00302961
7.8 1.7 1 1 1 0.0576922 0.00237811
7.8 1.9 1 1 1 0.0714494 0.00210706

7.9 1.1 1 1 1 0.0022206 0.00524053
7.9 1.3 1 1 1 0.0234849 0.00388574
7.9 1.5 1 1 1 0.0414931 0.00231997
7.9 1.7 1 1 1 0.0573691 0.00248169
7.9 1.9 1 1 1 0.0703436 0.00197297

8 1.1 1 1 1 0.0017002 0.00435195
8 1.3 1 1 1 0.0230764 0.00357003
8 1.5 1 1 1 0.0410842 0.00317429
8 1.7 1 1 1 0.0568496 0.00237866
8 1.9 1 1 1 0.0691606 0.00235051

8.1 1.1 1 1 1 0.00103236 0.00488846
8.1 1.3 1 1 1 0.0238535 0.00375412
8.1 1.5 1 1 1 0.0404933 0.00266372
8.1 1.7 1 1 1 0.0558688 0.00232332
8.1 1.9 1 1 1 0.068783 0.00239219

8.2 1.1 1 1 1 0.00123736 0.00460235
8.2 1.3 1 1 1 0.022455 0.00288757
8.2 1.5 1 1 1 0.0405381 0.00308648
8.2 1.7 1 1 1 0.0557138 0.00216101
8.2 1.9 1 1 1 0.0682751 0.00225023

8.3 1.1 1 1 1 0.000241885 0.00470036
8.3 1.3 1 1 1 0.0226966 0.00352705
8.3 1.5 1 1 1 0.0401022 0.00305334
8.3 1.7 1 1 1 0.0548738 0.00238757
8.3 1.9 1 1 1 0.0673947 0.0021628

8.4 1.1 1 1 1 0.00209757 0.00416632
8.4 1.3 1 1 1 0.0225468 0.0033782
8.4 1.5 1 1 1 0.0401093 0.00275814
8.4 1.7 1 1 1 0.0542458 0.00226446
8.4 1.9 1 1 1 0.0665627 0.00197206

8.5 1.1 1 1 1 0.00119201 0.00407318
8.5 1.3 1 1 1 0.0233828 0.00340708
8.5 1.5 1 1 1 0.0390526 0.00265759
8.5 1.7 1 1 1 0.0535781 0.00213066
8.5 1.9 1 1 1 0.0659121 0.00218397

8.6 1.1 1 1 1 0.00156051 0.00418711
8.6 1.3 1 1 1 0.0220309 0.00353541
8.6 1.5 1 1 1 0.0387426 0.00312373
8.6 1.7 1 1 1 0.0534108 0.00249287
8.6 1.9 1 1 1 0.0658598 0.00242099

8.7 1.1 1 1 1 0.00158149 0.00439291
8.7 1.3 1 1 1 0.022002 0.00346476
8.7 1.5 1 1 1 0.0387598 0.00309023
8.7 1.7 1 1 1 0.0523647 0.00215903
8.7 1.9 1 1 1 0.0646513 0.00209774

8.8 1.1 1 1 1 0.00113044 0.00449358
8.8 1.3 1 1 1 0.0216043 0.00334944
8.8 1.5 1 1 1 0.0379873 0.00326326
8.8 1.7 1 1 1 0.0523262 0.00196232
8.8 1.9 1 1 1 0.0638006 0.00198118

8.9 1.1 1 1 1 0.00193646 0.00442792
8.9 1.3 1 1 1 0.022194 0.00297561
8.9 1.5 1 1 1 0.0377866 0.00266644
8.9 1.7 1 1 1 0.0513026 0.00201411
8.9 1.9 1 1 1 0.0633749 0.00201328

9 1.1 1 1 1 0.00270725 0.0039645
9 1.3 1 1 1 0.021366 0.00339028
9 1.5 1 1 1 0.0374891 0.00263812
9 1.7 1 1 1 0.0507351 0.00229366
9 1.9 1 1 1 0.0626414 0.00201305

9.1 1.1 1 1 1 0.00155059 0.00418803
9.1 1.3 1 1 1 0.0214124 0.0033544
9.1 1.5 1 1 1 0.0369057 0.0025694
9.1 1.7 1 1 1 0.0506751 0.002309
9.1 1.9 1 1 1 0.0621159 0.00210453

9.2 1.1 1 1 1 0.0017176 0.00467938
9.2 1.3 1 1 1 0.0211306 0.00315704
9.2 1.5 1 1 1 0.0365167 0.00281124
9.2 1.7 1 1 1 0.0501578 0.00210008
9.2 1.9 1 1 1 0.0617967 0.00211185

9.3 1.1 1 1 1 0.00152408 0.00398468
9.3 1.3 1 1 1 0.0207783 0.00317554
9.3 1.5 1 1 1 0.0367953 0.00264581
9.3 1.7 1 1 1 0.0498778 0.00199353
9.3 1.9 1 1 1 0.0611937 0.00166932

9.4 1.1 1 1 1 0.000845835 0.00362412
9.4 1.3 1 1 1 0.0208252 0.00307237
9.4 1.5 1 1 1 0.0356764 0.00253517
9.4 1.7 1 1 1 0.0491907 0.00208095
9.4 1.9 1 1 1 0.0601452 0.00186841

9.5 1.1 1 1 1 0.000965655 0.00392322
9.5 1.3 1 1 1 0.0203421 0.00324661
9.5 1.5 1 1 1 0.03559 0.00254689
9.5 1.7 1 1 1 0.0485876 0.0021321
9.5 1.9 1 1 1 0.0598615 0.00180771

9.6 1.1 1 1 1 0.00189793 0.00418487
9.6 1.3 1 1 1 0.0204939 0.00291811
9.6 1.5 1 1 1 0.0358951 0.00241522
9.6 1.7 1 1 1 0.0484312 0.00199086
9.6 1.9 1 1 1 0.0592164 0.00182912

9.7 1.1 1 1 1 0.00119892 0.00394029
9.7 1.3 1 1 1 0.0203151 0.00275434
9.7 1.5 1 1 1 0.0351358 0.00246776
9.7 1.7 1 1 1 0.0478065 0.00212555
9.7 1.9 1 1 1 0.0590711 0.00174232

9.8 1.1 1 1 1 0.0025929 0.00400327
9.8 1.3 1 1 1 0.0202502 0.00271104
9.8 1.5 1 1 1 0.0347031 0.00224593
9.8 1.7 1 1 1 0.0471122 0.00206837
9.8 1.9 1 1 1 0.0584807 0.00175976

9.9 1.1 1 1 1 0.00184386 0.00405364
9.9 1.3 1 1 1 0.0199393 0.00266837
9.9 1.5 1 1 1 0.0351032 0.00283305
9.9 1.7 1 1 1 0.0467632 0.00199415
9.9 1.9 1 1 1 0.0578212 0.00206821

10 1.1 1 1 1 0.00123556 0.00423495
10 1.3 1 1 1 0.0195438 0.00313928
10 1.5 1 1 1 0.0344216 0.00274489
10 1.7 1 1 1 0.0460488 0.00197225
10 1.9 1 1 1 0.0571566 0.0015993

